0.000000e+00 0.000000e+00 -1.000000e+00
2.556718e+01 3.892656e-06 -9.990000e-01
4.894934e+01 7.611861e-06 -9.980000e-01
7.026983e+01 1.116054e-05 -9.970000e-01
8.964649e+01 1.454163e-05 -9.960000e-01
1.071919e+02 1.775804e-05 -9.950000e-01
1.230133e+02 2.081270e-05 -9.940000e-01
1.372135e+02 2.370854e-05 -9.930000e-01
1.498900e+02 2.644848e-05 -9.920000e-01
1.611363e+02 2.903544e-05 -9.910000e-01
1.710411e+02 3.147234e-05 -9.900000e-01
1.796892e+02 3.376210e-05 -9.890000e-01
1.871611e+02 3.590765e-05 -9.880000e-01
1.935337e+02 3.791189e-05 -9.870000e-01
1.988801e+02 3.977775e-05 -9.860000e-01
2.032696e+02 4.150815e-05 -9.850000e-01
2.067683e+02 4.310600e-05 -9.840000e-01
2.094390e+02 4.457422e-05 -9.830000e-01
2.113414e+02 4.591572e-05 -9.820000e-01
2.125318e+02 4.713341e-05 -9.810000e-01
2.130640e+02 4.823022e-05 -9.800000e-01
2.129889e+02 4.920904e-05 -9.790000e-01
2.123547e+02 5.007280e-05 -9.780000e-01
2.112069e+02 5.082440e-05 -9.770000e-01
2.095888e+02 5.146675e-05 -9.760000e-01
2.075412e+02 5.200276e-05 -9.750000e-01
2.051027e+02 5.243534e-05 -9.740000e-01
2.023097e+02 5.276740e-05 -9.730000e-01
1.991967e+02 5.300184e-05 -9.720000e-01
1.957960e+02 5.314157e-05 -9.710000e-01
1.921381e+02 5.318948e-05 -9.700000e-01
1.882519e+02 5.314850e-05 -9.690000e-01
1.841643e+02 5.302151e-05 -9.680000e-01
1.799007e+02 5.281142e-05 -9.670000e-01
1.754850e+02 5.252113e-05 -9.660000e-01
1.709393e+02 5.215354e-05 -9.650000e-01
1.662848e+02 5.171155e-05 -9.640000e-01
1.615408e+02 5.119806e-05 -9.630000e-01
1.567256e+02 5.061596e-05 -9.620000e-01
1.518563e+02 4.996815e-05 -9.610000e-01
1.469487e+02 4.925754e-05 -9.600000e-01
1.420175e+02 4.848700e-05 -9.590000e-01
1.370764e+02 4.765944e-05 -9.580000e-01
1.321380e+02 4.677775e-05 -9.570000e-01
1.272140e+02 4.584482e-05 -9.560000e-01
1.223153e+02 4.486353e-05 -9.550000e-01
1.174517e+02 4.383679e-05 -9.540000e-01
1.126323e+02 4.276748e-05 -9.530000e-01
1.078655e+02 4.165849e-05 -9.520000e-01
1.031589e+02 4.051271e-05 -9.510000e-01
9.851927e+01 3.933301e-05 -9.500000e-01
9.395295e+01 3.812230e-05 -9.490000e-01
8.946553e+01 3.688344e-05 -9.480000e-01
8.506203e+01 3.561933e-05 -9.470000e-01
8.074693e+01 3.433285e-05 -9.460000e-01
7.652417e+01 3.302688e-05 -9.450000e-01
7.239721e+01 3.170429e-05 -9.440000e-01
6.836905e+01 3.036798e-05 -9.430000e-01
6.444225e+01 2.902081e-05 -9.420000e-01
6.061895e+01 2.766567e-05 -9.410000e-01
5.690092e+01 2.630544e-05 -9.400000e-01
5.328957e+01 2.494298e-05 -9.390000e-01
4.978598e+01 2.358117e-05 -9.380000e-01
4.639089e+01 2.222289e-05 -9.370000e-01
4.310479e+01 2.087101e-05 -9.360000e-01
3.992786e+01 1.952840e-05 -9.350000e-01
3.686005e+01 1.819794e-05 -9.340000e-01
3.390105e+01 1.688248e-05 -9.330000e-01
3.105036e+01 1.558491e-05 -9.320000e-01
2.830727e+01 1.430808e-05 -9.310000e-01
2.567088e+01 1.305487e-05 -9.300000e-01
2.314011e+01 1.182814e-05 -9.290000e-01
2.071375e+01 1.063076e-05 -9.280000e-01
1.839043e+01 9.465584e-06 -9.270000e-01
1.616865e+01 8.335481e-06 -9.260000e-01
1.404680e+01 7.243311e-06 -9.250000e-01
1.202316e+01 6.191935e-06 -9.240000e-01
1.009590e+01 5.184213e-06 -9.230000e-01
8.263143e+00 4.223002e-06 -9.220000e-01
6.522898e+00 3.311161e-06 -9.210000e-01
4.873126e+00 2.451546e-06 -9.200000e-01
3.311729e+00 1.647011e-06 -9.190000e-01
1.836557e+00 9.004125e-07 -9.180000e-01
4.454210e-01 2.146020e-07 -9.170000e-01
8.639036e-01 1.029271e-06 -9.160000e-01
2.093669e+00 2.519968e-06 -9.150000e-01
3.246147e+00 3.947656e-06 -9.140000e-01
4.323627e+00 5.313287e-06 -9.130000e-01
5.328405e+00 6.617812e-06 -9.120000e-01
6.262784e+00 7.862186e-06 -9.110000e-01
7.129065e+00 9.047363e-06 -9.100000e-01
7.929544e+00 1.017430e-05 -9.090000e-01
8.666507e+00 1.124395e-05 -9.080000e-01
9.342228e+00 1.225727e-05 -9.070000e-01
9.958963e+00 1.321522e-05 -9.060000e-01
1.051895e+01 1.411876e-05 -9.050000e-01
1.102440e+01 1.496886e-05 -9.040000e-01
1.147750e+01 1.576647e-05 -9.030000e-01
1.188040e+01 1.651255e-05 -9.020000e-01
1.223524e+01 1.720808e-05 -9.010000e-01
1.254411e+01 1.785402e-05 -9.000000e-01
1.280906e+01 1.845133e-05 -8.990000e-01
1.303212e+01 1.900098e-05 -8.980000e-01
1.321526e+01 1.950394e-05 -8.970000e-01
1.336043e+01 1.996119e-05 -8.960000e-01
1.346954e+01 2.037368e-05 -8.950000e-01
1.354443e+01 2.074241e-05 -8.940000e-01
1.358692e+01 2.106833e-05 -8.930000e-01
1.359878e+01 2.135242e-05 -8.920000e-01
1.358175e+01 2.159567e-05 -8.910000e-01
1.353749e+01 2.179904e-05 -8.900000e-01
1.346765e+01 2.196352e-05 -8.890000e-01
1.337381e+01 2.209009e-05 -8.880000e-01
1.325752e+01 2.217972e-05 -8.870000e-01
1.312027e+01 2.223340e-05 -8.860000e-01
1.296351e+01 2.225211e-05 -8.850000e-01
1.278865e+01 2.223683e-05 -8.840000e-01
1.259704e+01 2.218856e-05 -8.830000e-01
1.238999e+01 2.210828e-05 -8.820000e-01
1.216877e+01 2.199698e-05 -8.810000e-01
1.193461e+01 2.185564e-05 -8.800000e-01
1.168867e+01 2.168526e-05 -8.790000e-01
1.143208e+01 2.148683e-05 -8.780000e-01
1.116595e+01 2.126135e-05 -8.770000e-01
1.089130e+01 2.100980e-05 -8.760000e-01
1.060914e+01 2.073318e-05 -8.750000e-01
1.032043e+01 2.043249e-05 -8.740000e-01
1.002608e+01 2.010874e-05 -8.730000e-01
9.726983e+00 1.976291e-05 -8.720000e-01
9.423966e+00 1.939601e-05 -8.710000e-01
9.117829e+00 1.900904e-05 -8.700000e-01
8.809331e+00 1.860300e-05 -8.690000e-01
8.499196e+00 1.817891e-05 -8.680000e-01
8.188109e+00 1.773776e-05 -8.670000e-01
7.876720e+00 1.728056e-05 -8.660000e-01
7.565643e+00 1.680833e-05 -8.650000e-01
7.255459e+00 1.632206e-05 -8.640000e-01
6.946716e+00 1.582279e-05 -8.630000e-01
6.639929e+00 1.531150e-05 -8.620000e-01
6.335581e+00 1.478923e-05 -8.610000e-01
6.034125e+00 1.425698e-05 -8.600000e-01
5.735986e+00 1.371578e-05 -8.590000e-01
5.441556e+00 1.316663e-05 -8.580000e-01
5.151204e+00 1.261057e-05 -8.570000e-01
4.865269e+00 1.204861e-05 -8.560000e-01
4.584064e+00 1.148177e-05 -8.550000e-01
4.307877e+00 1.091108e-05 -8.540000e-01
4.036973e+00 1.033756e-05 -8.530000e-01
3.771592e+00 9.762235e-06 -8.520000e-01
3.511951e+00 9.186141e-06 -8.510000e-01
3.258247e+00 8.610302e-06 -8.500000e-01
3.010655e+00 8.035749e-06 -8.490000e-01
2.769328e+00 7.463516e-06 -8.480000e-01
2.534404e+00 6.894634e-06 -8.470000e-01
2.305998e+00 6.330140e-06 -8.460000e-01
2.084210e+00 5.771070e-06 -8.450000e-01
1.869122e+00 5.218461e-06 -8.440000e-01
1.660799e+00 4.673352e-06 -8.430000e-01
1.459293e+00 4.136786e-06 -8.420000e-01
1.264639e+00 3.609803e-06 -8.410000e-01
1.076858e+00 3.093449e-06 -8.400000e-01
8.959596e-01 2.588767e-06 -8.390000e-01
7.219385e-01 2.096804e-06 -8.380000e-01
5.547786e-01 1.618610e-06 -8.370000e-01
3.944523e-01 1.155232e-06 -8.360000e-01
2.409211e-01 7.077239e-07 -8.350000e-01
9.413649e-02 2.771368e-07 -8.340000e-01
4.595939e-02 1.354835e-07 -8.330000e-01
1.794334e-01 5.296116e-07 -8.320000e-01
3.063609e-01 9.055298e-07 -8.310000e-01
4.268246e-01 1.263588e-06 -8.300000e-01
5.409149e-01 1.604135e-06 -8.290000e-01
6.487287e-01 1.927519e-06 -8.280000e-01
7.503691e-01 2.234083e-06 -8.270000e-01
8.459449e-01 2.524173e-06 -8.260000e-01
9.355705e-01 2.798131e-06 -8.250000e-01
1.019365e+00 3.056298e-06 -8.240000e-01
1.097451e+00 3.299012e-06 -8.230000e-01
1.169956e+00 3.526611e-06 -8.220000e-01
1.237011e+00 3.739433e-06 -8.210000e-01
1.298749e+00 3.937809e-06 -8.200000e-01
1.355309e+00 4.122075e-06 -8.190000e-01
1.406828e+00 4.292560e-06 -8.180000e-01
1.453447e+00 4.449595e-06 -8.170000e-01
1.495310e+00 4.593507e-06 -8.160000e-01
1.532561e+00 4.724623e-06 -8.150000e-01
1.565344e+00 4.843266e-06 -8.140000e-01
1.593807e+00 4.949761e-06 -8.130000e-01
1.618096e+00 5.044428e-06 -8.120000e-01
1.638357e+00 5.127587e-06 -8.110000e-01
1.654737e+00 5.199556e-06 -8.100000e-01
1.667384e+00 5.260651e-06 -8.090000e-01
1.676443e+00 5.311187e-06 -8.080000e-01
1.682059e+00 5.351476e-06 -8.070000e-01
1.684378e+00 5.381830e-06 -8.060000e-01
1.683542e+00 5.402558e-06 -8.050000e-01
1.679695e+00 5.413967e-06 -8.040000e-01
1.672975e+00 5.416364e-06 -8.030000e-01
1.663524e+00 5.410053e-06 -8.020000e-01
1.651478e+00 5.395336e-06 -8.010000e-01
1.636973e+00 5.372514e-06 -8.000000e-01
1.620142e+00 5.341886e-06 -7.990000e-01
1.601117e+00 5.303749e-06 -7.980000e-01
1.580026e+00 5.258398e-06 -7.970000e-01
1.556997e+00 5.206126e-06 -7.960000e-01
1.532153e+00 5.147227e-06 -7.950000e-01
1.505617e+00 5.081989e-06 -7.940000e-01
1.477508e+00 5.010700e-06 -7.930000e-01
1.447942e+00 4.933648e-06 -7.920000e-01
1.417032e+00 4.851116e-06 -7.910000e-01
1.384891e+00 4.763387e-06 -7.900000e-01
1.351625e+00 4.670741e-06 -7.890000e-01
1.317339e+00 4.573459e-06 -7.880000e-01
1.282137e+00 4.471816e-06 -7.870000e-01
1.246117e+00 4.366088e-06 -7.860000e-01
1.209376e+00 4.256548e-06 -7.850000e-01
1.172007e+00 4.143468e-06 -7.840000e-01
1.134099e+00 4.027116e-06 -7.830000e-01
1.095741e+00 3.907762e-06 -7.820000e-01
1.057016e+00 3.785669e-06 -7.810000e-01
1.018006e+00 3.661102e-06 -7.800000e-01
9.787882e-01 3.534323e-06 -7.790000e-01
9.394384e-01 3.405592e-06 -7.780000e-01
9.000284e-01 3.275166e-06 -7.770000e-01
8.606274e-01 3.143301e-06 -7.760000e-01
8.213017e-01 3.010251e-06 -7.750000e-01
7.821144e-01 2.876269e-06 -7.740000e-01
7.431260e-01 2.741603e-06 -7.730000e-01
7.043939e-01 2.606502e-06 -7.720000e-01
6.659728e-01 2.471212e-06 -7.710000e-01
6.279144e-01 2.335977e-06 -7.700000e-01
5.902681e-01 2.201038e-06 -7.690000e-01
5.530800e-01 2.066636e-06 -7.680000e-01
5.163939e-01 1.933008e-06 -7.670000e-01
4.802510e-01 1.800390e-06 -7.660000e-01
4.446898e-01 1.669015e-06 -7.650000e-01
4.097462e-01 1.539115e-06 -7.640000e-01
3.754537e-01 1.410919e-06 -7.630000e-01
3.418436e-01 1.284656e-06 -7.620000e-01
3.089444e-01 1.160549e-06 -7.610000e-01
2.767826e-01 1.038822e-06 -7.600000e-01
2.453825e-01 9.196962e-07 -7.590000e-01
2.147659e-01 8.033903e-07 -7.580000e-01
1.849527e-01 6.901209e-07 -7.570000e-01
1.559607e-01 5.801025e-07 -7.560000e-01
1.278056e-01 4.735475e-07 -7.550000e-01
1.005011e-01 3.706659e-07 -7.540000e-01
7.405919e-02 2.716657e-07 -7.530000e-01
4.848982e-02 1.767527e-07 -7.520000e-01
2.380124e-02 8.613039e-08 -7.510000e-01
5.107026e-15 1.110223e-16 -7.500000e-01
2.290905e-02 8.147995e-08 -7.490000e-01
4.492264e-02 1.583154e-07 -7.480000e-01
6.603906e-02 2.305552e-07 -7.470000e-01
8.625804e-02 2.982503e-07 -7.460000e-01
1.055808e-01 3.614540e-07 -7.450000e-01
1.240098e-01 4.202221e-07 -7.440000e-01
1.415490e-01 4.746124e-07 -7.430000e-01
1.582033e-01 5.246851e-07 -7.420000e-01
1.739792e-01 5.705030e-07 -7.410000e-01
1.888840e-01 6.121308e-07 -7.400000e-01
2.029262e-01 6.496359e-07 -7.390000e-01
2.161153e-01 6.830880e-07 -7.380000e-01
2.284617e-01 7.125589e-07 -7.370000e-01
2.399769e-01 7.381232e-07 -7.360000e-01
2.506730e-01 7.598576e-07 -7.350000e-01
2.605632e-01 7.778414e-07 -7.340000e-01
2.696612e-01 7.921562e-07 -7.330000e-01
2.779816e-01 8.028861e-07 -7.320000e-01
2.855394e-01 8.101176e-07 -7.310000e-01
2.923506e-01 8.139396e-07 -7.300000e-01
2.984313e-01 8.144437e-07 -7.290000e-01
3.037985e-01 8.117239e-07 -7.280000e-01
3.084696e-01 8.058764e-07 -7.270000e-01
3.124621e-01 7.970004e-07 -7.260000e-01
3.157944e-01 7.851972e-07 -7.250000e-01
3.184848e-01 7.705710e-07 -7.240000e-01
3.205522e-01 7.532281e-07 -7.230000e-01
3.220155e-01 7.332779e-07 -7.220000e-01
3.228942e-01 7.108319e-07 -7.210000e-01
3.232075e-01 6.860045e-07 -7.200000e-01
3.229753e-01 6.589126e-07 -7.190000e-01
3.222171e-01 6.296756e-07 -7.180000e-01
3.209528e-01 5.984157e-07 -7.170000e-01
3.192023e-01 5.652577e-07 -7.160000e-01
3.169855e-01 5.303289e-07 -7.150000e-01
3.143223e-01 4.937595e-07 -7.140000e-01
3.112325e-01 4.556823e-07 -7.130000e-01
3.077359e-01 4.162328e-07 -7.120000e-01
3.038522e-01 3.755490e-07 -7.110000e-01
2.996010e-01 3.337719e-07 -7.100000e-01
2.950018e-01 2.910453e-07 -7.090000e-01
2.900738e-01 2.475154e-07 -7.080000e-01
2.848362e-01 2.033314e-07 -7.070000e-01
2.793077e-01 1.586453e-07 -7.060000e-01
2.735071e-01 1.136118e-07 -7.050000e-01
2.674529e-01 6.838842e-08 -7.040000e-01
2.611630e-01 2.313561e-08 -7.030000e-01
2.546555e-01 2.198346e-08 -7.020000e-01
2.479480e-01 6.680273e-08 -7.010000e-01
2.410576e-01 1.111532e-07 -7.000000e-01
2.340013e-01 1.548632e-07 -6.990000e-01
2.267958e-01 1.977579e-07 -6.980000e-01
2.194573e-01 2.396597e-07 -6.970000e-01
2.120017e-01 2.803880e-07 -6.960000e-01
2.044445e-01 3.197593e-07 -6.950000e-01
1.968009e-01 3.575872e-07 -6.940000e-01
1.890857e-01 3.936822e-07 -6.930000e-01
1.813133e-01 4.278519e-07 -6.920000e-01
1.734976e-01 4.599008e-07 -6.910000e-01
1.656521e-01 4.896305e-07 -6.900000e-01
1.577900e-01 5.168395e-07 -6.890000e-01
1.499241e-01 5.413232e-07 -6.880000e-01
1.420667e-01 5.628740e-07 -6.870000e-01
1.342296e-01 5.812811e-07 -6.860000e-01
1.264244e-01 5.963307e-07 -6.850000e-01
1.186620e-01 6.078060e-07 -6.840000e-01
1.109530e-01 6.154867e-07 -6.830000e-01
1.033077e-01 6.191496e-07 -6.820000e-01
9.573571e-02 6.185684e-07 -6.810000e-01
8.824642e-02 6.135134e-07 -6.800000e-01
8.084869e-02 6.037519e-07 -6.790000e-01
7.355100e-02 5.890477e-07 -6.780000e-01
6.636138e-02 5.691615e-07 -6.770000e-01
5.928744e-02 5.438510e-07 -6.760000e-01
5.233639e-02 5.128702e-07 -6.750000e-01
4.551501e-02 4.759701e-07 -6.740000e-01
3.882969e-02 4.328981e-07 -6.730000e-01
3.228638e-02 3.833987e-07 -6.720000e-01
2.589068e-02 3.272126e-07 -6.710000e-01
1.964775e-02 2.640774e-07 -6.700000e-01
1.356238e-02 1.937273e-07 -6.690000e-01
7.638990e-03 1.158930e-07 -6.680000e-01
1.881598e-03 3.030178e-08 -6.670000e-01
3.706131e-03 6.328634e-08 -6.660000e-01
9.120901e-03 1.646953e-07 -6.650000e-01
1.435977e-02 2.734820e-07 -6.640000e-01
1.942014e-02 3.892021e-07 -6.630000e-01
2.429977e-02 5.114149e-07 -6.620000e-01
2.899674e-02 6.396832e-07 -6.610000e-01
3.350944e-02 7.735735e-07 -6.600000e-01
3.783661e-02 9.126557e-07 -6.590000e-01
4.197728e-02 1.056503e-06 -6.580000e-01
4.593077e-02 1.204694e-06 -6.570000e-01
4.969672e-02 1.356807e-06 -6.560000e-01
5.327503e-02 1.512429e-06 -6.550000e-01
5.666588e-02 1.671146e-06 -6.540000e-01
5.986972e-02 1.832552e-06 -6.530000e-01
6.288725e-02 1.996241e-06 -6.520000e-01
6.571943e-02 2.161813e-06 -6.510000e-01
6.836743e-02 2.328870e-06 -6.500000e-01
7.083269e-02 2.497020e-06 -6.490000e-01
7.311684e-02 2.665874e-06 -6.480000e-01
7.522173e-02 2.835045e-06 -6.470000e-01
7.714942e-02 3.004153e-06 -6.460000e-01
7.890215e-02 3.172819e-06 -6.450000e-01
8.048236e-02 3.340669e-06 -6.440000e-01
8.189264e-02 3.507334e-06 -6.430000e-01
8.313578e-02 3.672447e-06 -6.420000e-01
8.421471e-02 3.835646e-06 -6.410000e-01
8.513250e-02 3.996573e-06 -6.400000e-01
8.589238e-02 4.154875e-06 -6.390000e-01
8.649770e-02 4.310200e-06 -6.380000e-01
8.695194e-02 4.462203e-06 -6.370000e-01
8.725868e-02 4.610543e-06 -6.360000e-01
8.742162e-02 4.754880e-06 -6.350000e-01
8.744455e-02 4.894881e-06 -6.340000e-01
8.733137e-02 5.030217e-06 -6.330000e-01
8.708604e-02 5.160562e-06 -6.320000e-01
8.671260e-02 5.285596e-06 -6.310000e-01
8.621516e-02 5.405000e-06 -6.300000e-01
8.559789e-02 5.518462e-06 -6.290000e-01
8.486500e-02 5.625674e-06 -6.280000e-01
8.402077e-02 5.726331e-06 -6.270000e-01
8.306950e-02 5.820134e-06 -6.260000e-01
8.201551e-02 5.906787e-06 -6.250000e-01
8.086317e-02 5.985998e-06 -6.240000e-01
7.961685e-02 6.057481e-06 -6.230000e-01
7.828093e-02 6.120953e-06 -6.220000e-01
7.685982e-02 6.176137e-06 -6.210000e-01
7.535788e-02 6.222759e-06 -6.200000e-01
7.377951e-02 6.260550e-06 -6.190000e-01
7.212908e-02 6.289246e-06 -6.180000e-01
7.041094e-02 6.308586e-06 -6.170000e-01
6.862941e-02 6.318315e-06 -6.160000e-01
6.678880e-02 6.318183e-06 -6.150000e-01
6.489336e-02 6.307944e-06 -6.140000e-01
6.294732e-02 6.287355e-06 -6.130000e-01
6.095487e-02 6.256181e-06 -6.120000e-01
5.892015e-02 6.214189e-06 -6.110000e-01
5.684723e-02 6.161152e-06 -6.100000e-01
5.474014e-02 6.096847e-06 -6.090000e-01
5.260286e-02 6.021057e-06 -6.080000e-01
5.043928e-02 5.933569e-06 -6.070000e-01
4.825326e-02 5.834175e-06 -6.060000e-01
4.604854e-02 5.722671e-06 -6.050000e-01
4.382884e-02 5.598859e-06 -6.040000e-01
4.159776e-02 5.462547e-06 -6.030000e-01
3.935885e-02 5.313546e-06 -6.020000e-01
3.711558e-02 5.151672e-06 -6.010000e-01
3.487130e-02 4.976748e-06 -6.000000e-01
3.262932e-02 4.788600e-06 -5.990000e-01
3.039282e-02 4.587060e-06 -5.980000e-01
2.816494e-02 4.371965e-06 -5.970000e-01
2.594867e-02 4.143157e-06 -5.960000e-01
2.374695e-02 3.900484e-06 -5.950000e-01
2.156260e-02 3.643799e-06 -5.940000e-01
1.939837e-02 3.372959e-06 -5.930000e-01
1.725688e-02 3.087828e-06 -5.920000e-01
1.514069e-02 2.788273e-06 -5.910000e-01
1.305222e-02 2.474170e-06 -5.900000e-01
1.099382e-02 2.145397e-06 -5.890000e-01
8.967728e-03 1.801839e-06 -5.880000e-01
6.976086e-03 1.443387e-06 -5.870000e-01
5.020933e-03 1.069935e-06 -5.860000e-01
3.104206e-03 6.813849e-07 -5.850000e-01
1.227744e-03 2.776438e-07 -5.840000e-01
6.067171e-04 1.413708e-07 -5.830000e-01
2.397540e-03 5.754151e-07 -5.820000e-01
4.143188e-03 1.023742e-06 -5.810000e-01
5.842225e-03 1.485558e-06 -5.800000e-01
7.493313e-03 1.960061e-06 -5.790000e-01
9.095211e-03 2.446444e-06 -5.780000e-01
1.064678e-02 2.943897e-06 -5.770000e-01
1.214696e-02 3.451599e-06 -5.760000e-01
1.359482e-02 3.968729e-06 -5.750000e-01
1.498950e-02 4.494454e-06 -5.740000e-01
1.633022e-02 5.027940e-06 -5.730000e-01
1.761633e-02 5.568345e-06 -5.720000e-01
1.884723e-02 6.114820e-06 -5.710000e-01
2.002245e-02 6.666512e-06 -5.700000e-01
2.114157e-02 7.222560e-06 -5.690000e-01
2.220427e-02 7.782098e-06 -5.680000e-01
2.321032e-02 8.344254e-06 -5.670000e-01
2.415958e-02 8.908149e-06 -5.660000e-01
2.505196e-02 9.472897e-06 -5.650000e-01
2.588748e-02 1.003761e-05 -5.640000e-01
2.666622e-02 1.060138e-05 -5.630000e-01
2.738835e-02 1.116332e-05 -5.620000e-01
2.805410e-02 1.172250e-05 -5.610000e-01
2.866376e-02 1.227802e-05 -5.600000e-01
2.921773e-02 1.282895e-05 -5.590000e-01
2.971643e-02 1.337436e-05 -5.580000e-01
3.016037e-02 1.391331e-05 -5.570000e-01
3.055013e-02 1.444486e-05 -5.560000e-01
3.088633e-02 1.496805e-05 -5.550000e-01
3.116965e-02 1.548194e-05 -5.540000e-01
3.140085e-02 1.598556e-05 -5.530000e-01
3.158072e-02 1.647794e-05 -5.520000e-01
3.171011e-02 1.695810e-05 -5.510000e-01
3.178991e-02 1.742505e-05 -5.500000e-01
3.182108e-02 1.787781e-05 -5.490000e-01
3.180460e-02 1.831537e-05 -5.480000e-01
3.174151e-02 1.873674e-05 -5.470000e-01
3.163288e-02 1.914089e-05 -5.460000e-01
3.147983e-02 1.952682e-05 -5.450000e-01
3.128349e-02 1.989348e-05 -5.440000e-01
3.104505e-02 2.023986e-05 -5.430000e-01
3.076572e-02 2.056490e-05 -5.420000e-01
3.044675e-02 2.086756e-05 -5.410000e-01
3.008940e-02 2.114679e-05 -5.400000e-01
2.969496e-02 2.140151e-05 -5.390000e-01
2.926474e-02 2.163066e-05 -5.380000e-01
2.880009e-02 2.183315e-05 -5.370000e-01
2.830236e-02 2.200791e-05 -5.360000e-01
2.777291e-02 2.215384e-05 -5.350000e-01
2.721313e-02 2.226984e-05 -5.340000e-01
2.662441e-02 2.235479e-05 -5.330000e-01
2.600816e-02 2.240758e-05 -5.320000e-01
2.536579e-02 2.242709e-05 -5.310000e-01
2.469872e-02 2.241218e-05 -5.300000e-01
2.400837e-02 2.236171e-05 -5.290000e-01
2.329617e-02 2.227453e-05 -5.280000e-01
2.256354e-02 2.214948e-05 -5.270000e-01
2.181191e-02 2.198541e-05 -5.260000e-01
2.104269e-02 2.178113e-05 -5.250000e-01
2.025730e-02 2.153547e-05 -5.240000e-01
1.945715e-02 2.124723e-05 -5.230000e-01
1.864365e-02 2.091521e-05 -5.220000e-01
1.781817e-02 2.053821e-05 -5.210000e-01
1.698209e-02 2.011502e-05 -5.200000e-01
1.613679e-02 1.964440e-05 -5.190000e-01
1.528362e-02 1.912513e-05 -5.180000e-01
1.442391e-02 1.855597e-05 -5.170000e-01
1.355897e-02 1.793566e-05 -5.160000e-01
1.269011e-02 1.726294e-05 -5.150000e-01
1.181861e-02 1.653655e-05 -5.140000e-01
1.094572e-02 1.575522e-05 -5.130000e-01
1.007268e-02 1.491765e-05 -5.120000e-01
9.200710e-03 1.402255e-05 -5.110000e-01
8.330993e-03 1.306862e-05 -5.100000e-01
7.464693e-03 1.205454e-05 -5.090000e-01
6.602947e-03 1.097900e-05 -5.080000e-01
5.746865e-03 9.840655e-06 -5.070000e-01
4.897528e-03 8.638170e-06 -5.060000e-01
4.055990e-03 7.370193e-06 -5.050000e-01
3.223273e-03 6.035364e-06 -5.040000e-01
2.400369e-03 4.632315e-06 -5.030000e-01
1.588242e-03 3.159666e-06 -5.020000e-01
7.878194e-04 1.616027e-06 -5.010000e-01
3.330669e-16 1.110223e-16 -5.000000e-01
7.743517e-04 1.688868e-06 -4.990000e-01
1.534404e-03 3.447216e-06 -4.980000e-01
2.279359e-03 5.270740e-06 -4.970000e-01
3.008453e-03 7.155141e-06 -4.960000e-01
3.720955e-03 9.096136e-06 -4.950000e-01
4.416172e-03 1.108945e-05 -4.940000e-01
5.093444e-03 1.313081e-05 -4.930000e-01
5.752143e-03 1.521597e-05 -4.920000e-01
6.391682e-03 1.734069e-05 -4.910000e-01
7.011506e-03 1.950072e-05 -4.900000e-01
7.611095e-03 2.169185e-05 -4.890000e-01
8.189964e-03 2.390986e-05 -4.880000e-01
8.747667e-03 2.615055e-05 -4.870000e-01
9.283788e-03 2.840974e-05 -4.860000e-01
9.797951e-03 3.068323e-05 -4.850000e-01
1.028981e-02 3.296687e-05 -4.840000e-01
1.075906e-02 3.525650e-05 -4.830000e-01
1.120543e-02 3.754796e-05 -4.820000e-01
1.162867e-02 3.983712e-05 -4.810000e-01
1.202858e-02 4.211987e-05 -4.800000e-01
1.240499e-02 4.439208e-05 -4.790000e-01
1.275776e-02 4.664966e-05 -4.780000e-01
1.308678e-02 4.888852e-05 -4.770000e-01
1.339199e-02 5.110458e-05 -4.760000e-01
1.367334e-02 5.329377e-05 -4.750000e-01
1.393081e-02 5.545205e-05 -4.740000e-01
1.416445e-02 5.757536e-05 -4.730000e-01
1.437428e-02 5.965969e-05 -4.720000e-01
1.456040e-02 6.170101e-05 -4.710000e-01
1.472292e-02 6.369532e-05 -4.700000e-01
1.486198e-02 6.563862e-05 -4.690000e-01
1.497775e-02 6.752694e-05 -4.680000e-01
1.507042e-02 6.935631e-05 -4.670000e-01
1.514022e-02 7.112278e-05 -4.660000e-01
1.518738e-02 7.282239e-05 -4.650000e-01
1.521220e-02 7.445123e-05 -4.640000e-01
1.521496e-02 7.600538e-05 -4.630000e-01
1.519599e-02 7.748093e-05 -4.620000e-01
1.515564e-02 7.887399e-05 -4.610000e-01
1.509426e-02 8.018070e-05 -4.600000e-01
1.501226e-02 8.139717e-05 -4.590000e-01
1.491003e-02 8.251958e-05 -4.580000e-01
1.478802e-02 8.354407e-05 -4.570000e-01
1.464667e-02 8.446683e-05 -4.560000e-01
1.448644e-02 8.528405e-05 -4.550000e-01
1.430782e-02 8.599193e-05 -4.540000e-01
1.411131e-02 8.658669e-05 -4.530000e-01
1.389744e-02 8.706458e-05 -4.520000e-01
1.366672e-02 8.742183e-05 -4.510000e-01
1.341970e-02 8.765470e-05 -4.500000e-01
1.315695e-02 8.775949e-05 -4.490000e-01
1.287903e-02 8.773247e-05 -4.480000e-01
1.258653e-02 8.756996e-05 -4.470000e-01
1.228004e-02 8.726827e-05 -4.460000e-01
1.196015e-02 8.682374e-05 -4.450000e-01
1.162749e-02 8.623272e-05 -4.440000e-01
1.128267e-02 8.549159e-05 -4.430000e-01
1.092631e-02 8.459672e-05 -4.420000e-01
1.055905e-02 8.354451e-05 -4.410000e-01
1.018152e-02 8.233137e-05 -4.400000e-01
9.794369e-03 8.095373e-05 -4.390000e-01
9.398239e-03 7.940804e-05 -4.380000e-01
8.993779e-03 7.769076e-05 -4.370000e-01
8.581637e-03 7.579837e-05 -4.360000e-01
8.162466e-03 7.372736e-05 -4.350000e-01
7.736917e-03 7.147423e-05 -4.340000e-01
7.305642e-03 6.903552e-05 -4.330000e-01
6.869290e-03 6.640778e-05 -4.320000e-01
6.428510e-03 6.358755e-05 -4.310000e-01
5.983948e-03 6.057141e-05 -4.300000e-01
5.536244e-03 5.735597e-05 -4.290000e-01
5.086038e-03 5.393784e-05 -4.280000e-01
4.633962e-03 5.031363e-05 -4.270000e-01
4.180644e-03 4.648001e-05 -4.260000e-01
3.726706e-03 4.243362e-05 -4.250000e-01
3.272760e-03 3.817117e-05 -4.240000e-01
2.819416e-03 3.368934e-05 -4.230000e-01
2.367270e-03 2.898485e-05 -4.220000e-01
1.916914e-03 2.405445e-05 -4.210000e-01
1.468927e-03 1.889488e-05 -4.200000e-01
1.023881e-03 1.350293e-05 -4.190000e-01
5.823348e-04 7.875384e-06 -4.180000e-01
1.448388e-04 2.009054e-06 -4.170000e-01
2.880699e-04 4.098403e-06 -4.160000e-01
7.158657e-04 1.043975e-05 -4.150000e-01
1.138036e-03 1.700154e-05 -4.140000e-01
1.554079e-03 2.377022e-05 -4.130000e-01
1.963511e-03 3.073222e-05 -4.120000e-01
2.365856e-03 3.787394e-05 -4.110000e-01
2.760658e-03 4.518175e-05 -4.100000e-01
3.147472e-03 5.264202e-05 -4.090000e-01
3.525869e-03 6.024109e-05 -4.080000e-01
3.895435e-03 6.796528e-05 -4.070000e-01
4.255773e-03 7.580089e-05 -4.060000e-01
4.606499e-03 8.373420e-05 -4.050000e-01
4.947249e-03 9.175146e-05 -4.040000e-01
5.277672e-03 9.983890e-05 -4.030000e-01
5.597436e-03 1.079828e-04 -4.020000e-01
5.906224e-03 1.161692e-04 -4.010000e-01
6.203738e-03 1.243844e-04 -4.000000e-01
6.489696e-03 1.326145e-04 -3.990000e-01
6.763832e-03 1.408456e-04 -3.980000e-01
7.025902e-03 1.490639e-04 -3.970000e-01
7.275674e-03 1.572554e-04 -3.960000e-01
7.512938e-03 1.654062e-04 -3.950000e-01
7.737499e-03 1.735022e-04 -3.940000e-01
7.949182e-03 1.815296e-04 -3.930000e-01
8.147828e-03 1.894742e-04 -3.920000e-01
8.333296e-03 1.973221e-04 -3.910000e-01
8.505463e-03 2.050592e-04 -3.900000e-01
8.664226e-03 2.126714e-04 -3.890000e-01
8.809495e-03 2.201446e-04 -3.880000e-01
8.941202e-03 2.274646e-04 -3.870000e-01
9.059295e-03 2.346173e-04 -3.860000e-01
9.163739e-03 2.415885e-04 -3.850000e-01
9.254515e-03 2.483640e-04 -3.840000e-01
9.331625e-03 2.549295e-04 -3.830000e-01
9.395084e-03 2.612708e-04 -3.820000e-01
9.444927e-03 2.673736e-04 -3.810000e-01
9.481202e-03 2.732235e-04 -3.800000e-01
9.503977e-03 2.788062e-04 -3.790000e-01
9.513335e-03 2.841074e-04 -3.780000e-01
9.509372e-03 2.891126e-04 -3.770000e-01
9.492205e-03 2.938074e-04 -3.760000e-01
9.461963e-03 2.981774e-04 -3.750000e-01
9.418789e-03 3.022080e-04 -3.740000e-01
9.362844e-03 3.058848e-04 -3.730000e-01
9.294301e-03 3.091932e-04 -3.720000e-01
9.213350e-03 3.121186e-04 -3.710000e-01
9.120190e-03 3.146464e-04 -3.700000e-01
9.015038e-03 3.167621e-04 -3.690000e-01
8.898123e-03 3.184509e-04 -3.680000e-01
8.769685e-03 3.196981e-04 -3.670000e-01
8.629978e-03 3.204890e-04 -3.660000e-01
8.479267e-03 3.208089e-04 -3.650000e-01
8.317830e-03 3.206430e-04 -3.640000e-01
8.145954e-03 3.199765e-04 -3.630000e-01
7.963939e-03 3.187945e-04 -3.620000e-01
7.772093e-03 3.170821e-04 -3.610000e-01
7.570736e-03 3.148244e-04 -3.600000e-01
7.360196e-03 3.120065e-04 -3.590000e-01
7.140810e-03 3.086135e-04 -3.580000e-01
6.912923e-03 3.046302e-04 -3.570000e-01
6.676891e-03 3.000416e-04 -3.560000e-01
6.433074e-03 2.948327e-04 -3.550000e-01
6.181840e-03 2.889884e-04 -3.540000e-01
5.923566e-03 2.824934e-04 -3.530000e-01
5.658632e-03 2.753327e-04 -3.520000e-01
5.387425e-03 2.674910e-04 -3.510000e-01
5.110337e-03 2.589529e-04 -3.500000e-01
4.827766e-03 2.497033e-04 -3.490000e-01
4.540112e-03 2.397269e-04 -3.480000e-01
4.247780e-03 2.290081e-04 -3.470000e-01
3.951178e-03 2.175317e-04 -3.460000e-01
3.650717e-03 2.052822e-04 -3.450000e-01
3.346810e-03 1.922441e-04 -3.440000e-01
3.039871e-03 1.784019e-04 -3.430000e-01
2.730318e-03 1.637400e-04 -3.420000e-01
2.418567e-03 1.482428e-04 -3.410000e-01
2.105034e-03 1.318947e-04 -3.400000e-01
1.790139e-03 1.146800e-04 -3.390000e-01
1.474296e-03 9.658303e-05 -3.380000e-01
1.157922e-03 7.758797e-05 -3.370000e-01
8.414295e-04 5.767902e-05 -3.360000e-01
5.252317e-04 3.684035e-05 -3.350000e-01
2.097376e-04 1.505607e-05 -3.340000e-01
1.046463e-04 7.689325e-06 -3.330000e-01
4.175168e-04 3.138472e-05 -3.320000e-01
7.284744e-04 5.597780e-05 -3.310000e-01
1.037124e-03 8.141271e-05 -3.300000e-01
1.343075e-03 1.076337e-04 -3.290000e-01
1.645943e-03 1.345850e-04 -3.280000e-01
1.945346e-03 1.622108e-04 -3.270000e-01
2.240912e-03 1.904557e-04 -3.260000e-01
2.532272e-03 2.192639e-04 -3.250000e-01
2.819065e-03 2.485799e-04 -3.240000e-01
3.100937e-03 2.783482e-04 -3.230000e-01
3.377541e-03 3.085133e-04 -3.220000e-01
3.648539e-03 3.390198e-04 -3.210000e-01
3.913599e-03 3.698124e-04 -3.200000e-01
4.172400e-03 4.008357e-04 -3.190000e-01
4.424626e-03 4.320346e-04 -3.180000e-01
4.669975e-03 4.633537e-04 -3.170000e-01
4.908150e-03 4.947379e-04 -3.160000e-01
5.138866e-03 5.261322e-04 -3.150000e-01
5.361848e-03 5.574815e-04 -3.140000e-01
5.576830e-03 5.887307e-04 -3.130000e-01
5.783557e-03 6.198250e-04 -3.120000e-01
5.981786e-03 6.507095e-04 -3.110000e-01
6.171282e-03 6.813293e-04 -3.100000e-01
6.351825e-03 7.116297e-04 -3.090000e-01
6.523203e-03 7.415559e-04 -3.080000e-01
6.685217e-03 7.710533e-04 -3.070000e-01
6.837681e-03 8.000673e-04 -3.060000e-01
6.980418e-03 8.285434e-04 -3.050000e-01
7.113267e-03 8.564271e-04 -3.040000e-01
7.236075e-03 8.836640e-04 -3.030000e-01
7.348704e-03 9.101997e-04 -3.020000e-01
7.451029e-03 9.359799e-04 -3.010000e-01
7.542936e-03 9.609504e-04 -3.000000e-01
7.624324e-03 9.850571e-04 -2.990000e-01
7.695105e-03 1.008246e-03 -2.980000e-01
7.755204e-03 1.030463e-03 -2.970000e-01
7.804559e-03 1.051653e-03 -2.960000e-01
7.843121e-03 1.071764e-03 -2.950000e-01
7.870853e-03 1.090741e-03 -2.940000e-01
7.887732e-03 1.108531e-03 -2.930000e-01
7.893747e-03 1.125080e-03 -2.920000e-01
7.888902e-03 1.140334e-03 -2.910000e-01
7.873212e-03 1.154239e-03 -2.900000e-01
7.846705e-03 1.166743e-03 -2.890000e-01
7.809423e-03 1.177791e-03 -2.880000e-01
7.761419e-03 1.187331e-03 -2.870000e-01
7.702761e-03 1.195309e-03 -2.860000e-01
7.633528e-03 1.201673e-03 -2.850000e-01
7.553812e-03 1.206368e-03 -2.840000e-01
7.463717e-03 1.209342e-03 -2.830000e-01
7.363360e-03 1.210542e-03 -2.820000e-01
7.252869e-03 1.209915e-03 -2.810000e-01
7.132386e-03 1.207408e-03 -2.800000e-01
7.002062e-03 1.202969e-03 -2.790000e-01
6.862063e-03 1.196545e-03 -2.780000e-01
6.712563e-03 1.188084e-03 -2.770000e-01
6.553749e-03 1.177532e-03 -2.760000e-01
6.385820e-03 1.164839e-03 -2.750000e-01
6.208985e-03 1.149950e-03 -2.740000e-01
6.023462e-03 1.132815e-03 -2.730000e-01
5.829481e-03 1.113381e-03 -2.720000e-01
5.627283e-03 1.091596e-03 -2.710000e-01
5.417117e-03 1.067408e-03 -2.700000e-01
5.199243e-03 1.040765e-03 -2.690000e-01
4.973929e-03 1.011616e-03 -2.680000e-01
4.741452e-03 9.799096e-04 -2.670000e-01
4.502100e-03 9.455933e-04 -2.660000e-01
4.256168e-03 9.086161e-04 -2.650000e-01
4.003957e-03 8.689267e-04 -2.640000e-01
3.745780e-03 8.264738e-04 -2.630000e-01
3.481954e-03 7.812063e-04 -2.620000e-01
3.212805e-03 7.330732e-04 -2.610000e-01
2.938664e-03 6.820237e-04 -2.600000e-01
2.659872e-03 6.280068e-04 -2.590000e-01
2.376772e-03 5.709719e-04 -2.580000e-01
2.089715e-03 5.108685e-04 -2.570000e-01
1.799057e-03 4.476460e-04 -2.560000e-01
1.505159e-03 3.812542e-04 -2.550000e-01
1.208386e-03 3.116427e-04 -2.540000e-01
9.091083e-04 2.387615e-04 -2.530000e-01
6.076995e-04 1.625605e-04 -2.520000e-01
3.045367e-04 8.298995e-05 -2.510000e-01
2.775558e-16 5.551115e-17 -2.500000e-01
3.055276e-04 8.641827e-05 -2.490000e-01
6.116610e-04 1.761109e-04 -2.480000e-01
9.180130e-04 2.688832e-04 -2.470000e-01
1.224195e-03 3.645401e-04 -2.460000e-01
1.529818e-03 4.628868e-04 -2.450000e-01
1.834491e-03 5.637279e-04 -2.440000e-01
2.137823e-03 6.668683e-04 -2.430000e-01
2.439425e-03 7.721125e-04 -2.420000e-01
2.738906e-03 8.792649e-04 -2.410000e-01
3.035877e-03 9.881298e-04 -2.400000e-01
3.329952e-03 1.098511e-03 -2.390000e-01
3.620744e-03 1.210214e-03 -2.380000e-01
3.907869e-03 1.323040e-03 -2.370000e-01
4.190947e-03 1.436795e-03 -2.360000e-01
4.469600e-03 1.551281e-03 -2.350000e-01
4.743453e-03 1.666303e-03 -2.340000e-01
5.012136e-03 1.781663e-03 -2.330000e-01
5.275283e-03 1.897164e-03 -2.320000e-01
5.532530e-03 2.012610e-03 -2.310000e-01
5.783522e-03 2.127802e-03 -2.300000e-01
6.027907e-03 2.242544e-03 -2.290000e-01
6.265339e-03 2.356638e-03 -2.280000e-01
6.495479e-03 2.469886e-03 -2.270000e-01
6.717993e-03 2.582090e-03 -2.260000e-01
6.932556e-03 2.693053e-03 -2.250000e-01
7.138850e-03 2.802575e-03 -2.240000e-01
7.336561e-03 2.910458e-03 -2.230000e-01
7.525389e-03 3.016504e-03 -2.220000e-01
7.705037e-03 3.120513e-03 -2.210000e-01
7.875220e-03 3.222287e-03 -2.200000e-01
8.035660e-03 3.321626e-03 -2.190000e-01
8.186090e-03 3.418331e-03 -2.180000e-01
8.326252e-03 3.512202e-03 -2.170000e-01
8.455898e-03 3.603039e-03 -2.160000e-01
8.574789e-03 3.690642e-03 -2.150000e-01
8.682700e-03 3.774811e-03 -2.140000e-01
8.779413e-03 3.855345e-03 -2.130000e-01
8.864723e-03 3.932044e-03 -2.120000e-01
8.938438e-03 4.004705e-03 -2.110000e-01
9.000375e-03 4.073129e-03 -2.100000e-01
9.050364e-03 4.137114e-03 -2.090000e-01
9.088248e-03 4.196458e-03 -2.080000e-01
9.113882e-03 4.250958e-03 -2.070000e-01
9.127132e-03 4.300414e-03 -2.060000e-01
9.127881e-03 4.344622e-03 -2.050000e-01
9.116020e-03 4.383379e-03 -2.040000e-01
9.091458e-03 4.416483e-03 -2.030000e-01
9.054115e-03 4.443731e-03 -2.020000e-01
9.003925e-03 4.464919e-03 -2.010000e-01
8.940836e-03 4.479842e-03 -2.000000e-01
8.864810e-03 4.488298e-03 -1.990000e-01
8.775823e-03 4.490082e-03 -1.980000e-01
8.673867e-03 4.484988e-03 -1.970000e-01
8.558946e-03 4.472813e-03 -1.960000e-01
8.431079e-03 4.453351e-03 -1.950000e-01
8.290302e-03 4.426396e-03 -1.940000e-01
8.136662e-03 4.391742e-03 -1.930000e-01
7.970224e-03 4.349184e-03 -1.920000e-01
7.791067e-03 4.298514e-03 -1.910000e-01
7.599283e-03 4.239527e-03 -1.900000e-01
7.394982e-03 4.172014e-03 -1.890000e-01
7.178288e-03 4.095768e-03 -1.880000e-01
6.949338e-03 4.010582e-03 -1.870000e-01
6.708287e-03 3.916247e-03 -1.860000e-01
6.455303e-03 3.812554e-03 -1.850000e-01
6.190570e-03 3.699295e-03 -1.840000e-01
5.914286e-03 3.576259e-03 -1.830000e-01
5.626666e-03 3.443238e-03 -1.820000e-01
5.327938e-03 3.300022e-03 -1.810000e-01
5.018346e-03 3.146398e-03 -1.800000e-01
4.698147e-03 2.982158e-03 -1.790000e-01
4.367614e-03 2.807089e-03 -1.780000e-01
4.027034e-03 2.620979e-03 -1.770000e-01
3.676710e-03 2.423617e-03 -1.760000e-01
3.316958e-03 2.214788e-03 -1.750000e-01
2.948108e-03 1.994282e-03 -1.740000e-01
2.570503e-03 1.761882e-03 -1.730000e-01
2.184503e-03 1.517377e-03 -1.720000e-01
1.790480e-03 1.260550e-03 -1.710000e-01
1.388818e-03 9.911873e-04 -1.700000e-01
9.799174e-04 7.090727e-04 -1.690000e-01
5.641890e-04 4.139902e-04 -1.680000e-01
1.420579e-04 1.057231e-04 -1.670000e-01
2.860383e-04 2.158965e-04 -1.660000e-01
7.196498e-04 5.504644e-04 -1.650000e-01
1.158314e-03 8.972078e-04 -1.640000e-01
1.601558e-03 1.255348e-03 -1.630000e-01
2.048895e-03 1.624107e-03 -1.620000e-01
2.499828e-03 2.002708e-03 -1.610000e-01
2.953850e-03 2.390374e-03 -1.600000e-01
3.410440e-03 2.786328e-03 -1.590000e-01
3.869071e-03 3.189796e-03 -1.580000e-01
4.329201e-03 3.600002e-03 -1.570000e-01
4.790283e-03 4.016173e-03 -1.560000e-01
5.251756e-03 4.437535e-03 -1.550000e-01
5.713053e-03 4.863315e-03 -1.540000e-01
6.173597e-03 5.292741e-03 -1.530000e-01
6.632803e-03 5.725043e-03 -1.520000e-01
7.090078e-03 6.159450e-03 -1.510000e-01
7.544820e-03 6.595191e-03 -1.500000e-01
7.996423e-03 7.031499e-03 -1.490000e-01
8.444269e-03 7.467605e-03 -1.480000e-01
8.887739e-03 7.902743e-03 -1.470000e-01
9.326205e-03 8.336144e-03 -1.460000e-01
9.759034e-03 8.767045e-03 -1.450000e-01
1.018559e-02 9.194681e-03 -1.440000e-01
1.060522e-02 9.618288e-03 -1.430000e-01
1.101729e-02 1.003710e-02 -1.420000e-01
1.142114e-02 1.045037e-02 -1.410000e-01
1.181612e-02 1.085731e-02 -1.400000e-01
1.220156e-02 1.125719e-02 -1.390000e-01
1.257682e-02 1.164923e-02 -1.380000e-01
1.294123e-02 1.203268e-02 -1.370000e-01
1.329412e-02 1.240679e-02 -1.360000e-01
1.363483e-02 1.277080e-02 -1.350000e-01
1.396269e-02 1.312395e-02 -1.340000e-01
1.427705e-02 1.346549e-02 -1.330000e-01
1.457722e-02 1.379467e-02 -1.320000e-01
1.486256e-02 1.411075e-02 -1.310000e-01
1.513239e-02 1.441296e-02 -1.300000e-01
1.538606e-02 1.470057e-02 -1.290000e-01
1.562291e-02 1.497283e-02 -1.280000e-01
1.584228e-02 1.522898e-02 -1.270000e-01
1.604352e-02 1.546830e-02 -1.260000e-01
1.622598e-02 1.569004e-02 -1.250000e-01
1.638901e-02 1.589345e-02 -1.240000e-01
1.653199e-02 1.607780e-02 -1.230000e-01
1.665427e-02 1.624235e-02 -1.220000e-01
1.675523e-02 1.638637e-02 -1.210000e-01
1.683425e-02 1.650912e-02 -1.200000e-01
1.689071e-02 1.660987e-02 -1.190000e-01
1.692400e-02 1.668789e-02 -1.180000e-01
1.693354e-02 1.674245e-02 -1.170000e-01
1.691872e-02 1.677283e-02 -1.160000e-01
1.687898e-02 1.677831e-02 -1.150000e-01
1.681373e-02 1.675815e-02 -1.140000e-01
1.672242e-02 1.671165e-02 -1.130000e-01
1.660449e-02 1.663808e-02 -1.120000e-01
1.645941e-02 1.653673e-02 -1.110000e-01
1.628666e-02 1.640689e-02 -1.100000e-01
1.608571e-02 1.624784e-02 -1.090000e-01
1.585606e-02 1.605888e-02 -1.080000e-01
1.559723e-02 1.583931e-02 -1.070000e-01
1.530874e-02 1.558842e-02 -1.060000e-01
1.499013e-02 1.530551e-02 -1.050000e-01
1.464096e-02 1.498988e-02 -1.040000e-01
1.426078e-02 1.464085e-02 -1.030000e-01
1.384919e-02 1.425772e-02 -1.020000e-01
1.340580e-02 1.383980e-02 -1.010000e-01
1.293021e-02 1.338642e-02 -1.000000e-01
1.242206e-02 1.289689e-02 -9.900000e-02
1.188101e-02 1.237053e-02 -9.800000e-02
1.130674e-02 1.180668e-02 -9.700000e-02
1.069892e-02 1.120466e-02 -9.600000e-02
1.005727e-02 1.056381e-02 -9.500000e-02
9.381520e-03 9.883466e-03 -9.400000e-02
8.671423e-03 9.162976e-03 -9.300000e-02
7.926747e-03 8.401688e-03 -9.200000e-02
7.147286e-03 7.598953e-03 -9.100000e-02
6.332854e-03 6.754131e-03 -9.000000e-02
5.483288e-03 5.866586e-03 -8.900000e-02
4.598447e-03 4.935684e-03 -8.800000e-02
3.678216e-03 3.960802e-03 -8.700000e-02
2.722499e-03 2.941319e-03 -8.600000e-02
1.731230e-03 1.876621e-03 -8.500000e-02
7.043637e-04 7.661007e-04 -8.400000e-02
3.581179e-04 3.908334e-04 -8.300000e-02
1.456207e-03 1.594207e-03 -8.200000e-02
2.589871e-03 2.843171e-03 -8.100000e-02
3.759047e-03 4.136797e-03 -8.000000e-02
4.963647e-03 5.474144e-03 -7.900000e-02
6.203555e-03 6.854267e-03 -7.800000e-02
7.478626e-03 8.276210e-03 -7.700000e-02
8.788685e-03 9.739010e-03 -7.600000e-02
1.013353e-02 1.124169e-02 -7.500000e-02
1.151292e-02 1.278327e-02 -7.400000e-02
1.292659e-02 1.436276e-02 -7.300000e-02
1.437426e-02 1.597914e-02 -7.200000e-02
1.585557e-02 1.763141e-02 -7.100000e-02
1.737018e-02 1.931853e-02 -7.000000e-02
1.891769e-02 2.103946e-02 -6.900000e-02
2.049766e-02 2.279315e-02 -6.800000e-02
2.210964e-02 2.457853e-02 -6.700000e-02
2.375311e-02 2.639451e-02 -6.600000e-02
2.542753e-02 2.824000e-02 -6.500000e-02
2.713234e-02 3.011387e-02 -6.400000e-02
2.886691e-02 3.201499e-02 -6.300000e-02
3.063059e-02 3.394221e-02 -6.200000e-02
3.242268e-02 3.589436e-02 -6.100000e-02
3.424244e-02 3.787024e-02 -6.000000e-02
3.608909e-02 3.986864e-02 -5.900000e-02
3.796180e-02 4.188831e-02 -5.800000e-02
3.985970e-02 4.392800e-02 -5.700000e-02
4.178186e-02 4.598640e-02 -5.600000e-02
4.372732e-02 4.806220e-02 -5.500000e-02
4.569505e-02 5.015405e-02 -5.400000e-02
4.768398e-02 5.226056e-02 -5.300000e-02
4.969297e-02 5.438031e-02 -5.200000e-02
5.172084e-02 5.651186e-02 -5.100000e-02
5.376635e-02 5.865369e-02 -5.000000e-02
5.582817e-02 6.080428e-02 -4.900000e-02
5.790493e-02 6.296204e-02 -4.800000e-02
5.999518e-02 6.512533e-02 -4.700000e-02
6.209741e-02 6.729247e-02 -4.600000e-02
6.421001e-02 6.946170e-02 -4.500000e-02
6.633131e-02 7.163122e-02 -4.400000e-02
6.845953e-02 7.379915e-02 -4.300000e-02
7.059283e-02 7.596353e-02 -4.200000e-02
7.272924e-02 7.812235e-02 -4.100000e-02
7.486669e-02 8.027346e-02 -4.000000e-02
7.700302e-02 8.241467e-02 -3.900000e-02
7.913591e-02 8.454365e-02 -3.800000e-02
8.126295e-02 8.665796e-02 -3.700000e-02
8.338155e-02 8.875504e-02 -3.600000e-02
8.548898e-02 9.083219e-02 -3.500000e-02
8.758235e-02 9.288656e-02 -3.400000e-02
8.965855e-02 9.491510e-02 -3.300000e-02
9.171430e-02 9.691462e-02 -3.200000e-02
9.374607e-02 9.888167e-02 -3.100000e-02
9.575009e-02 1.008126e-01 -3.000000e-02
9.772229e-02 1.027034e-01 -2.900000e-02
9.965831e-02 1.045500e-01 -2.800000e-02
1.015534e-01 1.063476e-01 -2.700000e-02
1.034025e-01 1.080914e-01 -2.600000e-02
1.051999e-01 1.097759e-01 -2.500000e-02
1.069395e-01 1.113953e-01 -2.400000e-02
1.086148e-01 1.129429e-01 -2.300000e-02
1.102181e-01 1.144116e-01 -2.200000e-02
1.117413e-01 1.157934e-01 -2.100000e-02
1.131753e-01 1.170794e-01 -2.000000e-02
1.145097e-01 1.182595e-01 -1.900000e-02
1.157329e-01 1.193223e-01 -1.800000e-02
1.168316e-01 1.202548e-01 -1.700000e-02
1.177905e-01 1.210419e-01 -1.600000e-02
1.185919e-01 1.216663e-01 -1.500000e-02
1.192151e-01 1.221075e-01 -1.400000e-02
1.196353e-01 1.223411e-01 -1.300000e-02
1.198230e-01 1.223378e-01 -1.200000e-02
1.197420e-01 1.220617e-01 -1.100000e-02
1.193472e-01 1.214681e-01 -1.000000e-02
1.185814e-01 1.205000e-01 -9.000000e-03
1.173698e-01 1.190831e-01 -8.000000e-03
1.156122e-01 1.171174e-01 -7.000000e-03
1.131680e-01 1.144628e-01 -6.000000e-03
1.098306e-01 1.109127e-01 -5.000000e-03
1.052736e-01 1.061414e-01 -4.000000e-03
9.892887e-02 9.958095e-02 -3.000000e-03
8.963656e-02 9.007186e-02 -2.000000e-03
7.418781e-02 7.440564e-02 -1.000000e-03
7.609474e-06 7.609474e-06 8.812395e-16
7.418781e-02 7.440564e-02 1.000000e-03
8.963656e-02 9.007186e-02 2.000000e-03
9.892887e-02 9.958095e-02 3.000000e-03
1.052736e-01 1.061414e-01 4.000000e-03
1.098306e-01 1.109127e-01 5.000000e-03
1.131680e-01 1.144628e-01 6.000000e-03
1.156122e-01 1.171174e-01 7.000000e-03
1.173698e-01 1.190831e-01 8.000000e-03
1.185814e-01 1.205000e-01 9.000000e-03
1.193472e-01 1.214681e-01 1.000000e-02
1.197420e-01 1.220617e-01 1.100000e-02
1.198230e-01 1.223378e-01 1.200000e-02
1.196353e-01 1.223411e-01 1.300000e-02
1.192151e-01 1.221075e-01 1.400000e-02
1.185919e-01 1.216663e-01 1.500000e-02
1.177905e-01 1.210419e-01 1.600000e-02
1.168316e-01 1.202548e-01 1.700000e-02
1.157329e-01 1.193223e-01 1.800000e-02
1.145097e-01 1.182595e-01 1.900000e-02
1.131753e-01 1.170794e-01 2.000000e-02
1.117413e-01 1.157934e-01 2.100000e-02
1.102181e-01 1.144116e-01 2.200000e-02
1.086148e-01 1.129429e-01 2.300000e-02
1.069395e-01 1.113953e-01 2.400000e-02
1.051999e-01 1.097759e-01 2.500000e-02
1.034025e-01 1.080914e-01 2.600000e-02
1.015534e-01 1.063476e-01 2.700000e-02
9.965831e-02 1.045500e-01 2.800000e-02
9.772229e-02 1.027034e-01 2.900000e-02
9.575009e-02 1.008126e-01 3.000000e-02
9.374607e-02 9.888167e-02 3.100000e-02
9.171430e-02 9.691462e-02 3.200000e-02
8.965855e-02 9.491510e-02 3.300000e-02
8.758235e-02 9.288656e-02 3.400000e-02
8.548898e-02 9.083219e-02 3.500000e-02
8.338155e-02 8.875504e-02 3.600000e-02
8.126295e-02 8.665796e-02 3.700000e-02
7.913591e-02 8.454365e-02 3.800000e-02
7.700302e-02 8.241467e-02 3.900000e-02
7.486669e-02 8.027346e-02 4.000000e-02
7.272924e-02 7.812235e-02 4.100000e-02
7.059283e-02 7.596353e-02 4.200000e-02
6.845953e-02 7.379915e-02 4.300000e-02
6.633131e-02 7.163122e-02 4.400000e-02
6.421001e-02 6.946170e-02 4.500000e-02
6.209741e-02 6.729247e-02 4.600000e-02
5.999518e-02 6.512533e-02 4.700000e-02
5.790493e-02 6.296204e-02 4.800000e-02
5.582817e-02 6.080428e-02 4.900000e-02
5.376635e-02 5.865369e-02 5.000000e-02
5.172084e-02 5.651186e-02 5.100000e-02
4.969297e-02 5.438031e-02 5.200000e-02
4.768398e-02 5.226056e-02 5.300000e-02
4.569505e-02 5.015405e-02 5.400000e-02
4.372732e-02 4.806220e-02 5.500000e-02
4.178186e-02 4.598640e-02 5.600000e-02
3.985970e-02 4.392800e-02 5.700000e-02
3.796180e-02 4.188831e-02 5.800000e-02
3.608909e-02 3.986864e-02 5.900000e-02
3.424244e-02 3.787024e-02 6.000000e-02
3.242268e-02 3.589436e-02 6.100000e-02
3.063059e-02 3.394221e-02 6.200000e-02
2.886691e-02 3.201499e-02 6.300000e-02
2.713234e-02 3.011387e-02 6.400000e-02
2.542753e-02 2.824000e-02 6.500000e-02
2.375311e-02 2.639451e-02 6.600000e-02
2.210964e-02 2.457853e-02 6.700000e-02
2.049766e-02 2.279315e-02 6.800000e-02
1.891769e-02 2.103946e-02 6.900000e-02
1.737018e-02 1.931853e-02 7.000000e-02
1.585557e-02 1.763141e-02 7.100000e-02
1.437426e-02 1.597914e-02 7.200000e-02
1.292659e-02 1.436276e-02 7.300000e-02
1.151292e-02 1.278327e-02 7.400000e-02
1.013353e-02 1.124169e-02 7.500000e-02
8.788685e-03 9.739010e-03 7.600000e-02
7.478626e-03 8.276210e-03 7.700000e-02
6.203555e-03 6.854267e-03 7.800000e-02
4.963647e-03 5.474144e-03 7.900000e-02
3.759047e-03 4.136797e-03 8.000000e-02
2.589871e-03 2.843171e-03 8.100000e-02
1.456207e-03 1.594207e-03 8.200000e-02
3.581179e-04 3.908334e-04 8.300000e-02
7.043637e-04 7.661007e-04 8.400000e-02
1.731230e-03 1.876621e-03 8.500000e-02
2.722499e-03 2.941319e-03 8.600000e-02
3.678216e-03 3.960802e-03 8.700000e-02
4.598447e-03 4.935684e-03 8.800000e-02
5.483288e-03 5.866586e-03 8.900000e-02
6.332854e-03 6.754131e-03 9.000000e-02
7.147286e-03 7.598953e-03 9.100000e-02
7.926747e-03 8.401688e-03 9.200000e-02
8.671423e-03 9.162976e-03 9.300000e-02
9.381520e-03 9.883466e-03 9.400000e-02
1.005727e-02 1.056381e-02 9.500000e-02
1.069892e-02 1.120466e-02 9.600000e-02
1.130674e-02 1.180668e-02 9.700000e-02
1.188101e-02 1.237053e-02 9.800000e-02
1.242206e-02 1.289689e-02 9.900000e-02
1.293021e-02 1.338642e-02 1.000000e-01
1.340580e-02 1.383980e-02 1.010000e-01
1.384919e-02 1.425772e-02 1.020000e-01
1.426078e-02 1.464085e-02 1.030000e-01
1.464096e-02 1.498988e-02 1.040000e-01
1.499013e-02 1.530551e-02 1.050000e-01
1.530874e-02 1.558842e-02 1.060000e-01
1.559723e-02 1.583931e-02 1.070000e-01
1.585606e-02 1.605888e-02 1.080000e-01
1.608571e-02 1.624784e-02 1.090000e-01
1.628666e-02 1.640689e-02 1.100000e-01
1.645941e-02 1.653673e-02 1.110000e-01
1.660449e-02 1.663808e-02 1.120000e-01
1.672242e-02 1.671165e-02 1.130000e-01
1.681373e-02 1.675815e-02 1.140000e-01
1.687898e-02 1.677831e-02 1.150000e-01
1.691872e-02 1.677283e-02 1.160000e-01
1.693354e-02 1.674245e-02 1.170000e-01
1.692400e-02 1.668789e-02 1.180000e-01
1.689071e-02 1.660987e-02 1.190000e-01
1.683425e-02 1.650912e-02 1.200000e-01
1.675523e-02 1.638637e-02 1.210000e-01
1.665427e-02 1.624235e-02 1.220000e-01
1.653199e-02 1.607780e-02 1.230000e-01
1.638901e-02 1.589345e-02 1.240000e-01
1.622598e-02 1.569004e-02 1.250000e-01
1.604352e-02 1.546830e-02 1.260000e-01
1.584228e-02 1.522898e-02 1.270000e-01
1.562291e-02 1.497283e-02 1.280000e-01
1.538606e-02 1.470057e-02 1.290000e-01
1.513239e-02 1.441296e-02 1.300000e-01
1.486256e-02 1.411075e-02 1.310000e-01
1.457722e-02 1.379467e-02 1.320000e-01
1.427705e-02 1.346549e-02 1.330000e-01
1.396269e-02 1.312395e-02 1.340000e-01
1.363483e-02 1.277080e-02 1.350000e-01
1.329412e-02 1.240679e-02 1.360000e-01
1.294123e-02 1.203268e-02 1.370000e-01
1.257682e-02 1.164923e-02 1.380000e-01
1.220156e-02 1.125719e-02 1.390000e-01
1.181612e-02 1.085731e-02 1.400000e-01
1.142114e-02 1.045037e-02 1.410000e-01
1.101729e-02 1.003710e-02 1.420000e-01
1.060522e-02 9.618288e-03 1.430000e-01
1.018559e-02 9.194681e-03 1.440000e-01
9.759034e-03 8.767045e-03 1.450000e-01
9.326205e-03 8.336144e-03 1.460000e-01
8.887739e-03 7.902743e-03 1.470000e-01
8.444269e-03 7.467606e-03 1.480000e-01
7.996423e-03 7.031499e-03 1.490000e-01
7.544820e-03 6.595192e-03 1.500000e-01
7.090078e-03 6.159450e-03 1.510000e-01
6.632803e-03 5.725043e-03 1.520000e-01
6.173597e-03 5.292742e-03 1.530000e-01
5.713053e-03 4.863315e-03 1.540000e-01
5.251756e-03 4.437535e-03 1.550000e-01
4.790283e-03 4.016173e-03 1.560000e-01
4.329201e-03 3.600002e-03 1.570000e-01
3.869071e-03 3.189796e-03 1.580000e-01
3.410440e-03 2.786328e-03 1.590000e-01
2.953850e-03 2.390374e-03 1.600000e-01
2.499828e-03 2.002708e-03 1.610000e-01
2.048895e-03 1.624107e-03 1.620000e-01
1.601558e-03 1.255348e-03 1.630000e-01
1.158314e-03 8.972078e-04 1.640000e-01
7.196498e-04 5.504644e-04 1.650000e-01
2.860383e-04 2.158965e-04 1.660000e-01
1.420579e-04 1.057231e-04 1.670000e-01
5.641890e-04 4.139902e-04 1.680000e-01
9.799174e-04 7.090727e-04 1.690000e-01
1.388818e-03 9.911873e-04 1.700000e-01
1.790480e-03 1.260550e-03 1.710000e-01
2.184503e-03 1.517377e-03 1.720000e-01
2.570503e-03 1.761882e-03 1.730000e-01
2.948108e-03 1.994282e-03 1.740000e-01
3.316958e-03 2.214788e-03 1.750000e-01
3.676710e-03 2.423617e-03 1.760000e-01
4.027034e-03 2.620979e-03 1.770000e-01
4.367614e-03 2.807089e-03 1.780000e-01
4.698147e-03 2.982158e-03 1.790000e-01
5.018346e-03 3.146399e-03 1.800000e-01
5.327938e-03 3.300022e-03 1.810000e-01
5.626666e-03 3.443238e-03 1.820000e-01
5.914286e-03 3.576259e-03 1.830000e-01
6.190570e-03 3.699295e-03 1.840000e-01
6.455303e-03 3.812554e-03 1.850000e-01
6.708287e-03 3.916247e-03 1.860000e-01
6.949338e-03 4.010582e-03 1.870000e-01
7.178288e-03 4.095768e-03 1.880000e-01
7.394982e-03 4.172014e-03 1.890000e-01
7.599283e-03 4.239527e-03 1.900000e-01
7.791067e-03 4.298514e-03 1.910000e-01
7.970224e-03 4.349184e-03 1.920000e-01
8.136662e-03 4.391742e-03 1.930000e-01
8.290302e-03 4.426396e-03 1.940000e-01
8.431079e-03 4.453351e-03 1.950000e-01
8.558946e-03 4.472813e-03 1.960000e-01
8.673867e-03 4.484988e-03 1.970000e-01
8.775823e-03 4.490082e-03 1.980000e-01
8.864810e-03 4.488298e-03 1.990000e-01
8.940836e-03 4.479842e-03 2.000000e-01
9.003925e-03 4.464919e-03 2.010000e-01
9.054115e-03 4.443731e-03 2.020000e-01
9.091458e-03 4.416484e-03 2.030000e-01
9.116020e-03 4.383379e-03 2.040000e-01
9.127881e-03 4.344622e-03 2.050000e-01
9.127132e-03 4.300414e-03 2.060000e-01
9.113882e-03 4.250959e-03 2.070000e-01
9.088248e-03 4.196458e-03 2.080000e-01
9.050364e-03 4.137114e-03 2.090000e-01
9.000375e-03 4.073130e-03 2.100000e-01
8.938438e-03 4.004706e-03 2.110000e-01
8.864723e-03 3.932044e-03 2.120000e-01
8.779413e-03 3.855345e-03 2.130000e-01
8.682700e-03 3.774811e-03 2.140000e-01
8.574789e-03 3.690642e-03 2.150000e-01
8.455898e-03 3.603039e-03 2.160000e-01
8.326252e-03 3.512202e-03 2.170000e-01
8.186090e-03 3.418331e-03 2.180000e-01
8.035660e-03 3.321626e-03 2.190000e-01
7.875220e-03 3.222287e-03 2.200000e-01
7.705037e-03 3.120513e-03 2.210000e-01
7.525389e-03 3.016504e-03 2.220000e-01
7.336561e-03 2.910458e-03 2.230000e-01
7.138850e-03 2.802575e-03 2.240000e-01
6.932556e-03 2.693053e-03 2.250000e-01
6.717993e-03 2.582090e-03 2.260000e-01
6.495479e-03 2.469886e-03 2.270000e-01
6.265339e-03 2.356638e-03 2.280000e-01
6.027907e-03 2.242544e-03 2.290000e-01
5.783522e-03 2.127802e-03 2.300000e-01
5.532530e-03 2.012610e-03 2.310000e-01
5.275283e-03 1.897164e-03 2.320000e-01
5.012136e-03 1.781663e-03 2.330000e-01
4.743453e-03 1.666303e-03 2.340000e-01
4.469600e-03 1.551282e-03 2.350000e-01
4.190947e-03 1.436795e-03 2.360000e-01
3.907869e-03 1.323040e-03 2.370000e-01
3.620744e-03 1.210214e-03 2.380000e-01
3.329952e-03 1.098511e-03 2.390000e-01
3.035877e-03 9.881299e-04 2.400000e-01
2.738906e-03 8.792650e-04 2.410000e-01
2.439425e-03 7.721126e-04 2.420000e-01
2.137823e-03 6.668684e-04 2.430000e-01
1.834491e-03 5.637280e-04 2.440000e-01
1.529818e-03 4.628868e-04 2.450000e-01
1.224195e-03 3.645402e-04 2.460000e-01
9.180130e-04 2.688832e-04 2.470000e-01
6.116610e-04 1.761109e-04 2.480000e-01
3.055276e-04 8.641828e-05 2.490000e-01
3.330669e-16 1.110223e-16 2.500000e-01
3.045367e-04 8.298997e-05 2.510000e-01
6.076995e-04 1.625606e-04 2.520000e-01
9.091083e-04 2.387615e-04 2.530000e-01
1.208386e-03 3.116428e-04 2.540000e-01
1.505159e-03 3.812542e-04 2.550000e-01
1.799057e-03 4.476461e-04 2.560000e-01
2.089715e-03 5.108686e-04 2.570000e-01
2.376772e-03 5.709720e-04 2.580000e-01
2.659872e-03 6.280069e-04 2.590000e-01
2.938664e-03 6.820238e-04 2.600000e-01
3.212805e-03 7.330734e-04 2.610000e-01
3.481954e-03 7.812065e-04 2.620000e-01
3.745780e-03 8.264739e-04 2.630000e-01
4.003957e-03 8.689269e-04 2.640000e-01
4.256168e-03 9.086163e-04 2.650000e-01
4.502100e-03 9.455935e-04 2.660000e-01
4.741452e-03 9.799098e-04 2.670000e-01
4.973929e-03 1.011617e-03 2.680000e-01
5.199243e-03 1.040766e-03 2.690000e-01
5.417117e-03 1.067408e-03 2.700000e-01
5.627283e-03 1.091596e-03 2.710000e-01
5.829481e-03 1.113381e-03 2.720000e-01
6.023462e-03 1.132815e-03 2.730000e-01
6.208985e-03 1.149950e-03 2.740000e-01
6.385820e-03 1.164839e-03 2.750000e-01
6.553749e-03 1.177533e-03 2.760000e-01
6.712563e-03 1.188084e-03 2.770000e-01
6.862063e-03 1.196546e-03 2.780000e-01
7.002062e-03 1.202970e-03 2.790000e-01
7.132386e-03 1.207409e-03 2.800000e-01
7.252869e-03 1.209915e-03 2.810000e-01
7.363360e-03 1.210542e-03 2.820000e-01
7.463717e-03 1.209342e-03 2.830000e-01
7.553812e-03 1.206368e-03 2.840000e-01
7.633528e-03 1.201673e-03 2.850000e-01
7.702761e-03 1.195310e-03 2.860000e-01
7.761419e-03 1.187332e-03 2.870000e-01
7.809423e-03 1.177792e-03 2.880000e-01
7.846705e-03 1.166743e-03 2.890000e-01
7.873212e-03 1.154240e-03 2.900000e-01
7.888902e-03 1.140334e-03 2.910000e-01
7.893747e-03 1.125080e-03 2.920000e-01
7.887732e-03 1.108532e-03 2.930000e-01
7.870853e-03 1.090742e-03 2.940000e-01
7.843121e-03 1.071765e-03 2.950000e-01
7.804559e-03 1.051654e-03 2.960000e-01
7.755204e-03 1.030463e-03 2.970000e-01
7.695105e-03 1.008246e-03 2.980000e-01
7.624324e-03 9.850577e-04 2.990000e-01
7.542936e-03 9.609510e-04 3.000000e-01
7.451029e-03 9.359805e-04 3.010000e-01
7.348704e-03 9.102003e-04 3.020000e-01
7.236075e-03 8.836646e-04 3.030000e-01
7.113267e-03 8.564277e-04 3.040000e-01
6.980418e-03 8.285440e-04 3.050000e-01
6.837681e-03 8.000679e-04 3.060000e-01
6.685217e-03 7.710539e-04 3.070000e-01
6.523203e-03 7.415565e-04 3.080000e-01
6.351825e-03 7.116302e-04 3.090000e-01
6.171282e-03 6.813299e-04 3.100000e-01
5.981786e-03 6.507100e-04 3.110000e-01
5.783557e-03 6.198256e-04 3.120000e-01
5.576830e-03 5.887313e-04 3.130000e-01
5.361848e-03 5.574820e-04 3.140000e-01
5.138866e-03 5.261327e-04 3.150000e-01
4.908150e-03 4.947384e-04 3.160000e-01
4.669975e-03 4.633542e-04 3.170000e-01
4.424626e-03 4.320350e-04 3.180000e-01
4.172400e-03 4.008362e-04 3.190000e-01
3.913599e-03 3.698128e-04 3.200000e-01
3.648539e-03 3.390202e-04 3.210000e-01
3.377541e-03 3.085137e-04 3.220000e-01
3.100937e-03 2.783485e-04 3.230000e-01
2.819065e-03 2.485802e-04 3.240000e-01
2.532272e-03 2.192642e-04 3.250000e-01
2.240912e-03 1.904560e-04 3.260000e-01
1.945346e-03 1.622111e-04 3.270000e-01
1.645943e-03 1.345852e-04 3.280000e-01
1.343075e-03 1.076339e-04 3.290000e-01
1.037124e-03 8.141285e-05 3.300000e-01
7.284744e-04 5.597789e-05 3.310000e-01
4.175168e-04 3.138478e-05 3.320000e-01
1.046463e-04 7.689339e-06 3.330000e-01
2.097376e-04 1.505609e-05 3.340000e-01
5.252317e-04 3.684043e-05 3.350000e-01
8.414295e-04 5.767914e-05 3.360000e-01
1.157922e-03 7.758814e-05 3.370000e-01
1.474296e-03 9.658325e-05 3.380000e-01
1.790139e-03 1.146803e-04 3.390000e-01
2.105034e-03 1.318950e-04 3.400000e-01
2.418567e-03 1.482432e-04 3.410000e-01
2.730318e-03 1.637404e-04 3.420000e-01
3.039871e-03 1.784023e-04 3.430000e-01
3.346810e-03 1.922446e-04 3.440000e-01
3.650717e-03 2.052828e-04 3.450000e-01
3.951178e-03 2.175324e-04 3.460000e-01
4.247780e-03 2.290088e-04 3.470000e-01
4.540112e-03 2.397276e-04 3.480000e-01
4.827766e-03 2.497042e-04 3.490000e-01
5.110337e-03 2.589538e-04 3.500000e-01
5.387425e-03 2.674919e-04 3.510000e-01
5.658632e-03 2.753337e-04 3.520000e-01
5.923566e-03 2.824945e-04 3.530000e-01
6.181840e-03 2.889895e-04 3.540000e-01
6.433074e-03 2.948339e-04 3.550000e-01
6.676891e-03 3.000429e-04 3.560000e-01
6.912923e-03 3.046315e-04 3.570000e-01
7.140810e-03 3.086148e-04 3.580000e-01
7.360196e-03 3.120080e-04 3.590000e-01
7.570736e-03 3.148259e-04 3.600000e-01
7.772093e-03 3.170836e-04 3.610000e-01
7.963939e-03 3.187960e-04 3.620000e-01
8.145954e-03 3.199781e-04 3.630000e-01
8.317830e-03 3.206447e-04 3.640000e-01
8.479267e-03 3.208106e-04 3.650000e-01
8.629978e-03 3.204908e-04 3.660000e-01
8.769685e-03 3.196999e-04 3.670000e-01
8.898123e-03 3.184527e-04 3.680000e-01
9.015038e-03 3.167640e-04 3.690000e-01
9.120190e-03 3.146484e-04 3.700000e-01
9.213350e-03 3.121206e-04 3.710000e-01
9.294301e-03 3.091952e-04 3.720000e-01
9.362844e-03 3.058869e-04 3.730000e-01
9.418789e-03 3.022101e-04 3.740000e-01
9.461963e-03 2.981795e-04 3.750000e-01
9.492205e-03 2.938096e-04 3.760000e-01
9.509372e-03 2.891148e-04 3.770000e-01
9.513335e-03 2.841096e-04 3.780000e-01
9.503977e-03 2.788085e-04 3.790000e-01
9.481202e-03 2.732257e-04 3.800000e-01
9.444927e-03 2.673758e-04 3.810000e-01
9.395084e-03 2.612731e-04 3.820000e-01
9.331625e-03 2.549318e-04 3.830000e-01
9.254515e-03 2.483663e-04 3.840000e-01
9.163739e-03 2.415908e-04 3.850000e-01
9.059295e-03 2.346196e-04 3.860000e-01
8.941202e-03 2.274669e-04 3.870000e-01
8.809495e-03 2.201468e-04 3.880000e-01
8.664226e-03 2.126737e-04 3.890000e-01
8.505463e-03 2.050615e-04 3.900000e-01
8.333296e-03 1.973243e-04 3.910000e-01
8.147828e-03 1.894764e-04 3.920000e-01
7.949182e-03 1.815317e-04 3.930000e-01
7.737499e-03 1.735043e-04 3.940000e-01
7.512938e-03 1.654082e-04 3.950000e-01
7.275674e-03 1.572575e-04 3.960000e-01
7.025902e-03 1.490659e-04 3.970000e-01
6.763832e-03 1.408476e-04 3.980000e-01
6.489696e-03 1.326164e-04 3.990000e-01
6.203738e-03 1.243862e-04 4.000000e-01
5.906224e-03 1.161710e-04 4.010000e-01
5.597436e-03 1.079844e-04 4.020000e-01
5.277672e-03 9.984051e-05 4.030000e-01
4.947249e-03 9.175298e-05 4.040000e-01
4.606499e-03 8.373564e-05 4.050000e-01
4.255773e-03 7.580224e-05 4.060000e-01
3.895435e-03 6.796653e-05 4.070000e-01
3.525869e-03 6.024224e-05 4.080000e-01
3.147472e-03 5.264306e-05 4.090000e-01
2.760658e-03 4.518267e-05 4.100000e-01
2.365856e-03 3.787474e-05 4.110000e-01
1.963511e-03 3.073290e-05 4.120000e-01
1.554079e-03 2.377077e-05 4.130000e-01
1.138036e-03 1.700194e-05 4.140000e-01
7.158657e-04 1.044000e-05 4.150000e-01
2.880699e-04 4.098509e-06 4.160000e-01
1.448388e-04 2.009108e-06 4.170000e-01
5.823348e-04 7.875603e-06 4.180000e-01
1.023881e-03 1.350332e-05 4.190000e-01
1.468927e-03 1.889545e-05 4.200000e-01
1.916914e-03 2.405520e-05 4.210000e-01
2.367270e-03 2.898579e-05 4.220000e-01
2.819416e-03 3.369047e-05 4.230000e-01
3.272760e-03 3.817250e-05 4.240000e-01
3.726706e-03 4.243515e-05 4.250000e-01
4.180644e-03 4.648174e-05 4.260000e-01
4.633962e-03 5.031557e-05 4.270000e-01
5.086038e-03 5.393999e-05 4.280000e-01
5.536244e-03 5.735834e-05 4.290000e-01
5.983948e-03 6.057399e-05 4.300000e-01
6.428510e-03 6.359034e-05 4.310000e-01
6.869290e-03 6.641079e-05 4.320000e-01
7.305642e-03 6.903875e-05 4.330000e-01
7.736917e-03 7.147768e-05 4.340000e-01
8.162466e-03 7.373102e-05 4.350000e-01
8.581637e-03 7.580226e-05 4.360000e-01
8.993779e-03 7.769487e-05 4.370000e-01
9.398239e-03 7.941236e-05 4.380000e-01
9.794369e-03 8.095827e-05 4.390000e-01
1.018152e-02 8.233612e-05 4.400000e-01
1.055905e-02 8.354947e-05 4.410000e-01
1.092631e-02 8.460189e-05 4.420000e-01
1.128267e-02 8.549696e-05 4.430000e-01
1.162749e-02 8.623830e-05 4.440000e-01
1.196015e-02 8.682951e-05 4.450000e-01
1.228004e-02 8.727424e-05 4.460000e-01
1.258653e-02 8.757612e-05 4.470000e-01
1.287903e-02 8.773882e-05 4.480000e-01
1.315695e-02 8.776602e-05 4.490000e-01
1.341970e-02 8.766141e-05 4.500000e-01
1.366672e-02 8.742870e-05 4.510000e-01
1.389744e-02 8.707161e-05 4.520000e-01
1.411131e-02 8.659388e-05 4.530000e-01
1.430782e-02 8.599927e-05 4.540000e-01
1.448644e-02 8.529153e-05 4.550000e-01
1.464667e-02 8.447444e-05 4.560000e-01
1.478802e-02 8.355181e-05 4.570000e-01
1.491003e-02 8.252743e-05 4.580000e-01
1.501226e-02 8.140514e-05 4.590000e-01
1.509426e-02 8.018876e-05 4.600000e-01
1.515564e-02 7.888215e-05 4.610000e-01
1.519599e-02 7.748916e-05 4.620000e-01
1.521496e-02 7.601368e-05 4.630000e-01
1.521220e-02 7.445959e-05 4.640000e-01
1.518738e-02 7.283080e-05 4.650000e-01
1.514022e-02 7.113121e-05 4.660000e-01
1.507042e-02 6.936477e-05 4.670000e-01
1.497775e-02 6.753541e-05 4.680000e-01
1.486198e-02 6.564709e-05 4.690000e-01
1.472292e-02 6.370377e-05 4.700000e-01
1.456040e-02 6.170943e-05 4.710000e-01
1.437428e-02 5.966807e-05 4.720000e-01
1.416445e-02 5.758368e-05 4.730000e-01
1.393081e-02 5.546030e-05 4.740000e-01
1.367334e-02 5.330193e-05 4.750000e-01
1.339199e-02 5.111264e-05 4.760000e-01
1.308678e-02 4.889646e-05 4.770000e-01
1.275776e-02 4.665747e-05 4.780000e-01
1.240499e-02 4.439974e-05 4.790000e-01
1.202858e-02 4.212736e-05 4.800000e-01
1.162867e-02 3.984443e-05 4.810000e-01
1.120543e-02 3.755506e-05 4.820000e-01
1.075906e-02 3.526337e-05 4.830000e-01
1.028981e-02 3.297351e-05 4.840000e-01
9.797951e-03 3.068962e-05 4.850000e-01
9.283788e-03 2.841584e-05 4.860000e-01
8.747667e-03 2.615636e-05 4.870000e-01
8.189964e-03 2.391535e-05 4.880000e-01
7.611095e-03 2.169700e-05 4.890000e-01
7.011506e-03 1.950552e-05 4.900000e-01
6.391682e-03 1.734510e-05 4.910000e-01
5.752143e-03 1.521999e-05 4.920000e-01
5.093444e-03 1.313441e-05 4.930000e-01
4.416172e-03 1.109260e-05 4.940000e-01
3.720955e-03 9.098821e-06 4.950000e-01
3.008453e-03 7.157337e-06 4.960000e-01
2.279359e-03 5.272422e-06 4.970000e-01
1.534404e-03 3.448363e-06 4.980000e-01
7.743517e-04 1.689453e-06 4.990000e-01
9.992007e-16 0.000000e+00 5.000000e-01
7.878194e-04 1.616637e-06 5.010000e-01
1.588242e-03 3.160909e-06 5.020000e-01
2.400369e-03 4.634213e-06 5.030000e-01
3.223273e-03 6.037939e-06 5.040000e-01
4.055990e-03 7.373462e-06 5.050000e-01
4.897528e-03 8.642152e-06 5.060000e-01
5.746865e-03 9.845367e-06 5.070000e-01
6.602947e-03 1.098446e-05 5.080000e-01
7.464693e-03 1.206076e-05 5.090000e-01
8.330993e-03 1.307560e-05 5.100000e-01
9.200710e-03 1.403032e-05 5.110000e-01
1.007268e-02 1.492620e-05 5.120000e-01
1.094572e-02 1.576457e-05 5.130000e-01
1.181861e-02 1.654671e-05 5.140000e-01
1.269011e-02 1.727391e-05 5.150000e-01
1.355897e-02 1.794743e-05 5.160000e-01
1.442391e-02 1.856856e-05 5.170000e-01
1.528362e-02 1.913854e-05 5.180000e-01
1.613679e-02 1.965863e-05 5.190000e-01
1.698209e-02 2.013006e-05 5.200000e-01
1.781817e-02 2.055406e-05 5.210000e-01
1.864365e-02 2.093187e-05 5.220000e-01
1.945715e-02 2.126468e-05 5.230000e-01
2.025730e-02 2.155371e-05 5.240000e-01
2.104269e-02 2.180016e-05 5.250000e-01
2.181191e-02 2.200521e-05 5.260000e-01
2.256354e-02 2.217005e-05 5.270000e-01
2.329617e-02 2.229584e-05 5.280000e-01
2.400837e-02 2.238375e-05 5.290000e-01
2.469872e-02 2.243494e-05 5.300000e-01
2.536579e-02 2.245055e-05 5.310000e-01
2.600816e-02 2.243172e-05 5.320000e-01
2.662441e-02 2.237959e-05 5.330000e-01
2.721313e-02 2.229527e-05 5.340000e-01
2.777291e-02 2.217989e-05 5.350000e-01
2.830236e-02 2.203456e-05 5.360000e-01
2.880009e-02 2.186036e-05 5.370000e-01
2.926474e-02 2.165840e-05 5.380000e-01
2.969496e-02 2.142976e-05 5.390000e-01
3.008940e-02 2.117552e-05 5.400000e-01
3.044675e-02 2.089674e-05 5.410000e-01
3.076572e-02 2.059449e-05 5.420000e-01
3.104505e-02 2.026983e-05 5.430000e-01
3.128349e-02 1.992380e-05 5.440000e-01
3.147983e-02 1.955744e-05 5.450000e-01
3.163288e-02 1.917178e-05 5.460000e-01
3.174151e-02 1.876785e-05 5.470000e-01
3.180460e-02 1.834667e-05 5.480000e-01
3.182108e-02 1.790925e-05 5.490000e-01
3.178991e-02 1.745659e-05 5.500000e-01
3.171011e-02 1.698969e-05 5.510000e-01
3.158072e-02 1.650954e-05 5.520000e-01
3.140085e-02 1.601712e-05 5.530000e-01
3.116965e-02 1.551341e-05 5.540000e-01
3.088633e-02 1.499938e-05 5.550000e-01
3.055013e-02 1.447599e-05 5.560000e-01
3.016037e-02 1.394419e-05 5.570000e-01
2.971643e-02 1.340493e-05 5.580000e-01
2.921773e-02 1.285916e-05 5.590000e-01
2.866376e-02 1.230781e-05 5.600000e-01
2.805410e-02 1.175181e-05 5.610000e-01
2.738835e-02 1.119208e-05 5.620000e-01
2.666622e-02 1.062954e-05 5.630000e-01
2.588748e-02 1.006510e-05 5.640000e-01
2.505196e-02 9.499654e-06 5.650000e-01
2.415958e-02 8.934104e-06 5.660000e-01
2.321032e-02 8.369340e-06 5.670000e-01
2.220427e-02 7.806245e-06 5.680000e-01
2.114157e-02 7.245697e-06 5.690000e-01
2.002245e-02 6.688566e-06 5.700000e-01
1.884723e-02 6.135717e-06 5.710000e-01
1.761633e-02 5.588010e-06 5.720000e-01
1.633022e-02 5.046296e-06 5.730000e-01
1.498950e-02 4.511423e-06 5.740000e-01
1.359482e-02 3.984231e-06 5.750000e-01
1.214696e-02 3.465555e-06 5.760000e-01
1.064678e-02 2.956222e-06 5.770000e-01
9.095211e-03 2.457056e-06 5.780000e-01
7.493313e-03 1.968874e-06 5.790000e-01
5.842225e-03 1.492486e-06 5.800000e-01
4.143188e-03 1.028697e-06 5.810000e-01
2.397540e-03 5.783070e-07 5.820000e-01
6.067171e-04 1.421091e-07 5.830000e-01
1.227744e-03 2.791510e-07 5.840000e-01
3.104206e-03 6.852268e-07 5.850000e-01
5.020933e-03 1.076195e-06 5.860000e-01
6.976086e-03 1.452145e-06 5.870000e-01
8.967728e-03 1.813168e-06 5.880000e-01
1.099382e-02 2.159365e-06 5.890000e-01
1.305222e-02 2.490839e-06 5.900000e-01
1.514069e-02 2.807702e-06 5.910000e-01
1.725688e-02 3.110068e-06 5.920000e-01
1.939837e-02 3.398058e-06 5.930000e-01
2.156260e-02 3.671798e-06 5.940000e-01
2.374695e-02 3.931421e-06 5.950000e-01
2.594867e-02 4.177062e-06 5.960000e-01
2.816494e-02 4.408864e-06 5.970000e-01
3.039282e-02 4.626974e-06 5.980000e-01
3.262932e-02 4.831545e-06 5.990000e-01
3.487130e-02 5.022734e-06 6.000000e-01
3.711558e-02 5.200705e-06 6.010000e-01
3.935885e-02 5.365624e-06 6.020000e-01
4.159776e-02 5.517665e-06 6.030000e-01
4.382884e-02 5.657007e-06 6.040000e-01
4.604854e-02 5.783831e-06 6.050000e-01
4.825326e-02 5.898327e-06 6.060000e-01
5.043928e-02 6.000686e-06 6.070000e-01
5.260286e-02 6.091108e-06 6.080000e-01
5.474014e-02 6.169794e-06 6.090000e-01
5.684723e-02 6.236953e-06 6.100000e-01
5.892015e-02 6.292796e-06 6.110000e-01
6.095487e-02 6.337541e-06 6.120000e-01
6.294732e-02 6.371410e-06 6.130000e-01
6.489336e-02 6.394630e-06 6.140000e-01
6.678880e-02 6.407432e-06 6.150000e-01
6.862941e-02 6.410053e-06 6.160000e-01
7.041094e-02 6.402733e-06 6.170000e-01
7.212908e-02 6.385718e-06 6.180000e-01
7.377951e-02 6.359257e-06 6.190000e-01
7.535788e-02 6.323606e-06 6.200000e-01
7.685982e-02 6.279024e-06 6.210000e-01
7.828093e-02 6.225774e-06 6.220000e-01
7.961685e-02 6.164125e-06 6.230000e-01
8.086317e-02 6.094349e-06 6.240000e-01
8.201551e-02 6.016724e-06 6.250000e-01
8.306950e-02 5.931530e-06 6.260000e-01
8.402077e-02 5.839055e-06 6.270000e-01
8.486500e-02 5.739588e-06 6.280000e-01
8.559789e-02 5.633423e-06 6.290000e-01
8.621516e-02 5.520861e-06 6.300000e-01
8.671260e-02 5.402204e-06 6.310000e-01
8.708604e-02 5.277759e-06 6.320000e-01
8.733137e-02 5.147839e-06 6.330000e-01
8.744455e-02 5.012759e-06 6.340000e-01
8.742162e-02 4.872840e-06 6.350000e-01
8.725868e-02 4.728406e-06 6.360000e-01
8.695194e-02 4.579786e-06 6.370000e-01
8.649770e-02 4.427311e-06 6.380000e-01
8.589238e-02 4.271320e-06 6.390000e-01
8.513250e-02 4.112151e-06 6.400000e-01
8.421471e-02 3.950152e-06 6.410000e-01
8.313578e-02 3.785669e-06 6.420000e-01
8.189264e-02 3.619057e-06 6.430000e-01
8.048236e-02 3.450671e-06 6.440000e-01
7.890215e-02 3.280873e-06 6.450000e-01
7.714942e-02 3.110028e-06 6.460000e-01
7.522173e-02 2.938504e-06 6.470000e-01
7.311684e-02 2.766674e-06 6.480000e-01
7.083269e-02 2.594913e-06 6.490000e-01
6.836743e-02 2.423603e-06 6.500000e-01
6.571943e-02 2.253128e-06 6.510000e-01
6.288725e-02 2.083874e-06 6.520000e-01
5.986972e-02 1.916235e-06 6.530000e-01
5.666588e-02 1.750605e-06 6.540000e-01
5.327503e-02 1.587384e-06 6.550000e-01
4.969672e-02 1.426974e-06 6.560000e-01
4.593077e-02 1.269782e-06 6.570000e-01
4.197728e-02 1.116218e-06 6.580000e-01
3.783661e-02 9.666970e-07 6.590000e-01
3.350944e-02 8.216354e-07 6.600000e-01
2.899674e-02 6.814549e-07 6.610000e-01
2.429977e-02 5.465801e-07 6.620000e-01
1.942014e-02 4.174395e-07 6.630000e-01
1.435977e-02 2.944648e-07 6.640000e-01
9.120901e-03 1.780916e-07 6.650000e-01
3.706131e-03 6.875881e-08 6.660000e-01
1.881598e-03 3.309543e-08 6.670000e-01
7.638990e-03 1.272910e-07 6.680000e-01
1.356238e-02 2.140495e-07 6.690000e-01
1.964775e-02 2.936239e-07 6.700000e-01
2.589068e-02 3.662639e-07 6.710000e-01
3.228638e-02 4.322157e-07 6.720000e-01
3.882969e-02 4.917221e-07 6.730000e-01
4.551501e-02 5.450225e-07 6.740000e-01
5.233639e-02 5.923531e-07 6.750000e-01
5.928744e-02 6.339466e-07 6.760000e-01
6.636138e-02 6.700324e-07 6.770000e-01
7.355100e-02 7.008368e-07 6.780000e-01
8.084869e-02 7.265827e-07 6.790000e-01
8.824642e-02 7.474895e-07 6.800000e-01
9.573571e-02 7.637739e-07 6.810000e-01
1.033077e-01 7.756488e-07 6.820000e-01
1.109530e-01 7.833243e-07 6.830000e-01
1.186620e-01 7.870072e-07 6.840000e-01
1.264244e-01 7.869010e-07 6.850000e-01
1.342296e-01 7.832062e-07 6.860000e-01
1.420667e-01 7.761200e-07 6.870000e-01
1.499241e-01 7.658367e-07 6.880000e-01
1.577900e-01 7.525473e-07 6.890000e-01
1.656521e-01 7.364398e-07 6.900000e-01
1.734976e-01 7.176992e-07 6.910000e-01
1.813133e-01 6.965072e-07 6.920000e-01
1.890857e-01 6.730428e-07 6.930000e-01
1.968009e-01 6.474816e-07 6.940000e-01
2.044445e-01 6.199965e-07 6.950000e-01
2.120017e-01 5.907573e-07 6.960000e-01
2.194573e-01 5.599308e-07 6.970000e-01
2.267958e-01 5.276809e-07 6.980000e-01
2.340013e-01 4.941684e-07 6.990000e-01
2.410576e-01 4.595514e-07 7.000000e-01
2.479480e-01 4.239848e-07 7.010000e-01
2.546555e-01 3.876210e-07 7.020000e-01
2.611630e-01 3.506091e-07 7.030000e-01
2.674529e-01 3.130957e-07 7.040000e-01
2.735071e-01 2.752242e-07 7.050000e-01
2.793077e-01 2.371353e-07 7.060000e-01
2.848362e-01 1.989671e-07 7.070000e-01
2.900738e-01 1.608545e-07 7.080000e-01
2.950018e-01 1.229299e-07 7.090000e-01
2.996010e-01 8.532273e-08 7.100000e-01
3.038522e-01 4.815982e-08 7.110000e-01
3.077359e-01 1.156514e-08 7.120000e-01
3.112325e-01 2.434005e-08 7.130000e-01
3.143223e-01 5.943722e-08 7.140000e-01
3.169855e-01 9.361054e-08 7.150000e-01
3.192023e-01 1.267469e-07 7.160000e-01
3.209528e-01 1.587358e-07 7.170000e-01
3.222171e-01 1.894695e-07 7.180000e-01
3.229753e-01 2.188429e-07 7.190000e-01
3.232075e-01 2.467535e-07 7.200000e-01
3.228942e-01 2.731014e-07 7.210000e-01
3.220155e-01 2.977894e-07 7.220000e-01
3.205522e-01 3.207229e-07 7.230000e-01
3.184848e-01 3.418098e-07 7.240000e-01
3.157944e-01 3.609605e-07 7.250000e-01
3.124621e-01 3.780883e-07 7.260000e-01
3.084696e-01 3.931088e-07 7.270000e-01
3.037985e-01 4.059400e-07 7.280000e-01
2.984313e-01 4.165028e-07 7.290000e-01
2.923506e-01 4.247203e-07 7.300000e-01
2.855394e-01 4.305182e-07 7.310000e-01
2.779816e-01 4.338247e-07 7.320000e-01
2.696612e-01 4.345704e-07 7.330000e-01
2.605632e-01 4.326886e-07 7.340000e-01
2.506730e-01 4.281147e-07 7.350000e-01
2.399769e-01 4.207867e-07 7.360000e-01
2.284617e-01 4.106451e-07 7.370000e-01
2.161153e-01 3.976328e-07 7.380000e-01
2.029262e-01 3.816950e-07 7.390000e-01
1.888840e-01 3.627792e-07 7.400000e-01
1.739792e-01 3.408356e-07 7.410000e-01
1.582033e-01 3.158164e-07 7.420000e-01
1.415490e-01 2.876764e-07 7.430000e-01
1.240098e-01 2.563727e-07 7.440000e-01
1.055808e-01 2.218647e-07 7.450000e-01
8.625804e-02 1.841141e-07 7.460000e-01
6.603906e-02 1.430848e-07 7.470000e-01
4.492264e-02 9.874327e-08 7.480000e-01
2.290905e-02 5.105804e-08 7.490000e-01
3.386180e-14 0.000000e+00 7.500000e-01
2.380124e-02 5.443267e-08 7.510000e-01
4.848982e-02 1.121393e-07 7.520000e-01
7.405919e-02 1.729919e-07 7.530000e-01
1.005011e-01 2.368604e-07 7.540000e-01
1.278056e-01 3.036122e-07 7.550000e-01
1.559607e-01 3.731128e-07 7.560000e-01
1.849527e-01 4.452254e-07 7.570000e-01
2.147659e-01 5.198110e-07 7.580000e-01
2.453825e-01 5.967284e-07 7.590000e-01
2.767826e-01 6.758343e-07 7.600000e-01
3.089444e-01 7.569831e-07 7.610000e-01
3.418436e-01 8.400273e-07 7.620000e-01
3.754537e-01 9.248171e-07 7.630000e-01
4.097462e-01 1.011200e-06 7.640000e-01
4.446898e-01 1.099024e-06 7.650000e-01
4.802510e-01 1.188130e-06 7.660000e-01
5.163939e-01 1.278362e-06 7.670000e-01
5.530800e-01 1.369559e-06 7.680000e-01
5.902681e-01 1.461559e-06 7.690000e-01
6.279144e-01 1.554197e-06 7.700000e-01
6.659728e-01 1.647307e-06 7.710000e-01
7.043939e-01 1.740720e-06 7.720000e-01
7.431260e-01 1.834265e-06 7.730000e-01
7.821144e-01 1.927771e-06 7.740000e-01
8.213017e-01 2.021063e-06 7.750000e-01
8.606274e-01 2.113963e-06 7.760000e-01
9.000284e-01 2.206294e-06 7.770000e-01
9.394384e-01 2.297874e-06 7.780000e-01
9.787882e-01 2.388522e-06 7.790000e-01
1.018006e+00 2.478052e-06 7.800000e-01
1.057016e+00 2.566278e-06 7.810000e-01
1.095741e+00 2.653013e-06 7.820000e-01
1.134099e+00 2.738064e-06 7.830000e-01
1.172007e+00 2.821241e-06 7.840000e-01
1.209376e+00 2.902348e-06 7.850000e-01
1.246117e+00 2.981190e-06 7.860000e-01
1.282137e+00 3.057569e-06 7.870000e-01
1.317339e+00 3.131284e-06 7.880000e-01
1.351625e+00 3.202134e-06 7.890000e-01
1.384891e+00 3.269915e-06 7.900000e-01
1.417032e+00 3.334422e-06 7.910000e-01
1.447942e+00 3.395447e-06 7.920000e-01
1.477508e+00 3.452781e-06 7.930000e-01
1.505617e+00 3.506212e-06 7.940000e-01
1.532153e+00 3.555528e-06 7.950000e-01
1.556997e+00 3.600514e-06 7.960000e-01
1.580026e+00 3.640953e-06 7.970000e-01
1.601117e+00 3.676628e-06 7.980000e-01
1.620142e+00 3.707316e-06 7.990000e-01
1.636973e+00 3.732798e-06 8.000000e-01
1.651478e+00 3.752848e-06 8.010000e-01
1.663524e+00 3.767242e-06 8.020000e-01
1.672975e+00 3.775751e-06 8.030000e-01
1.679695e+00 3.778147e-06 8.040000e-01
1.683542e+00 3.774200e-06 8.050000e-01
1.684378e+00 3.763675e-06 8.060000e-01
1.682059e+00 3.746340e-06 8.070000e-01
1.676443e+00 3.721957e-06 8.080000e-01
1.667384e+00 3.690290e-06 8.090000e-01
1.654737e+00 3.651098e-06 8.100000e-01
1.638357e+00 3.604141e-06 8.110000e-01
1.618096e+00 3.549175e-06 8.120000e-01
1.593807e+00 3.485956e-06 8.130000e-01
1.565344e+00 3.414238e-06 8.140000e-01
1.532561e+00 3.333772e-06 8.150000e-01
1.495310e+00 3.244310e-06 8.160000e-01
1.453447e+00 3.145599e-06 8.170000e-01
1.406828e+00 3.037387e-06 8.180000e-01
1.355309e+00 2.919419e-06 8.190000e-01
1.298749e+00 2.791440e-06 8.200000e-01
1.237011e+00 2.653191e-06 8.210000e-01
1.169956e+00 2.504412e-06 8.220000e-01
1.097451e+00 2.344843e-06 8.230000e-01
1.019365e+00 2.174221e-06 8.240000e-01
9.355705e-01 1.992282e-06 8.250000e-01
8.459449e-01 1.798759e-06 8.260000e-01
7.503691e-01 1.593386e-06 8.270000e-01
6.487287e-01 1.375893e-06 8.280000e-01
5.409149e-01 1.146010e-06 8.290000e-01
4.268246e-01 9.034643e-07 8.300000e-01
3.063609e-01 6.479821e-07 8.310000e-01
1.794334e-01 3.792884e-07 8.320000e-01
4.595939e-02 9.710624e-08 8.330000e-01
9.413649e-02 1.987904e-07 8.340000e-01
2.409211e-01 5.080192e-07 8.350000e-01
3.944523e-01 8.298062e-07 8.360000e-01
5.547786e-01 1.163372e-06 8.370000e-01
7.219385e-01 1.507940e-06 8.380000e-01
8.959596e-01 1.862733e-06 8.390000e-01
1.076858e+00 2.226978e-06 8.400000e-01
1.264639e+00 2.599900e-06 8.410000e-01
1.459293e+00 2.980729e-06 8.420000e-01
1.660799e+00 3.368694e-06 8.430000e-01
1.869122e+00 3.763028e-06 8.440000e-01
2.084210e+00 4.162961e-06 8.450000e-01
2.305998e+00 4.567730e-06 8.460000e-01
2.534404e+00 4.976569e-06 8.470000e-01
2.769328e+00 5.388717e-06 8.480000e-01
3.010655e+00 5.803411e-06 8.490000e-01
3.258247e+00 6.219892e-06 8.500000e-01
3.511951e+00 6.637401e-06 8.510000e-01
3.771592e+00 7.055181e-06 8.520000e-01
4.036973e+00 7.472477e-06 8.530000e-01
4.307877e+00 7.888534e-06 8.540000e-01
4.584064e+00 8.302600e-06 8.550000e-01
4.865269e+00 8.713923e-06 8.560000e-01
5.151204e+00 9.121753e-06 8.570000e-01
5.441556e+00 9.525342e-06 8.580000e-01
5.735986e+00 9.923942e-06 8.590000e-01
6.034125e+00 1.031681e-05 8.600000e-01
6.335581e+00 1.070319e-05 8.610000e-01
6.639929e+00 1.108236e-05 8.620000e-01
6.946716e+00 1.145356e-05 8.630000e-01
7.255459e+00 1.181605e-05 8.640000e-01
7.565643e+00 1.216910e-05 8.650000e-01
7.876720e+00 1.251197e-05 8.660000e-01
8.188109e+00 1.284392e-05 8.670000e-01
8.499196e+00 1.316422e-05 8.680000e-01
8.809331e+00 1.347214e-05 8.690000e-01
9.117829e+00 1.376693e-05 8.700000e-01
9.423966e+00 1.404787e-05 8.710000e-01
9.726983e+00 1.431423e-05 8.720000e-01
1.002608e+01 1.456529e-05 8.730000e-01
1.032043e+01 1.480031e-05 8.740000e-01
1.060914e+01 1.501856e-05 8.750000e-01
1.089130e+01 1.521933e-05 8.760000e-01
1.116595e+01 1.540189e-05 8.770000e-01
1.143208e+01 1.556552e-05 8.780000e-01
1.168867e+01 1.570949e-05 8.790000e-01
1.193461e+01 1.583310e-05 8.800000e-01
1.216877e+01 1.593561e-05 8.810000e-01
1.238999e+01 1.601631e-05 8.820000e-01
1.259704e+01 1.607449e-05 8.830000e-01
1.278865e+01 1.610943e-05 8.840000e-01
1.296351e+01 1.612042e-05 8.850000e-01
1.312027e+01 1.610675e-05 8.860000e-01
1.325752e+01 1.606770e-05 8.870000e-01
1.337381e+01 1.600256e-05 8.880000e-01
1.346765e+01 1.591064e-05 8.890000e-01
1.353749e+01 1.579121e-05 8.900000e-01
1.358175e+01 1.564358e-05 8.910000e-01
1.359878e+01 1.546704e-05 8.920000e-01
1.358692e+01 1.526088e-05 8.930000e-01
1.354443e+01 1.502441e-05 8.940000e-01
1.346954e+01 1.475691e-05 8.950000e-01
1.336043e+01 1.445770e-05 8.960000e-01
1.321526e+01 1.412608e-05 8.970000e-01
1.303212e+01 1.376133e-05 8.980000e-01
1.280906e+01 1.336278e-05 8.990000e-01
1.254411e+01 1.292972e-05 9.000000e-01
1.223524e+01 1.246145e-05 9.010000e-01
1.188040e+01 1.195730e-05 9.020000e-01
1.147750e+01 1.141656e-05 9.030000e-01
1.102440e+01 1.083854e-05 9.040000e-01
1.051895e+01 1.022255e-05 9.050000e-01
9.958963e+00 9.567911e-06 9.060000e-01
9.342228e+00 8.873927e-06 9.070000e-01
8.666507e+00 8.139916e-06 9.080000e-01
7.929544e+00 7.365190e-06 9.090000e-01
7.129065e+00 6.549067e-06 9.100000e-01
6.262784e+00 5.690863e-06 9.110000e-01
5.328405e+00 4.789896e-06 9.120000e-01
4.323627e+00 3.845487e-06 9.130000e-01
3.246147e+00 2.856954e-06 9.140000e-01
2.093669e+00 1.823621e-06 9.150000e-01
8.639036e-01 7.448082e-07 9.160000e-01
4.454210e-01 3.801387e-07 9.170000e-01
1.836557e+00 1.550649e-06 9.180000e-01
3.311729e+00 2.764250e-06 9.190000e-01
4.873126e+00 4.018304e-06 9.200000e-01
6.522898e+00 5.310172e-06 9.210000e-01
8.263143e+00 6.637216e-06 9.220000e-01
1.009590e+01 7.996795e-06 9.230000e-01
1.202316e+01 9.386267e-06 9.240000e-01
1.404680e+01 1.080299e-05 9.250000e-01
1.616865e+01 1.224432e-05 9.260000e-01
1.839043e+01 1.370761e-05 9.270000e-01
2.071375e+01 1.519022e-05 9.280000e-01
2.314011e+01 1.668949e-05 9.290000e-01
2.567088e+01 1.820279e-05 9.300000e-01
2.830727e+01 1.972746e-05 9.310000e-01
3.105036e+01 2.126086e-05 9.320000e-01
3.390105e+01 2.280032e-05 9.330000e-01
3.686005e+01 2.434321e-05 9.340000e-01
3.992786e+01 2.588686e-05 9.350000e-01
4.310479e+01 2.742863e-05 9.360000e-01
4.639089e+01 2.896586e-05 9.370000e-01
4.978598e+01 3.049588e-05 9.380000e-01
5.328957e+01 3.201605e-05 9.390000e-01
5.690092e+01 3.352371e-05 9.400000e-01
6.061895e+01 3.501620e-05 9.410000e-01
6.444225e+01 3.649086e-05 9.420000e-01
6.836905e+01 3.794502e-05 9.430000e-01
7.239721e+01 3.937604e-05 9.440000e-01
7.652417e+01 4.078123e-05 9.450000e-01
8.074693e+01 4.215794e-05 9.460000e-01
8.506203e+01 4.350351e-05 9.470000e-01
8.946553e+01 4.481526e-05 9.480000e-01
9.395295e+01 4.609054e-05 9.490000e-01
9.851927e+01 4.732668e-05 9.500000e-01
1.031589e+02 4.852099e-05 9.510000e-01
1.078655e+02 4.967083e-05 9.520000e-01
1.126323e+02 5.077351e-05 9.530000e-01
1.174517e+02 5.182636e-05 9.540000e-01
1.223153e+02 5.282672e-05 9.550000e-01
1.272140e+02 5.377191e-05 9.560000e-01
1.321380e+02 5.465925e-05 9.570000e-01
1.370764e+02 5.548607e-05 9.580000e-01
1.420175e+02 5.624969e-05 9.590000e-01
1.469487e+02 5.694744e-05 9.600000e-01
1.518563e+02 5.757664e-05 9.610000e-01
1.567256e+02 5.813461e-05 9.620000e-01
1.615408e+02 5.861867e-05 9.630000e-01
1.662848e+02 5.902613e-05 9.640000e-01
1.709393e+02 5.935433e-05 9.650000e-01
1.754850e+02 5.960057e-05 9.660000e-01
1.799007e+02 5.976217e-05 9.670000e-01
1.841643e+02 5.983646e-05 9.680000e-01
1.882519e+02 5.982073e-05 9.690000e-01
1.921381e+02 5.971231e-05 9.700000e-01
1.957960e+02 5.950852e-05 9.710000e-01
1.991967e+02 5.920665e-05 9.720000e-01
2.023097e+02 5.880403e-05 9.730000e-01
2.051027e+02 5.829796e-05 9.740000e-01
2.075412e+02 5.768576e-05 9.750000e-01
2.095888e+02 5.696473e-05 9.760000e-01
2.112069e+02 5.613218e-05 9.770000e-01
2.123547e+02 5.518542e-05 9.780000e-01
2.129889e+02 5.412175e-05 9.790000e-01
2.130640e+02 5.293849e-05 9.800000e-01
2.125318e+02 5.163292e-05 9.810000e-01
2.113414e+02 5.020237e-05 9.820000e-01
2.094390e+02 4.864413e-05 9.830000e-01
2.067683e+02 4.695549e-05 9.840000e-01
2.032696e+02 4.513378e-05 9.850000e-01
1.988801e+02 4.317628e-05 9.860000e-01
1.935337e+02 4.108029e-05 9.870000e-01
1.871611e+02 3.884311e-05 9.880000e-01
1.796892e+02 3.646205e-05 9.890000e-01
1.710411e+02 3.393439e-05 9.900000e-01
1.611363e+02 3.125743e-05 9.910000e-01
1.498900e+02 2.842848e-05 9.920000e-01
1.372135e+02 2.544482e-05 9.930000e-01
1.230133e+02 2.230375e-05 9.940000e-01
1.071919e+02 1.900255e-05 9.950000e-01
8.964649e+01 1.553853e-05 9.960000e-01
7.026983e+01 1.190898e-05 9.970000e-01
4.894934e+01 8.111177e-06 9.980000e-01
2.556718e+01 4.142422e-06 9.990000e-01
