3.898172e-17 -1.000000e+00
9.927625e-02 -8.947368e-01
1.230777e-01 -7.894737e-01
2.552435e-02 -6.842105e-01
-1.348356e-01 -5.789474e-01
-2.171416e-01 -4.736842e-01
-9.351171e-02 -3.684211e-01
2.476460e-01 -2.631579e-01
6.696924e-01 -1.578947e-01
9.594921e-01 -5.263158e-02
9.594921e-01 5.263158e-02
6.696924e-01 1.578947e-01
2.476460e-01 2.631579e-01
-9.351171e-02 3.684211e-01
-2.171416e-01 4.736842e-01
-1.348356e-01 5.789474e-01
2.552435e-02 6.842105e-01
1.230777e-01 7.894737e-01
9.927625e-02 8.947368e-01
3.898172e-17 1.000000e+00
