3.898172e-17 -1.000000e+00
1.009116e-03 -9.990000e-01
2.019613e-03 -9.980000e-01
3.031429e-03 -9.970000e-01
4.044504e-03 -9.960000e-01
5.058776e-03 -9.950000e-01
6.074180e-03 -9.940000e-01
7.090654e-03 -9.930000e-01
8.108131e-03 -9.920000e-01
9.126545e-03 -9.910000e-01
1.014583e-02 -9.900000e-01
1.116591e-02 -9.890000e-01
1.218673e-02 -9.880000e-01
1.320821e-02 -9.870000e-01
1.423029e-02 -9.860000e-01
1.525288e-02 -9.850000e-01
1.627592e-02 -9.840000e-01
1.729933e-02 -9.830000e-01
1.832305e-02 -9.820000e-01
1.934699e-02 -9.810000e-01
2.037109e-02 -9.800000e-01
2.139525e-02 -9.790000e-01
2.241942e-02 -9.780000e-01
2.344351e-02 -9.770000e-01
2.446744e-02 -9.760000e-01
2.549113e-02 -9.750000e-01
2.651451e-02 -9.740000e-01
2.753750e-02 -9.730000e-01
2.856001e-02 -9.720000e-01
2.958196e-02 -9.710000e-01
3.060328e-02 -9.700000e-01
3.162388e-02 -9.690000e-01
3.264368e-02 -9.680000e-01
3.366260e-02 -9.670000e-01
3.468055e-02 -9.660000e-01
3.569745e-02 -9.650000e-01
3.671322e-02 -9.640000e-01
3.772777e-02 -9.630000e-01
3.874102e-02 -9.620000e-01
3.975288e-02 -9.610000e-01
4.076327e-02 -9.600000e-01
4.177210e-02 -9.590000e-01
4.277928e-02 -9.580000e-01
4.378474e-02 -9.570000e-01
4.478838e-02 -9.560000e-01
4.579011e-02 -9.550000e-01
4.678986e-02 -9.540000e-01
4.778753e-02 -9.530000e-01
4.878303e-02 -9.520000e-01
4.977628e-02 -9.510000e-01
5.076720e-02 -9.500000e-01
5.175568e-02 -9.490000e-01
5.274165e-02 -9.480000e-01
5.372501e-02 -9.470000e-01
5.470569e-02 -9.460000e-01
5.568358e-02 -9.450000e-01
5.665860e-02 -9.440000e-01
5.763067e-02 -9.430000e-01
5.859969e-02 -9.420000e-01
5.956557e-02 -9.410000e-01
6.052823e-02 -9.400000e-01
6.148758e-02 -9.390000e-01
6.244353e-02 -9.380000e-01
6.339598e-02 -9.370000e-01
6.434486e-02 -9.360000e-01
6.529007e-02 -9.350000e-01
6.623153e-02 -9.340000e-01
6.716914e-02 -9.330000e-01
6.810282e-02 -9.320000e-01
6.903247e-02 -9.310000e-01
6.995801e-02 -9.300000e-01
7.087936e-02 -9.290000e-01
7.179642e-02 -9.280000e-01
7.270910e-02 -9.270000e-01
7.361731e-02 -9.260000e-01
7.452098e-02 -9.250000e-01
7.542001e-02 -9.240000e-01
7.631431e-02 -9.230000e-01
7.720379e-02 -9.220000e-01
7.808837e-02 -9.210000e-01
7.896796e-02 -9.200000e-01
7.984248e-02 -9.190000e-01
8.071183e-02 -9.180000e-01
8.157594e-02 -9.170000e-01
8.243470e-02 -9.160000e-01
8.328805e-02 -9.150000e-01
8.413589e-02 -9.140000e-01
8.497813e-02 -9.130000e-01
8.581469e-02 -9.120000e-01
8.664549e-02 -9.110000e-01
8.747044e-02 -9.100000e-01
8.828946e-02 -9.090000e-01
8.910246e-02 -9.080000e-01
8.990936e-02 -9.070000e-01
9.071007e-02 -9.060000e-01
9.150451e-02 -9.050000e-01
9.229260e-02 -9.040000e-01
9.307426e-02 -9.030000e-01
9.384939e-02 -9.020000e-01
9.461793e-02 -9.010000e-01
9.537979e-02 -9.000000e-01
9.613489e-02 -8.990000e-01
9.688315e-02 -8.980000e-01
9.762448e-02 -8.970000e-01
9.835881e-02 -8.960000e-01
9.908606e-02 -8.950000e-01
9.980615e-02 -8.940000e-01
1.005190e-01 -8.930000e-01
1.012245e-01 -8.920000e-01
1.019226e-01 -8.910000e-01
1.026133e-01 -8.900000e-01
1.032964e-01 -8.890000e-01
1.039719e-01 -8.880000e-01
1.046397e-01 -8.870000e-01
1.052997e-01 -8.860000e-01
1.059518e-01 -8.850000e-01
1.065960e-01 -8.840000e-01
1.072322e-01 -8.830000e-01
1.078603e-01 -8.820000e-01
1.084803e-01 -8.810000e-01
1.090921e-01 -8.800000e-01
1.096955e-01 -8.790000e-01
1.102906e-01 -8.780000e-01
1.108773e-01 -8.770000e-01
1.114555e-01 -8.760000e-01
1.120250e-01 -8.750000e-01
1.125860e-01 -8.740000e-01
1.131382e-01 -8.730000e-01
1.136816e-01 -8.720000e-01
1.142162e-01 -8.710000e-01
1.147419e-01 -8.700000e-01
1.152585e-01 -8.690000e-01
1.157662e-01 -8.680000e-01
1.162647e-01 -8.670000e-01
1.167540e-01 -8.660000e-01
1.172341e-01 -8.650000e-01
1.177049e-01 -8.640000e-01
1.181663e-01 -8.630000e-01
1.186183e-01 -8.620000e-01
1.190608e-01 -8.610000e-01
1.194938e-01 -8.600000e-01
1.199171e-01 -8.590000e-01
1.203308e-01 -8.580000e-01
1.207347e-01 -8.570000e-01
1.211288e-01 -8.560000e-01
1.215131e-01 -8.550000e-01
1.218875e-01 -8.540000e-01
1.222520e-01 -8.530000e-01
1.226064e-01 -8.520000e-01
1.229508e-01 -8.510000e-01
1.232850e-01 -8.500000e-01
1.236091e-01 -8.490000e-01
1.239229e-01 -8.480000e-01
1.242265e-01 -8.470000e-01
1.245197e-01 -8.460000e-01
1.248026e-01 -8.450000e-01
1.250750e-01 -8.440000e-01
1.253370e-01 -8.430000e-01
1.255884e-01 -8.420000e-01
1.258293e-01 -8.410000e-01
1.260596e-01 -8.400000e-01
1.262791e-01 -8.390000e-01
1.264880e-01 -8.380000e-01
1.266862e-01 -8.370000e-01
1.268735e-01 -8.360000e-01
1.270500e-01 -8.350000e-01
1.272157e-01 -8.340000e-01
1.273704e-01 -8.330000e-01
1.275142e-01 -8.320000e-01
1.276469e-01 -8.310000e-01
1.277687e-01 -8.300000e-01
1.278793e-01 -8.290000e-01
1.279789e-01 -8.280000e-01
1.280673e-01 -8.270000e-01
1.281446e-01 -8.260000e-01
1.282106e-01 -8.250000e-01
1.282654e-01 -8.240000e-01
1.283089e-01 -8.230000e-01
1.283411e-01 -8.220000e-01
1.283620e-01 -8.210000e-01
1.283715e-01 -8.200000e-01
1.283696e-01 -8.190000e-01
1.283563e-01 -8.180000e-01
1.283315e-01 -8.170000e-01
1.282953e-01 -8.160000e-01
1.282475e-01 -8.150000e-01
1.281883e-01 -8.140000e-01
1.281175e-01 -8.130000e-01
1.280351e-01 -8.120000e-01
1.279411e-01 -8.110000e-01
1.278355e-01 -8.100000e-01
1.277183e-01 -8.090000e-01
1.275895e-01 -8.080000e-01
1.274489e-01 -8.070000e-01
1.272967e-01 -8.060000e-01
1.271328e-01 -8.050000e-01
1.269571e-01 -8.040000e-01
1.267698e-01 -8.030000e-01
1.265706e-01 -8.020000e-01
1.263598e-01 -8.010000e-01
1.261371e-01 -8.000000e-01
1.259027e-01 -7.990000e-01
1.256565e-01 -7.980000e-01
1.253985e-01 -7.970000e-01
1.251287e-01 -7.960000e-01
1.248471e-01 -7.950000e-01
1.245537e-01 -7.940000e-01
1.242484e-01 -7.930000e-01
1.239314e-01 -7.920000e-01
1.236025e-01 -7.910000e-01
1.232617e-01 -7.900000e-01
1.229092e-01 -7.890000e-01
1.225448e-01 -7.880000e-01
1.221686e-01 -7.870000e-01
1.217806e-01 -7.860000e-01
1.213807e-01 -7.850000e-01
1.209690e-01 -7.840000e-01
1.205456e-01 -7.830000e-01
1.201103e-01 -7.820000e-01
1.196632e-01 -7.810000e-01
1.192043e-01 -7.800000e-01
1.187336e-01 -7.790000e-01
1.182512e-01 -7.780000e-01
1.177570e-01 -7.770000e-01
1.172511e-01 -7.760000e-01
1.167334e-01 -7.750000e-01
1.162040e-01 -7.740000e-01
1.156629e-01 -7.730000e-01
1.151101e-01 -7.720000e-01
1.145456e-01 -7.710000e-01
1.139695e-01 -7.700000e-01
1.133817e-01 -7.690000e-01
1.127823e-01 -7.680000e-01
1.121714e-01 -7.670000e-01
1.115488e-01 -7.660000e-01
1.109147e-01 -7.650000e-01
1.102691e-01 -7.640000e-01
1.096120e-01 -7.630000e-01
1.089434e-01 -7.620000e-01
1.082633e-01 -7.610000e-01
1.075719e-01 -7.600000e-01
1.068690e-01 -7.590000e-01
1.061548e-01 -7.580000e-01
1.054292e-01 -7.570000e-01
1.046924e-01 -7.560000e-01
1.039443e-01 -7.550000e-01
1.031849e-01 -7.540000e-01
1.024144e-01 -7.530000e-01
1.016327e-01 -7.520000e-01
1.008399e-01 -7.510000e-01
1.000360e-01 -7.500000e-01
9.922102e-02 -7.490000e-01
9.839506e-02 -7.480000e-01
9.755815e-02 -7.470000e-01
9.671031e-02 -7.460000e-01
9.585159e-02 -7.450000e-01
9.498204e-02 -7.440000e-01
9.410170e-02 -7.430000e-01
9.321061e-02 -7.420000e-01
9.230883e-02 -7.410000e-01
9.139641e-02 -7.400000e-01
9.047338e-02 -7.390000e-01
8.953980e-02 -7.380000e-01
8.859573e-02 -7.370000e-01
8.764120e-02 -7.360000e-01
8.667629e-02 -7.350000e-01
8.570104e-02 -7.340000e-01
8.471550e-02 -7.330000e-01
8.371973e-02 -7.320000e-01
8.271380e-02 -7.310000e-01
8.169775e-02 -7.300000e-01
8.067164e-02 -7.290000e-01
7.963554e-02 -7.280000e-01
7.858951e-02 -7.270000e-01
7.753361e-02 -7.260000e-01
7.646789e-02 -7.250000e-01
7.539243e-02 -7.240000e-01
7.430729e-02 -7.230000e-01
7.321253e-02 -7.220000e-01
7.210823e-02 -7.210000e-01
7.099444e-02 -7.200000e-01
6.987124e-02 -7.190000e-01
6.873870e-02 -7.180000e-01
6.759688e-02 -7.170000e-01
6.644586e-02 -7.160000e-01
6.528571e-02 -7.150000e-01
6.411650e-02 -7.140000e-01
6.293832e-02 -7.130000e-01
6.175122e-02 -7.120000e-01
6.055529e-02 -7.110000e-01
5.935061e-02 -7.100000e-01
5.813725e-02 -7.090000e-01
5.691529e-02 -7.080000e-01
5.568481e-02 -7.070000e-01
5.444589e-02 -7.060000e-01
5.319862e-02 -7.050000e-01
5.194306e-02 -7.040000e-01
5.067932e-02 -7.030000e-01
4.940747e-02 -7.020000e-01
4.812760e-02 -7.010000e-01
4.683978e-02 -7.000000e-01
4.554412e-02 -6.990000e-01
4.424070e-02 -6.980000e-01
4.292959e-02 -6.970000e-01
4.161091e-02 -6.960000e-01
4.028472e-02 -6.950000e-01
3.895113e-02 -6.940000e-01
3.761023e-02 -6.930000e-01
3.626211e-02 -6.920000e-01
3.490686e-02 -6.910000e-01
3.354458e-02 -6.900000e-01
3.217536e-02 -6.890000e-01
3.079929e-02 -6.880000e-01
2.941648e-02 -6.870000e-01
2.802703e-02 -6.860000e-01
2.663102e-02 -6.850000e-01
2.522856e-02 -6.840000e-01
2.381976e-02 -6.830000e-01
2.240470e-02 -6.820000e-01
2.098349e-02 -6.810000e-01
1.955624e-02 -6.800000e-01
1.812304e-02 -6.790000e-01
1.668401e-02 -6.780000e-01
1.523924e-02 -6.770000e-01
1.378884e-02 -6.760000e-01
1.233291e-02 -6.750000e-01
1.087157e-02 -6.740000e-01
9.404923e-03 -6.730000e-01
7.933071e-03 -6.720000e-01
6.456126e-03 -6.710000e-01
4.974199e-03 -6.700000e-01
3.487399e-03 -6.690000e-01
1.995837e-03 -6.680000e-01
4.996263e-04 -6.670000e-01
-1.001122e-03 -6.660000e-01
-2.506295e-03 -6.650000e-01
-4.015778e-03 -6.640000e-01
-5.529457e-03 -6.630000e-01
-7.047217e-03 -6.620000e-01
-8.568942e-03 -6.610000e-01
-1.009452e-02 -6.600000e-01
-1.162382e-02 -6.590000e-01
-1.315674e-02 -6.580000e-01
-1.469316e-02 -6.570000e-01
-1.623295e-02 -6.560000e-01
-1.777600e-02 -6.550000e-01
-1.932218e-02 -6.540000e-01
-2.087139e-02 -6.530000e-01
-2.242349e-02 -6.520000e-01
-2.397836e-02 -6.510000e-01
-2.553588e-02 -6.500000e-01
-2.709593e-02 -6.490000e-01
-2.865839e-02 -6.480000e-01
-3.022312e-02 -6.470000e-01
-3.179001e-02 -6.460000e-01
-3.335893e-02 -6.450000e-01
-3.492976e-02 -6.440000e-01
-3.650236e-02 -6.430000e-01
-3.807661e-02 -6.420000e-01
-3.965239e-02 -6.410000e-01
-4.122957e-02 -6.400000e-01
-4.280801e-02 -6.390000e-01
-4.438760e-02 -6.380000e-01
-4.596819e-02 -6.370000e-01
-4.754966e-02 -6.360000e-01
-4.913189e-02 -6.350000e-01
-5.071474e-02 -6.340000e-01
-5.229807e-02 -6.330000e-01
-5.388176e-02 -6.320000e-01
-5.546568e-02 -6.310000e-01
-5.704969e-02 -6.300000e-01
-5.863366e-02 -6.290000e-01
-6.021746e-02 -6.280000e-01
-6.180096e-02 -6.270000e-01
-6.338402e-02 -6.260000e-01
-6.496650e-02 -6.250000e-01
-6.654827e-02 -6.240000e-01
-6.812920e-02 -6.230000e-01
-6.970916e-02 -6.220000e-01
-7.128800e-02 -6.210000e-01
-7.286559e-02 -6.200000e-01
-7.444179e-02 -6.190000e-01
-7.601648e-02 -6.180000e-01
-7.758950e-02 -6.170000e-01
-7.916073e-02 -6.160000e-01
-8.073002e-02 -6.150000e-01
-8.229725e-02 -6.140000e-01
-8.386226e-02 -6.130000e-01
-8.542493e-02 -6.120000e-01
-8.698511e-02 -6.110000e-01
-8.854267e-02 -6.100000e-01
-9.009747e-02 -6.090000e-01
-9.164936e-02 -6.080000e-01
-9.319822e-02 -6.070000e-01
-9.474389e-02 -6.060000e-01
-9.628624e-02 -6.050000e-01
-9.782514e-02 -6.040000e-01
-9.936043e-02 -6.030000e-01
-1.008920e-01 -6.020000e-01
-1.024197e-01 -6.010000e-01
-1.039433e-01 -6.000000e-01
-1.054628e-01 -5.990000e-01
-1.069780e-01 -5.980000e-01
-1.084887e-01 -5.970000e-01
-1.099949e-01 -5.960000e-01
-1.114964e-01 -5.950000e-01
-1.129929e-01 -5.940000e-01
-1.144845e-01 -5.930000e-01
-1.159709e-01 -5.920000e-01
-1.174521e-01 -5.910000e-01
-1.189278e-01 -5.900000e-01
-1.203979e-01 -5.890000e-01
-1.218623e-01 -5.880000e-01
-1.233209e-01 -5.870000e-01
-1.247735e-01 -5.860000e-01
-1.262199e-01 -5.850000e-01
-1.276601e-01 -5.840000e-01
-1.290938e-01 -5.830000e-01
-1.305210e-01 -5.820000e-01
-1.319415e-01 -5.810000e-01
-1.333551e-01 -5.800000e-01
-1.347618e-01 -5.790000e-01
-1.361613e-01 -5.780000e-01
-1.375536e-01 -5.770000e-01
-1.389385e-01 -5.760000e-01
-1.403158e-01 -5.750000e-01
-1.416854e-01 -5.740000e-01
-1.430472e-01 -5.730000e-01
-1.444011e-01 -5.720000e-01
-1.457468e-01 -5.710000e-01
-1.470843e-01 -5.700000e-01
-1.484134e-01 -5.690000e-01
-1.497340e-01 -5.680000e-01
-1.510459e-01 -5.670000e-01
-1.523490e-01 -5.660000e-01
-1.536431e-01 -5.650000e-01
-1.549282e-01 -5.640000e-01
-1.562041e-01 -5.630000e-01
-1.574706e-01 -5.620000e-01
-1.587276e-01 -5.610000e-01
-1.599749e-01 -5.600000e-01
-1.612125e-01 -5.590000e-01
-1.624402e-01 -5.580000e-01
-1.636578e-01 -5.570000e-01
-1.648653e-01 -5.560000e-01
-1.660624e-01 -5.550000e-01
-1.672491e-01 -5.540000e-01
-1.684252e-01 -5.530000e-01
-1.695905e-01 -5.520000e-01
-1.707450e-01 -5.510000e-01
-1.718886e-01 -5.500000e-01
-1.730209e-01 -5.490000e-01
-1.741420e-01 -5.480000e-01
-1.752517e-01 -5.470000e-01
-1.763499e-01 -5.460000e-01
-1.774364e-01 -5.450000e-01
-1.785112e-01 -5.440000e-01
-1.795740e-01 -5.430000e-01
-1.806247e-01 -5.420000e-01
-1.816633e-01 -5.410000e-01
-1.826895e-01 -5.400000e-01
-1.837033e-01 -5.390000e-01
-1.847045e-01 -5.380000e-01
-1.856930e-01 -5.370000e-01
-1.866686e-01 -5.360000e-01
-1.876313e-01 -5.350000e-01
-1.885809e-01 -5.340000e-01
-1.895173e-01 -5.330000e-01
-1.904403e-01 -5.320000e-01
-1.913499e-01 -5.310000e-01
-1.922458e-01 -5.300000e-01
-1.931281e-01 -5.290000e-01
-1.939965e-01 -5.280000e-01
-1.948509e-01 -5.270000e-01
-1.956913e-01 -5.260000e-01
-1.965174e-01 -5.250000e-01
-1.973292e-01 -5.240000e-01
-1.981265e-01 -5.230000e-01
-1.989093e-01 -5.220000e-01
-1.996773e-01 -5.210000e-01
-2.004306e-01 -5.200000e-01
-2.011689e-01 -5.190000e-01
-2.018921e-01 -5.180000e-01
-2.026002e-01 -5.170000e-01
-2.032930e-01 -5.160000e-01
-2.039704e-01 -5.150000e-01
-2.046323e-01 -5.140000e-01
-2.052785e-01 -5.130000e-01
-2.059090e-01 -5.120000e-01
-2.065237e-01 -5.110000e-01
-2.071223e-01 -5.100000e-01
-2.077049e-01 -5.090000e-01
-2.082713e-01 -5.080000e-01
-2.088214e-01 -5.070000e-01
-2.093551e-01 -5.060000e-01
-2.098723e-01 -5.050000e-01
-2.103728e-01 -5.040000e-01
-2.108566e-01 -5.030000e-01
-2.113236e-01 -5.020000e-01
-2.117736e-01 -5.010000e-01
-2.122066e-01 -5.000000e-01
-2.126224e-01 -4.990000e-01
-2.130210e-01 -4.980000e-01
-2.134022e-01 -4.970000e-01
-2.137659e-01 -4.960000e-01
-2.141121e-01 -4.950000e-01
-2.144407e-01 -4.940000e-01
-2.147514e-01 -4.930000e-01
-2.150444e-01 -4.920000e-01
-2.153194e-01 -4.910000e-01
-2.155763e-01 -4.900000e-01
-2.158151e-01 -4.890000e-01
-2.160357e-01 -4.880000e-01
-2.162380e-01 -4.870000e-01
-2.164218e-01 -4.860000e-01
-2.165871e-01 -4.850000e-01
-2.167339e-01 -4.840000e-01
-2.168620e-01 -4.830000e-01
-2.169712e-01 -4.820000e-01
-2.170617e-01 -4.810000e-01
-2.171331e-01 -4.800000e-01
-2.171856e-01 -4.790000e-01
-2.172189e-01 -4.780000e-01
-2.172331e-01 -4.770000e-01
-2.172280e-01 -4.760000e-01
-2.172035e-01 -4.750000e-01
-2.171596e-01 -4.740000e-01
-2.170961e-01 -4.730000e-01
-2.170131e-01 -4.720000e-01
-2.169104e-01 -4.710000e-01
-2.167879e-01 -4.700000e-01
-2.166457e-01 -4.690000e-01
-2.164835e-01 -4.680000e-01
-2.163014e-01 -4.670000e-01
-2.160992e-01 -4.660000e-01
-2.158769e-01 -4.650000e-01
-2.156345e-01 -4.640000e-01
-2.153718e-01 -4.630000e-01
-2.150888e-01 -4.620000e-01
-2.147854e-01 -4.610000e-01
-2.144616e-01 -4.600000e-01
-2.141173e-01 -4.590000e-01
-2.137525e-01 -4.580000e-01
-2.133670e-01 -4.570000e-01
-2.129608e-01 -4.560000e-01
-2.125338e-01 -4.550000e-01
-2.120861e-01 -4.540000e-01
-2.116175e-01 -4.530000e-01
-2.111280e-01 -4.520000e-01
-2.106176e-01 -4.510000e-01
-2.100861e-01 -4.500000e-01
-2.095335e-01 -4.490000e-01
-2.089599e-01 -4.480000e-01
-2.083650e-01 -4.470000e-01
-2.077489e-01 -4.460000e-01
-2.071116e-01 -4.450000e-01
-2.064530e-01 -4.440000e-01
-2.057730e-01 -4.430000e-01
-2.050716e-01 -4.420000e-01
-2.043488e-01 -4.410000e-01
-2.036045e-01 -4.400000e-01
-2.028387e-01 -4.390000e-01
-2.020513e-01 -4.380000e-01
-2.012424e-01 -4.370000e-01
-2.004118e-01 -4.360000e-01
-1.995595e-01 -4.350000e-01
-1.986856e-01 -4.340000e-01
-1.977899e-01 -4.330000e-01
-1.968725e-01 -4.320000e-01
-1.959333e-01 -4.310000e-01
-1.949722e-01 -4.300000e-01
-1.939894e-01 -4.290000e-01
-1.929846e-01 -4.280000e-01
-1.919580e-01 -4.270000e-01
-1.909095e-01 -4.260000e-01
-1.898390e-01 -4.250000e-01
-1.887466e-01 -4.240000e-01
-1.876322e-01 -4.230000e-01
-1.864959e-01 -4.220000e-01
-1.853375e-01 -4.210000e-01
-1.841571e-01 -4.200000e-01
-1.829547e-01 -4.190000e-01
-1.817302e-01 -4.180000e-01
-1.804837e-01 -4.170000e-01
-1.792151e-01 -4.160000e-01
-1.779245e-01 -4.150000e-01
-1.766117e-01 -4.140000e-01
-1.752769e-01 -4.130000e-01
-1.739200e-01 -4.120000e-01
-1.725410e-01 -4.110000e-01
-1.711399e-01 -4.100000e-01
-1.697168e-01 -4.090000e-01
-1.682715e-01 -4.080000e-01
-1.668042e-01 -4.070000e-01
-1.653147e-01 -4.060000e-01
-1.638032e-01 -4.050000e-01
-1.622697e-01 -4.040000e-01
-1.607140e-01 -4.030000e-01
-1.591364e-01 -4.020000e-01
-1.575366e-01 -4.010000e-01
-1.559149e-01 -4.000000e-01
-1.542711e-01 -3.990000e-01
-1.526054e-01 -3.980000e-01
-1.509176e-01 -3.970000e-01
-1.492079e-01 -3.960000e-01
-1.474763e-01 -3.950000e-01
-1.457227e-01 -3.940000e-01
-1.439473e-01 -3.930000e-01
-1.421499e-01 -3.920000e-01
-1.403307e-01 -3.910000e-01
-1.384897e-01 -3.900000e-01
-1.366269e-01 -3.890000e-01
-1.347423e-01 -3.880000e-01
-1.328359e-01 -3.870000e-01
-1.309079e-01 -3.860000e-01
-1.289582e-01 -3.850000e-01
-1.269868e-01 -3.840000e-01
-1.249939e-01 -3.830000e-01
-1.229793e-01 -3.820000e-01
-1.209433e-01 -3.810000e-01
-1.188858e-01 -3.800000e-01
-1.168068e-01 -3.790000e-01
-1.147064e-01 -3.780000e-01
-1.125846e-01 -3.770000e-01
-1.104416e-01 -3.760000e-01
-1.082773e-01 -3.750000e-01
-1.060917e-01 -3.740000e-01
-1.038850e-01 -3.730000e-01
-1.016572e-01 -3.720000e-01
-9.940830e-02 -3.710000e-01
-9.713840e-02 -3.700000e-01
-9.484755e-02 -3.690000e-01
-9.253580e-02 -3.680000e-01
-9.020321e-02 -3.670000e-01
-8.784984e-02 -3.660000e-01
-8.547575e-02 -3.650000e-01
-8.308100e-02 -3.640000e-01
-8.066565e-02 -3.630000e-01
-7.822978e-02 -3.620000e-01
-7.577344e-02 -3.610000e-01
-7.329671e-02 -3.600000e-01
-7.079965e-02 -3.590000e-01
-6.828234e-02 -3.580000e-01
-6.574484e-02 -3.570000e-01
-6.318722e-02 -3.560000e-01
-6.060957e-02 -3.550000e-01
-5.801196e-02 -3.540000e-01
-5.539447e-02 -3.530000e-01
-5.275716e-02 -3.520000e-01
-5.010013e-02 -3.510000e-01
-4.742346e-02 -3.500000e-01
-4.472722e-02 -3.490000e-01
-4.201150e-02 -3.480000e-01
-3.927639e-02 -3.470000e-01
-3.652196e-02 -3.460000e-01
-3.374832e-02 -3.450000e-01
-3.095554e-02 -3.440000e-01
-2.814372e-02 -3.430000e-01
-2.531295e-02 -3.420000e-01
-2.246333e-02 -3.410000e-01
-1.959494e-02 -3.400000e-01
-1.670788e-02 -3.390000e-01
-1.380225e-02 -3.380000e-01
-1.087814e-02 -3.370000e-01
-7.935664e-03 -3.360000e-01
-4.974912e-03 -3.350000e-01
-1.995987e-03 -3.340000e-01
1.001008e-03 -3.330000e-01
4.015967e-03 -3.320000e-01
7.048786e-03 -3.310000e-01
1.009936e-02 -3.300000e-01
1.316757e-02 -3.290000e-01
1.625333e-02 -3.280000e-01
1.935650e-02 -3.270000e-01
2.247699e-02 -3.260000e-01
2.561468e-02 -3.250000e-01
2.876946e-02 -3.240000e-01
3.194120e-02 -3.230000e-01
3.512981e-02 -3.220000e-01
3.833514e-02 -3.210000e-01
4.155710e-02 -3.200000e-01
4.479555e-02 -3.190000e-01
4.805038e-02 -3.180000e-01
5.132146e-02 -3.170000e-01
5.460868e-02 -3.160000e-01
5.791189e-02 -3.150000e-01
6.123099e-02 -3.140000e-01
6.456584e-02 -3.130000e-01
6.791631e-02 -3.120000e-01
7.128228e-02 -3.110000e-01
7.466361e-02 -3.100000e-01
7.806017e-02 -3.090000e-01
8.147184e-02 -3.080000e-01
8.489846e-02 -3.070000e-01
8.833992e-02 -3.060000e-01
9.179607e-02 -3.050000e-01
9.526678e-02 -3.040000e-01
9.875191e-02 -3.030000e-01
1.022513e-01 -3.020000e-01
1.057649e-01 -3.010000e-01
1.092924e-01 -3.000000e-01
1.128338e-01 -2.990000e-01
1.163889e-01 -2.980000e-01
1.199576e-01 -2.970000e-01
1.235397e-01 -2.960000e-01
1.271351e-01 -2.950000e-01
1.307436e-01 -2.940000e-01
1.343651e-01 -2.930000e-01
1.379994e-01 -2.920000e-01
1.416464e-01 -2.910000e-01
1.453059e-01 -2.900000e-01
1.489778e-01 -2.890000e-01
1.526619e-01 -2.880000e-01
1.563580e-01 -2.870000e-01
1.600661e-01 -2.860000e-01
1.637860e-01 -2.850000e-01
1.675174e-01 -2.840000e-01
1.712603e-01 -2.830000e-01
1.750144e-01 -2.820000e-01
1.787797e-01 -2.810000e-01
1.825559e-01 -2.800000e-01
1.863429e-01 -2.790000e-01
1.901406e-01 -2.780000e-01
1.939487e-01 -2.770000e-01
1.977671e-01 -2.760000e-01
2.015957e-01 -2.750000e-01
2.054343e-01 -2.740000e-01
2.092826e-01 -2.730000e-01
2.131406e-01 -2.720000e-01
2.170081e-01 -2.710000e-01
2.208848e-01 -2.700000e-01
2.247707e-01 -2.690000e-01
2.286656e-01 -2.680000e-01
2.325692e-01 -2.670000e-01
2.364814e-01 -2.660000e-01
2.404021e-01 -2.650000e-01
2.443311e-01 -2.640000e-01
2.482681e-01 -2.630000e-01
2.522131e-01 -2.620000e-01
2.561658e-01 -2.610000e-01
2.601261e-01 -2.600000e-01
2.640938e-01 -2.590000e-01
2.680686e-01 -2.580000e-01
2.720505e-01 -2.570000e-01
2.760393e-01 -2.560000e-01
2.800347e-01 -2.550000e-01
2.840366e-01 -2.540000e-01
2.880448e-01 -2.530000e-01
2.920591e-01 -2.520000e-01
2.960794e-01 -2.510000e-01
3.001054e-01 -2.500000e-01
3.041370e-01 -2.490000e-01
3.081740e-01 -2.480000e-01
3.122162e-01 -2.470000e-01
3.162634e-01 -2.460000e-01
3.203155e-01 -2.450000e-01
3.243722e-01 -2.440000e-01
3.284333e-01 -2.430000e-01
3.324987e-01 -2.420000e-01
3.365682e-01 -2.410000e-01
3.406416e-01 -2.400000e-01
3.447187e-01 -2.390000e-01
3.487993e-01 -2.380000e-01
3.528833e-01 -2.370000e-01
3.569703e-01 -2.360000e-01
3.610603e-01 -2.350000e-01
3.651531e-01 -2.340000e-01
3.692484e-01 -2.330000e-01
3.733460e-01 -2.320000e-01
3.774459e-01 -2.310000e-01
3.815477e-01 -2.300000e-01
3.856513e-01 -2.290000e-01
3.897565e-01 -2.280000e-01
3.938631e-01 -2.270000e-01
3.979709e-01 -2.260000e-01
4.020797e-01 -2.250000e-01
4.061893e-01 -2.240000e-01
4.102995e-01 -2.230000e-01
4.144102e-01 -2.220000e-01
4.185210e-01 -2.210000e-01
4.226319e-01 -2.200000e-01
4.267427e-01 -2.190000e-01
4.308530e-01 -2.180000e-01
4.349628e-01 -2.170000e-01
4.390718e-01 -2.160000e-01
4.431799e-01 -2.150000e-01
4.472868e-01 -2.140000e-01
4.513924e-01 -2.130000e-01
4.554964e-01 -2.120000e-01
4.595987e-01 -2.110000e-01
4.636990e-01 -2.100000e-01
4.677972e-01 -2.090000e-01
4.718930e-01 -2.080000e-01
4.759862e-01 -2.070000e-01
4.800768e-01 -2.060000e-01
4.841644e-01 -2.050000e-01
4.882488e-01 -2.040000e-01
4.923299e-01 -2.030000e-01
4.964075e-01 -2.020000e-01
5.004813e-01 -2.010000e-01
5.045511e-01 -2.000000e-01
5.086169e-01 -1.990000e-01
5.126783e-01 -1.980000e-01
5.167351e-01 -1.970000e-01
5.207873e-01 -1.960000e-01
5.248345e-01 -1.950000e-01
5.288765e-01 -1.940000e-01
5.329132e-01 -1.930000e-01
5.369444e-01 -1.920000e-01
5.409699e-01 -1.910000e-01
5.449894e-01 -1.900000e-01
5.490028e-01 -1.890000e-01
5.530098e-01 -1.880000e-01
5.570104e-01 -1.870000e-01
5.610042e-01 -1.860000e-01
5.649911e-01 -1.850000e-01
5.689708e-01 -1.840000e-01
5.729432e-01 -1.830000e-01
5.769082e-01 -1.820000e-01
5.808654e-01 -1.810000e-01
5.848147e-01 -1.800000e-01
5.887558e-01 -1.790000e-01
5.926887e-01 -1.780000e-01
5.966131e-01 -1.770000e-01
6.005287e-01 -1.760000e-01
6.044355e-01 -1.750000e-01
6.083332e-01 -1.740000e-01
6.122216e-01 -1.730000e-01
6.161005e-01 -1.720000e-01
6.199697e-01 -1.710000e-01
6.238291e-01 -1.700000e-01
6.276783e-01 -1.690000e-01
6.315174e-01 -1.680000e-01
6.353459e-01 -1.670000e-01
6.391639e-01 -1.660000e-01
6.429709e-01 -1.650000e-01
6.467670e-01 -1.640000e-01
6.505518e-01 -1.630000e-01
6.543252e-01 -1.620000e-01
6.580870e-01 -1.610000e-01
6.618370e-01 -1.600000e-01
6.655750e-01 -1.590000e-01
6.693009e-01 -1.580000e-01
6.730144e-01 -1.570000e-01
6.767153e-01 -1.560000e-01
6.804034e-01 -1.550000e-01
6.840787e-01 -1.540000e-01
6.877408e-01 -1.530000e-01
6.913896e-01 -1.520000e-01
6.950249e-01 -1.510000e-01
6.986466e-01 -1.500000e-01
7.022544e-01 -1.490000e-01
7.058481e-01 -1.480000e-01
7.094276e-01 -1.470000e-01
7.129927e-01 -1.460000e-01
7.165432e-01 -1.450000e-01
7.200789e-01 -1.440000e-01
7.235997e-01 -1.430000e-01
7.271053e-01 -1.420000e-01
7.305957e-01 -1.410000e-01
7.340705e-01 -1.400000e-01
7.375296e-01 -1.390000e-01
7.409729e-01 -1.380000e-01
7.444001e-01 -1.370000e-01
7.478112e-01 -1.360000e-01
7.512058e-01 -1.350000e-01
7.545839e-01 -1.340000e-01
7.579453e-01 -1.330000e-01
7.612898e-01 -1.320000e-01
7.646172e-01 -1.310000e-01
7.679273e-01 -1.300000e-01
7.712200e-01 -1.290000e-01
7.744952e-01 -1.280000e-01
7.777525e-01 -1.270000e-01
7.809920e-01 -1.260000e-01
7.842133e-01 -1.250000e-01
7.874164e-01 -1.240000e-01
7.906010e-01 -1.230000e-01
7.937671e-01 -1.220000e-01
7.969144e-01 -1.210000e-01
8.000428e-01 -1.200000e-01
8.031521e-01 -1.190000e-01
8.062421e-01 -1.180000e-01
8.093128e-01 -1.170000e-01
8.123638e-01 -1.160000e-01
8.153952e-01 -1.150000e-01
8.184067e-01 -1.140000e-01
8.213981e-01 -1.130000e-01
8.243693e-01 -1.120000e-01
8.273202e-01 -1.110000e-01
8.302506e-01 -1.100000e-01
8.331603e-01 -1.090000e-01
8.360493e-01 -1.080000e-01
8.389172e-01 -1.070000e-01
8.417641e-01 -1.060000e-01
8.445897e-01 -1.050000e-01
8.473939e-01 -1.040000e-01
8.501765e-01 -1.030000e-01
8.529375e-01 -1.020000e-01
8.556766e-01 -1.010000e-01
8.583937e-01 -1.000000e-01
8.610887e-01 -9.900000e-02
8.637614e-01 -9.800000e-02
8.664117e-01 -9.700000e-02
8.690395e-01 -9.600000e-02
8.716446e-01 -9.500000e-02
8.742269e-01 -9.400000e-02
8.767862e-01 -9.300000e-02
8.793224e-01 -9.200000e-02
8.818354e-01 -9.100000e-02
8.843251e-01 -9.000000e-02
8.867912e-01 -8.900000e-02
8.892338e-01 -8.800000e-02
8.916526e-01 -8.700000e-02
8.940475e-01 -8.600000e-02
8.964184e-01 -8.500000e-02
8.987652e-01 -8.400000e-02
9.010878e-01 -8.300000e-02
9.033860e-01 -8.200000e-02
9.056597e-01 -8.100000e-02
9.079088e-01 -8.000000e-02
9.101332e-01 -7.900000e-02
9.123327e-01 -7.800000e-02
9.145073e-01 -7.700000e-02
9.166567e-01 -7.600000e-02
9.187810e-01 -7.500000e-02
9.208800e-01 -7.400000e-02
9.229536e-01 -7.300000e-02
9.250017e-01 -7.200000e-02
9.270241e-01 -7.100000e-02
9.290208e-01 -7.000000e-02
9.309917e-01 -6.900000e-02
9.329366e-01 -6.800000e-02
9.348555e-01 -6.700000e-02
9.367482e-01 -6.600000e-02
9.386146e-01 -6.500000e-02
9.404548e-01 -6.400000e-02
9.422684e-01 -6.300000e-02
9.440556e-01 -6.200000e-02
9.458161e-01 -6.100000e-02
9.475498e-01 -6.000000e-02
9.492568e-01 -5.900000e-02
9.509368e-01 -5.800000e-02
9.525898e-01 -5.700000e-02
9.542157e-01 -5.600000e-02
9.558145e-01 -5.500000e-02
9.573860e-01 -5.400000e-02
9.589302e-01 -5.300000e-02
9.604469e-01 -5.200000e-02
9.619361e-01 -5.100000e-02
9.633978e-01 -5.000000e-02
9.648317e-01 -4.900000e-02
9.662380e-01 -4.800000e-02
9.676164e-01 -4.700000e-02
9.689670e-01 -4.600000e-02
9.702895e-01 -4.500000e-02
9.715841e-01 -4.400000e-02
9.728506e-01 -4.300000e-02
9.740889e-01 -4.200000e-02
9.752989e-01 -4.100000e-02
9.764807e-01 -4.000000e-02
9.776341e-01 -3.900000e-02
9.787591e-01 -3.800000e-02
9.798556e-01 -3.700000e-02
9.809236e-01 -3.600000e-02
9.819630e-01 -3.500000e-02
9.829738e-01 -3.400000e-02
9.839558e-01 -3.300000e-02
9.849091e-01 -3.200000e-02
9.858336e-01 -3.100000e-02
9.867292e-01 -3.000000e-02
9.875959e-01 -2.900000e-02
9.884337e-01 -2.800000e-02
9.892425e-01 -2.700000e-02
9.900222e-01 -2.600000e-02
9.907729e-01 -2.500000e-02
9.914944e-01 -2.400000e-02
9.921868e-01 -2.300000e-02
9.928501e-01 -2.200000e-02
9.934840e-01 -2.100000e-02
9.940887e-01 -2.000000e-02
9.946642e-01 -1.900000e-02
9.952103e-01 -1.800000e-02
9.957270e-01 -1.700000e-02
9.962144e-01 -1.600000e-02
9.966723e-01 -1.500000e-02
9.971009e-01 -1.400000e-02
9.974999e-01 -1.300000e-02
9.978695e-01 -1.200000e-02
9.982096e-01 -1.100000e-02
9.985202e-01 -1.000000e-02
9.988013e-01 -9.000000e-03
9.990528e-01 -8.000000e-03
9.992747e-01 -7.000000e-03
9.994671e-01 -6.000000e-03
9.996299e-01 -5.000000e-03
9.997631e-01 -4.000000e-03
9.998668e-01 -3.000000e-03
9.999408e-01 -2.000000e-03
9.999852e-01 -1.000000e-03
1.000000e+00 8.812395e-16
9.999852e-01 1.000000e-03
9.999408e-01 2.000000e-03
9.998668e-01 3.000000e-03
9.997631e-01 4.000000e-03
9.996299e-01 5.000000e-03
9.994671e-01 6.000000e-03
9.992747e-01 7.000000e-03
9.990528e-01 8.000000e-03
9.988013e-01 9.000000e-03
9.985202e-01 1.000000e-02
9.982096e-01 1.100000e-02
9.978695e-01 1.200000e-02
9.974999e-01 1.300000e-02
9.971009e-01 1.400000e-02
9.966723e-01 1.500000e-02
9.962144e-01 1.600000e-02
9.957270e-01 1.700000e-02
9.952103e-01 1.800000e-02
9.946642e-01 1.900000e-02
9.940887e-01 2.000000e-02
9.934840e-01 2.100000e-02
9.928501e-01 2.200000e-02
9.921868e-01 2.300000e-02
9.914944e-01 2.400000e-02
9.907729e-01 2.500000e-02
9.900222e-01 2.600000e-02
9.892425e-01 2.700000e-02
9.884337e-01 2.800000e-02
9.875959e-01 2.900000e-02
9.867292e-01 3.000000e-02
9.858336e-01 3.100000e-02
9.849091e-01 3.200000e-02
9.839558e-01 3.300000e-02
9.829738e-01 3.400000e-02
9.819630e-01 3.500000e-02
9.809236e-01 3.600000e-02
9.798556e-01 3.700000e-02
9.787591e-01 3.800000e-02
9.776341e-01 3.900000e-02
9.764807e-01 4.000000e-02
9.752989e-01 4.100000e-02
9.740889e-01 4.200000e-02
9.728506e-01 4.300000e-02
9.715841e-01 4.400000e-02
9.702895e-01 4.500000e-02
9.689670e-01 4.600000e-02
9.676164e-01 4.700000e-02
9.662380e-01 4.800000e-02
9.648317e-01 4.900000e-02
9.633978e-01 5.000000e-02
9.619361e-01 5.100000e-02
9.604469e-01 5.200000e-02
9.589302e-01 5.300000e-02
9.573860e-01 5.400000e-02
9.558145e-01 5.500000e-02
9.542157e-01 5.600000e-02
9.525898e-01 5.700000e-02
9.509368e-01 5.800000e-02
9.492568e-01 5.900000e-02
9.475498e-01 6.000000e-02
9.458161e-01 6.100000e-02
9.440556e-01 6.200000e-02
9.422684e-01 6.300000e-02
9.404548e-01 6.400000e-02
9.386146e-01 6.500000e-02
9.367482e-01 6.600000e-02
9.348555e-01 6.700000e-02
9.329366e-01 6.800000e-02
9.309917e-01 6.900000e-02
9.290208e-01 7.000000e-02
9.270241e-01 7.100000e-02
9.250017e-01 7.200000e-02
9.229536e-01 7.300000e-02
9.208800e-01 7.400000e-02
9.187810e-01 7.500000e-02
9.166567e-01 7.600000e-02
9.145073e-01 7.700000e-02
9.123327e-01 7.800000e-02
9.101332e-01 7.900000e-02
9.079088e-01 8.000000e-02
9.056597e-01 8.100000e-02
9.033860e-01 8.200000e-02
9.010878e-01 8.300000e-02
8.987652e-01 8.400000e-02
8.964184e-01 8.500000e-02
8.940475e-01 8.600000e-02
8.916526e-01 8.700000e-02
8.892338e-01 8.800000e-02
8.867912e-01 8.900000e-02
8.843251e-01 9.000000e-02
8.818354e-01 9.100000e-02
8.793224e-01 9.200000e-02
8.767862e-01 9.300000e-02
8.742269e-01 9.400000e-02
8.716446e-01 9.500000e-02
8.690395e-01 9.600000e-02
8.664117e-01 9.700000e-02
8.637614e-01 9.800000e-02
8.610887e-01 9.900000e-02
8.583937e-01 1.000000e-01
8.556766e-01 1.010000e-01
8.529375e-01 1.020000e-01
8.501765e-01 1.030000e-01
8.473939e-01 1.040000e-01
8.445897e-01 1.050000e-01
8.417641e-01 1.060000e-01
8.389172e-01 1.070000e-01
8.360493e-01 1.080000e-01
8.331603e-01 1.090000e-01
8.302506e-01 1.100000e-01
8.273202e-01 1.110000e-01
8.243693e-01 1.120000e-01
8.213981e-01 1.130000e-01
8.184067e-01 1.140000e-01
8.153952e-01 1.150000e-01
8.123638e-01 1.160000e-01
8.093128e-01 1.170000e-01
8.062421e-01 1.180000e-01
8.031521e-01 1.190000e-01
8.000428e-01 1.200000e-01
7.969144e-01 1.210000e-01
7.937671e-01 1.220000e-01
7.906010e-01 1.230000e-01
7.874164e-01 1.240000e-01
7.842133e-01 1.250000e-01
7.809920e-01 1.260000e-01
7.777525e-01 1.270000e-01
7.744952e-01 1.280000e-01
7.712200e-01 1.290000e-01
7.679273e-01 1.300000e-01
7.646172e-01 1.310000e-01
7.612898e-01 1.320000e-01
7.579453e-01 1.330000e-01
7.545839e-01 1.340000e-01
7.512058e-01 1.350000e-01
7.478112e-01 1.360000e-01
7.444001e-01 1.370000e-01
7.409729e-01 1.380000e-01
7.375296e-01 1.390000e-01
7.340705e-01 1.400000e-01
7.305957e-01 1.410000e-01
7.271053e-01 1.420000e-01
7.235997e-01 1.430000e-01
7.200789e-01 1.440000e-01
7.165432e-01 1.450000e-01
7.129927e-01 1.460000e-01
7.094276e-01 1.470000e-01
7.058481e-01 1.480000e-01
7.022544e-01 1.490000e-01
6.986466e-01 1.500000e-01
6.950249e-01 1.510000e-01
6.913896e-01 1.520000e-01
6.877408e-01 1.530000e-01
6.840787e-01 1.540000e-01
6.804034e-01 1.550000e-01
6.767153e-01 1.560000e-01
6.730144e-01 1.570000e-01
6.693009e-01 1.580000e-01
6.655750e-01 1.590000e-01
6.618370e-01 1.600000e-01
6.580870e-01 1.610000e-01
6.543252e-01 1.620000e-01
6.505518e-01 1.630000e-01
6.467670e-01 1.640000e-01
6.429709e-01 1.650000e-01
6.391639e-01 1.660000e-01
6.353459e-01 1.670000e-01
6.315174e-01 1.680000e-01
6.276783e-01 1.690000e-01
6.238291e-01 1.700000e-01
6.199697e-01 1.710000e-01
6.161005e-01 1.720000e-01
6.122216e-01 1.730000e-01
6.083332e-01 1.740000e-01
6.044355e-01 1.750000e-01
6.005287e-01 1.760000e-01
5.966131e-01 1.770000e-01
5.926887e-01 1.780000e-01
5.887558e-01 1.790000e-01
5.848147e-01 1.800000e-01
5.808654e-01 1.810000e-01
5.769082e-01 1.820000e-01
5.729432e-01 1.830000e-01
5.689708e-01 1.840000e-01
5.649911e-01 1.850000e-01
5.610042e-01 1.860000e-01
5.570104e-01 1.870000e-01
5.530098e-01 1.880000e-01
5.490028e-01 1.890000e-01
5.449894e-01 1.900000e-01
5.409699e-01 1.910000e-01
5.369444e-01 1.920000e-01
5.329132e-01 1.930000e-01
5.288765e-01 1.940000e-01
5.248345e-01 1.950000e-01
5.207873e-01 1.960000e-01
5.167351e-01 1.970000e-01
5.126783e-01 1.980000e-01
5.086169e-01 1.990000e-01
5.045511e-01 2.000000e-01
5.004813e-01 2.010000e-01
4.964075e-01 2.020000e-01
4.923299e-01 2.030000e-01
4.882488e-01 2.040000e-01
4.841644e-01 2.050000e-01
4.800768e-01 2.060000e-01
4.759862e-01 2.070000e-01
4.718930e-01 2.080000e-01
4.677972e-01 2.090000e-01
4.636990e-01 2.100000e-01
4.595987e-01 2.110000e-01
4.554964e-01 2.120000e-01
4.513924e-01 2.130000e-01
4.472868e-01 2.140000e-01
4.431799e-01 2.150000e-01
4.390718e-01 2.160000e-01
4.349628e-01 2.170000e-01
4.308530e-01 2.180000e-01
4.267427e-01 2.190000e-01
4.226319e-01 2.200000e-01
4.185210e-01 2.210000e-01
4.144102e-01 2.220000e-01
4.102995e-01 2.230000e-01
4.061893e-01 2.240000e-01
4.020797e-01 2.250000e-01
3.979709e-01 2.260000e-01
3.938631e-01 2.270000e-01
3.897565e-01 2.280000e-01
3.856513e-01 2.290000e-01
3.815477e-01 2.300000e-01
3.774459e-01 2.310000e-01
3.733460e-01 2.320000e-01
3.692484e-01 2.330000e-01
3.651531e-01 2.340000e-01
3.610603e-01 2.350000e-01
3.569703e-01 2.360000e-01
3.528833e-01 2.370000e-01
3.487993e-01 2.380000e-01
3.447187e-01 2.390000e-01
3.406416e-01 2.400000e-01
3.365682e-01 2.410000e-01
3.324987e-01 2.420000e-01
3.284333e-01 2.430000e-01
3.243722e-01 2.440000e-01
3.203155e-01 2.450000e-01
3.162634e-01 2.460000e-01
3.122162e-01 2.470000e-01
3.081740e-01 2.480000e-01
3.041370e-01 2.490000e-01
3.001054e-01 2.500000e-01
2.960794e-01 2.510000e-01
2.920591e-01 2.520000e-01
2.880448e-01 2.530000e-01
2.840366e-01 2.540000e-01
2.800347e-01 2.550000e-01
2.760393e-01 2.560000e-01
2.720505e-01 2.570000e-01
2.680686e-01 2.580000e-01
2.640938e-01 2.590000e-01
2.601261e-01 2.600000e-01
2.561658e-01 2.610000e-01
2.522131e-01 2.620000e-01
2.482681e-01 2.630000e-01
2.443311e-01 2.640000e-01
2.404021e-01 2.650000e-01
2.364814e-01 2.660000e-01
2.325692e-01 2.670000e-01
2.286656e-01 2.680000e-01
2.247707e-01 2.690000e-01
2.208848e-01 2.700000e-01
2.170081e-01 2.710000e-01
2.131406e-01 2.720000e-01
2.092826e-01 2.730000e-01
2.054343e-01 2.740000e-01
2.015957e-01 2.750000e-01
1.977671e-01 2.760000e-01
1.939487e-01 2.770000e-01
1.901406e-01 2.780000e-01
1.863429e-01 2.790000e-01
1.825559e-01 2.800000e-01
1.787797e-01 2.810000e-01
1.750144e-01 2.820000e-01
1.712603e-01 2.830000e-01
1.675174e-01 2.840000e-01
1.637860e-01 2.850000e-01
1.600661e-01 2.860000e-01
1.563580e-01 2.870000e-01
1.526619e-01 2.880000e-01
1.489778e-01 2.890000e-01
1.453059e-01 2.900000e-01
1.416464e-01 2.910000e-01
1.379994e-01 2.920000e-01
1.343651e-01 2.930000e-01
1.307436e-01 2.940000e-01
1.271351e-01 2.950000e-01
1.235397e-01 2.960000e-01
1.199576e-01 2.970000e-01
1.163889e-01 2.980000e-01
1.128338e-01 2.990000e-01
1.092924e-01 3.000000e-01
1.057649e-01 3.010000e-01
1.022513e-01 3.020000e-01
9.875191e-02 3.030000e-01
9.526678e-02 3.040000e-01
9.179607e-02 3.050000e-01
8.833992e-02 3.060000e-01
8.489846e-02 3.070000e-01
8.147184e-02 3.080000e-01
7.806017e-02 3.090000e-01
7.466361e-02 3.100000e-01
7.128228e-02 3.110000e-01
6.791631e-02 3.120000e-01
6.456584e-02 3.130000e-01
6.123099e-02 3.140000e-01
5.791189e-02 3.150000e-01
5.460868e-02 3.160000e-01
5.132146e-02 3.170000e-01
4.805038e-02 3.180000e-01
4.479555e-02 3.190000e-01
4.155710e-02 3.200000e-01
3.833514e-02 3.210000e-01
3.512981e-02 3.220000e-01
3.194120e-02 3.230000e-01
2.876946e-02 3.240000e-01
2.561468e-02 3.250000e-01
2.247699e-02 3.260000e-01
1.935650e-02 3.270000e-01
1.625333e-02 3.280000e-01
1.316757e-02 3.290000e-01
1.009936e-02 3.300000e-01
7.048786e-03 3.310000e-01
4.015967e-03 3.320000e-01
1.001008e-03 3.330000e-01
-1.995987e-03 3.340000e-01
-4.974912e-03 3.350000e-01
-7.935664e-03 3.360000e-01
-1.087814e-02 3.370000e-01
-1.380225e-02 3.380000e-01
-1.670788e-02 3.390000e-01
-1.959494e-02 3.400000e-01
-2.246333e-02 3.410000e-01
-2.531295e-02 3.420000e-01
-2.814372e-02 3.430000e-01
-3.095554e-02 3.440000e-01
-3.374832e-02 3.450000e-01
-3.652196e-02 3.460000e-01
-3.927639e-02 3.470000e-01
-4.201150e-02 3.480000e-01
-4.472722e-02 3.490000e-01
-4.742346e-02 3.500000e-01
-5.010013e-02 3.510000e-01
-5.275716e-02 3.520000e-01
-5.539447e-02 3.530000e-01
-5.801196e-02 3.540000e-01
-6.060957e-02 3.550000e-01
-6.318722e-02 3.560000e-01
-6.574484e-02 3.570000e-01
-6.828234e-02 3.580000e-01
-7.079965e-02 3.590000e-01
-7.329671e-02 3.600000e-01
-7.577344e-02 3.610000e-01
-7.822978e-02 3.620000e-01
-8.066565e-02 3.630000e-01
-8.308100e-02 3.640000e-01
-8.547575e-02 3.650000e-01
-8.784984e-02 3.660000e-01
-9.020321e-02 3.670000e-01
-9.253580e-02 3.680000e-01
-9.484755e-02 3.690000e-01
-9.713840e-02 3.700000e-01
-9.940830e-02 3.710000e-01
-1.016572e-01 3.720000e-01
-1.038850e-01 3.730000e-01
-1.060917e-01 3.740000e-01
-1.082773e-01 3.750000e-01
-1.104416e-01 3.760000e-01
-1.125846e-01 3.770000e-01
-1.147064e-01 3.780000e-01
-1.168068e-01 3.790000e-01
-1.188858e-01 3.800000e-01
-1.209433e-01 3.810000e-01
-1.229793e-01 3.820000e-01
-1.249939e-01 3.830000e-01
-1.269868e-01 3.840000e-01
-1.289582e-01 3.850000e-01
-1.309079e-01 3.860000e-01
-1.328359e-01 3.870000e-01
-1.347423e-01 3.880000e-01
-1.366269e-01 3.890000e-01
-1.384897e-01 3.900000e-01
-1.403307e-01 3.910000e-01
-1.421499e-01 3.920000e-01
-1.439473e-01 3.930000e-01
-1.457227e-01 3.940000e-01
-1.474763e-01 3.950000e-01
-1.492079e-01 3.960000e-01
-1.509176e-01 3.970000e-01
-1.526054e-01 3.980000e-01
-1.542711e-01 3.990000e-01
-1.559149e-01 4.000000e-01
-1.575366e-01 4.010000e-01
-1.591364e-01 4.020000e-01
-1.607140e-01 4.030000e-01
-1.622697e-01 4.040000e-01
-1.638032e-01 4.050000e-01
-1.653147e-01 4.060000e-01
-1.668042e-01 4.070000e-01
-1.682715e-01 4.080000e-01
-1.697168e-01 4.090000e-01
-1.711399e-01 4.100000e-01
-1.725410e-01 4.110000e-01
-1.739200e-01 4.120000e-01
-1.752769e-01 4.130000e-01
-1.766117e-01 4.140000e-01
-1.779245e-01 4.150000e-01
-1.792151e-01 4.160000e-01
-1.804837e-01 4.170000e-01
-1.817302e-01 4.180000e-01
-1.829547e-01 4.190000e-01
-1.841571e-01 4.200000e-01
-1.853375e-01 4.210000e-01
-1.864959e-01 4.220000e-01
-1.876322e-01 4.230000e-01
-1.887466e-01 4.240000e-01
-1.898390e-01 4.250000e-01
-1.909095e-01 4.260000e-01
-1.919580e-01 4.270000e-01
-1.929846e-01 4.280000e-01
-1.939894e-01 4.290000e-01
-1.949722e-01 4.300000e-01
-1.959333e-01 4.310000e-01
-1.968725e-01 4.320000e-01
-1.977899e-01 4.330000e-01
-1.986856e-01 4.340000e-01
-1.995595e-01 4.350000e-01
-2.004118e-01 4.360000e-01
-2.012424e-01 4.370000e-01
-2.020513e-01 4.380000e-01
-2.028387e-01 4.390000e-01
-2.036045e-01 4.400000e-01
-2.043488e-01 4.410000e-01
-2.050716e-01 4.420000e-01
-2.057730e-01 4.430000e-01
-2.064530e-01 4.440000e-01
-2.071116e-01 4.450000e-01
-2.077489e-01 4.460000e-01
-2.083650e-01 4.470000e-01
-2.089599e-01 4.480000e-01
-2.095335e-01 4.490000e-01
-2.100861e-01 4.500000e-01
-2.106176e-01 4.510000e-01
-2.111280e-01 4.520000e-01
-2.116175e-01 4.530000e-01
-2.120861e-01 4.540000e-01
-2.125338e-01 4.550000e-01
-2.129608e-01 4.560000e-01
-2.133670e-01 4.570000e-01
-2.137525e-01 4.580000e-01
-2.141173e-01 4.590000e-01
-2.144616e-01 4.600000e-01
-2.147854e-01 4.610000e-01
-2.150888e-01 4.620000e-01
-2.153718e-01 4.630000e-01
-2.156345e-01 4.640000e-01
-2.158769e-01 4.650000e-01
-2.160992e-01 4.660000e-01
-2.163014e-01 4.670000e-01
-2.164835e-01 4.680000e-01
-2.166457e-01 4.690000e-01
-2.167879e-01 4.700000e-01
-2.169104e-01 4.710000e-01
-2.170131e-01 4.720000e-01
-2.170961e-01 4.730000e-01
-2.171596e-01 4.740000e-01
-2.172035e-01 4.750000e-01
-2.172280e-01 4.760000e-01
-2.172331e-01 4.770000e-01
-2.172189e-01 4.780000e-01
-2.171856e-01 4.790000e-01
-2.171331e-01 4.800000e-01
-2.170617e-01 4.810000e-01
-2.169712e-01 4.820000e-01
-2.168620e-01 4.830000e-01
-2.167339e-01 4.840000e-01
-2.165871e-01 4.850000e-01
-2.164218e-01 4.860000e-01
-2.162380e-01 4.870000e-01
-2.160357e-01 4.880000e-01
-2.158151e-01 4.890000e-01
-2.155763e-01 4.900000e-01
-2.153194e-01 4.910000e-01
-2.150444e-01 4.920000e-01
-2.147514e-01 4.930000e-01
-2.144407e-01 4.940000e-01
-2.141121e-01 4.950000e-01
-2.137659e-01 4.960000e-01
-2.134022e-01 4.970000e-01
-2.130210e-01 4.980000e-01
-2.126224e-01 4.990000e-01
-2.122066e-01 5.000000e-01
-2.117736e-01 5.010000e-01
-2.113236e-01 5.020000e-01
-2.108566e-01 5.030000e-01
-2.103728e-01 5.040000e-01
-2.098723e-01 5.050000e-01
-2.093551e-01 5.060000e-01
-2.088214e-01 5.070000e-01
-2.082713e-01 5.080000e-01
-2.077049e-01 5.090000e-01
-2.071223e-01 5.100000e-01
-2.065237e-01 5.110000e-01
-2.059090e-01 5.120000e-01
-2.052785e-01 5.130000e-01
-2.046323e-01 5.140000e-01
-2.039704e-01 5.150000e-01
-2.032930e-01 5.160000e-01
-2.026002e-01 5.170000e-01
-2.018921e-01 5.180000e-01
-2.011689e-01 5.190000e-01
-2.004306e-01 5.200000e-01
-1.996773e-01 5.210000e-01
-1.989093e-01 5.220000e-01
-1.981265e-01 5.230000e-01
-1.973292e-01 5.240000e-01
-1.965174e-01 5.250000e-01
-1.956913e-01 5.260000e-01
-1.948509e-01 5.270000e-01
-1.939965e-01 5.280000e-01
-1.931281e-01 5.290000e-01
-1.922458e-01 5.300000e-01
-1.913499e-01 5.310000e-01
-1.904403e-01 5.320000e-01
-1.895173e-01 5.330000e-01
-1.885809e-01 5.340000e-01
-1.876313e-01 5.350000e-01
-1.866686e-01 5.360000e-01
-1.856930e-01 5.370000e-01
-1.847045e-01 5.380000e-01
-1.837033e-01 5.390000e-01
-1.826895e-01 5.400000e-01
-1.816633e-01 5.410000e-01
-1.806247e-01 5.420000e-01
-1.795740e-01 5.430000e-01
-1.785112e-01 5.440000e-01
-1.774364e-01 5.450000e-01
-1.763499e-01 5.460000e-01
-1.752517e-01 5.470000e-01
-1.741420e-01 5.480000e-01
-1.730209e-01 5.490000e-01
-1.718886e-01 5.500000e-01
-1.707450e-01 5.510000e-01
-1.695905e-01 5.520000e-01
-1.684252e-01 5.530000e-01
-1.672491e-01 5.540000e-01
-1.660624e-01 5.550000e-01
-1.648653e-01 5.560000e-01
-1.636578e-01 5.570000e-01
-1.624402e-01 5.580000e-01
-1.612125e-01 5.590000e-01
-1.599749e-01 5.600000e-01
-1.587276e-01 5.610000e-01
-1.574706e-01 5.620000e-01
-1.562041e-01 5.630000e-01
-1.549282e-01 5.640000e-01
-1.536431e-01 5.650000e-01
-1.523490e-01 5.660000e-01
-1.510459e-01 5.670000e-01
-1.497340e-01 5.680000e-01
-1.484134e-01 5.690000e-01
-1.470843e-01 5.700000e-01
-1.457468e-01 5.710000e-01
-1.444011e-01 5.720000e-01
-1.430472e-01 5.730000e-01
-1.416854e-01 5.740000e-01
-1.403158e-01 5.750000e-01
-1.389385e-01 5.760000e-01
-1.375536e-01 5.770000e-01
-1.361613e-01 5.780000e-01
-1.347618e-01 5.790000e-01
-1.333551e-01 5.800000e-01
-1.319415e-01 5.810000e-01
-1.305210e-01 5.820000e-01
-1.290938e-01 5.830000e-01
-1.276601e-01 5.840000e-01
-1.262199e-01 5.850000e-01
-1.247735e-01 5.860000e-01
-1.233209e-01 5.870000e-01
-1.218623e-01 5.880000e-01
-1.203979e-01 5.890000e-01
-1.189278e-01 5.900000e-01
-1.174521e-01 5.910000e-01
-1.159709e-01 5.920000e-01
-1.144845e-01 5.930000e-01
-1.129929e-01 5.940000e-01
-1.114964e-01 5.950000e-01
-1.099949e-01 5.960000e-01
-1.084887e-01 5.970000e-01
-1.069780e-01 5.980000e-01
-1.054628e-01 5.990000e-01
-1.039433e-01 6.000000e-01
-1.024197e-01 6.010000e-01
-1.008920e-01 6.020000e-01
-9.936043e-02 6.030000e-01
-9.782514e-02 6.040000e-01
-9.628624e-02 6.050000e-01
-9.474389e-02 6.060000e-01
-9.319822e-02 6.070000e-01
-9.164936e-02 6.080000e-01
-9.009747e-02 6.090000e-01
-8.854267e-02 6.100000e-01
-8.698511e-02 6.110000e-01
-8.542493e-02 6.120000e-01
-8.386226e-02 6.130000e-01
-8.229725e-02 6.140000e-01
-8.073002e-02 6.150000e-01
-7.916073e-02 6.160000e-01
-7.758950e-02 6.170000e-01
-7.601648e-02 6.180000e-01
-7.444179e-02 6.190000e-01
-7.286559e-02 6.200000e-01
-7.128800e-02 6.210000e-01
-6.970916e-02 6.220000e-01
-6.812920e-02 6.230000e-01
-6.654827e-02 6.240000e-01
-6.496650e-02 6.250000e-01
-6.338402e-02 6.260000e-01
-6.180096e-02 6.270000e-01
-6.021746e-02 6.280000e-01
-5.863366e-02 6.290000e-01
-5.704969e-02 6.300000e-01
-5.546568e-02 6.310000e-01
-5.388176e-02 6.320000e-01
-5.229807e-02 6.330000e-01
-5.071474e-02 6.340000e-01
-4.913189e-02 6.350000e-01
-4.754966e-02 6.360000e-01
-4.596819e-02 6.370000e-01
-4.438760e-02 6.380000e-01
-4.280801e-02 6.390000e-01
-4.122957e-02 6.400000e-01
-3.965239e-02 6.410000e-01
-3.807661e-02 6.420000e-01
-3.650236e-02 6.430000e-01
-3.492976e-02 6.440000e-01
-3.335893e-02 6.450000e-01
-3.179001e-02 6.460000e-01
-3.022312e-02 6.470000e-01
-2.865839e-02 6.480000e-01
-2.709593e-02 6.490000e-01
-2.553588e-02 6.500000e-01
-2.397836e-02 6.510000e-01
-2.242349e-02 6.520000e-01
-2.087139e-02 6.530000e-01
-1.932218e-02 6.540000e-01
-1.777600e-02 6.550000e-01
-1.623295e-02 6.560000e-01
-1.469316e-02 6.570000e-01
-1.315674e-02 6.580000e-01
-1.162382e-02 6.590000e-01
-1.009452e-02 6.600000e-01
-8.568942e-03 6.610000e-01
-7.047217e-03 6.620000e-01
-5.529457e-03 6.630000e-01
-4.015778e-03 6.640000e-01
-2.506295e-03 6.650000e-01
-1.001122e-03 6.660000e-01
4.996263e-04 6.670000e-01
1.995837e-03 6.680000e-01
3.487399e-03 6.690000e-01
4.974199e-03 6.700000e-01
6.456126e-03 6.710000e-01
7.933071e-03 6.720000e-01
9.404923e-03 6.730000e-01
1.087157e-02 6.740000e-01
1.233291e-02 6.750000e-01
1.378884e-02 6.760000e-01
1.523924e-02 6.770000e-01
1.668401e-02 6.780000e-01
1.812304e-02 6.790000e-01
1.955624e-02 6.800000e-01
2.098349e-02 6.810000e-01
2.240470e-02 6.820000e-01
2.381976e-02 6.830000e-01
2.522856e-02 6.840000e-01
2.663102e-02 6.850000e-01
2.802703e-02 6.860000e-01
2.941648e-02 6.870000e-01
3.079929e-02 6.880000e-01
3.217536e-02 6.890000e-01
3.354458e-02 6.900000e-01
3.490686e-02 6.910000e-01
3.626211e-02 6.920000e-01
3.761023e-02 6.930000e-01
3.895113e-02 6.940000e-01
4.028472e-02 6.950000e-01
4.161091e-02 6.960000e-01
4.292959e-02 6.970000e-01
4.424070e-02 6.980000e-01
4.554412e-02 6.990000e-01
4.683978e-02 7.000000e-01
4.812760e-02 7.010000e-01
4.940747e-02 7.020000e-01
5.067932e-02 7.030000e-01
5.194306e-02 7.040000e-01
5.319862e-02 7.050000e-01
5.444589e-02 7.060000e-01
5.568481e-02 7.070000e-01
5.691529e-02 7.080000e-01
5.813725e-02 7.090000e-01
5.935061e-02 7.100000e-01
6.055529e-02 7.110000e-01
6.175122e-02 7.120000e-01
6.293832e-02 7.130000e-01
6.411650e-02 7.140000e-01
6.528571e-02 7.150000e-01
6.644586e-02 7.160000e-01
6.759688e-02 7.170000e-01
6.873870e-02 7.180000e-01
6.987124e-02 7.190000e-01
7.099444e-02 7.200000e-01
7.210823e-02 7.210000e-01
7.321253e-02 7.220000e-01
7.430729e-02 7.230000e-01
7.539243e-02 7.240000e-01
7.646789e-02 7.250000e-01
7.753361e-02 7.260000e-01
7.858951e-02 7.270000e-01
7.963554e-02 7.280000e-01
8.067164e-02 7.290000e-01
8.169775e-02 7.300000e-01
8.271380e-02 7.310000e-01
8.371973e-02 7.320000e-01
8.471550e-02 7.330000e-01
8.570104e-02 7.340000e-01
8.667629e-02 7.350000e-01
8.764120e-02 7.360000e-01
8.859573e-02 7.370000e-01
8.953980e-02 7.380000e-01
9.047338e-02 7.390000e-01
9.139641e-02 7.400000e-01
9.230883e-02 7.410000e-01
9.321061e-02 7.420000e-01
9.410170e-02 7.430000e-01
9.498204e-02 7.440000e-01
9.585159e-02 7.450000e-01
9.671031e-02 7.460000e-01
9.755815e-02 7.470000e-01
9.839506e-02 7.480000e-01
9.922102e-02 7.490000e-01
1.000360e-01 7.500000e-01
1.008399e-01 7.510000e-01
1.016327e-01 7.520000e-01
1.024144e-01 7.530000e-01
1.031849e-01 7.540000e-01
1.039443e-01 7.550000e-01
1.046924e-01 7.560000e-01
1.054292e-01 7.570000e-01
1.061548e-01 7.580000e-01
1.068690e-01 7.590000e-01
1.075719e-01 7.600000e-01
1.082633e-01 7.610000e-01
1.089434e-01 7.620000e-01
1.096120e-01 7.630000e-01
1.102691e-01 7.640000e-01
1.109147e-01 7.650000e-01
1.115488e-01 7.660000e-01
1.121714e-01 7.670000e-01
1.127823e-01 7.680000e-01
1.133817e-01 7.690000e-01
1.139695e-01 7.700000e-01
1.145456e-01 7.710000e-01
1.151101e-01 7.720000e-01
1.156629e-01 7.730000e-01
1.162040e-01 7.740000e-01
1.167334e-01 7.750000e-01
1.172511e-01 7.760000e-01
1.177570e-01 7.770000e-01
1.182512e-01 7.780000e-01
1.187336e-01 7.790000e-01
1.192043e-01 7.800000e-01
1.196632e-01 7.810000e-01
1.201103e-01 7.820000e-01
1.205456e-01 7.830000e-01
1.209690e-01 7.840000e-01
1.213807e-01 7.850000e-01
1.217806e-01 7.860000e-01
1.221686e-01 7.870000e-01
1.225448e-01 7.880000e-01
1.229092e-01 7.890000e-01
1.232617e-01 7.900000e-01
1.236025e-01 7.910000e-01
1.239314e-01 7.920000e-01
1.242484e-01 7.930000e-01
1.245537e-01 7.940000e-01
1.248471e-01 7.950000e-01
1.251287e-01 7.960000e-01
1.253985e-01 7.970000e-01
1.256565e-01 7.980000e-01
1.259027e-01 7.990000e-01
1.261371e-01 8.000000e-01
1.263598e-01 8.010000e-01
1.265706e-01 8.020000e-01
1.267698e-01 8.030000e-01
1.269571e-01 8.040000e-01
1.271328e-01 8.050000e-01
1.272967e-01 8.060000e-01
1.274489e-01 8.070000e-01
1.275895e-01 8.080000e-01
1.277183e-01 8.090000e-01
1.278355e-01 8.100000e-01
1.279411e-01 8.110000e-01
1.280351e-01 8.120000e-01
1.281175e-01 8.130000e-01
1.281883e-01 8.140000e-01
1.282475e-01 8.150000e-01
1.282953e-01 8.160000e-01
1.283315e-01 8.170000e-01
1.283563e-01 8.180000e-01
1.283696e-01 8.190000e-01
1.283715e-01 8.200000e-01
1.283620e-01 8.210000e-01
1.283411e-01 8.220000e-01
1.283089e-01 8.230000e-01
1.282654e-01 8.240000e-01
1.282106e-01 8.250000e-01
1.281446e-01 8.260000e-01
1.280673e-01 8.270000e-01
1.279789e-01 8.280000e-01
1.278793e-01 8.290000e-01
1.277687e-01 8.300000e-01
1.276469e-01 8.310000e-01
1.275142e-01 8.320000e-01
1.273704e-01 8.330000e-01
1.272157e-01 8.340000e-01
1.270500e-01 8.350000e-01
1.268735e-01 8.360000e-01
1.266862e-01 8.370000e-01
1.264880e-01 8.380000e-01
1.262791e-01 8.390000e-01
1.260596e-01 8.400000e-01
1.258293e-01 8.410000e-01
1.255884e-01 8.420000e-01
1.253370e-01 8.430000e-01
1.250750e-01 8.440000e-01
1.248026e-01 8.450000e-01
1.245197e-01 8.460000e-01
1.242265e-01 8.470000e-01
1.239229e-01 8.480000e-01
1.236091e-01 8.490000e-01
1.232850e-01 8.500000e-01
1.229508e-01 8.510000e-01
1.226064e-01 8.520000e-01
1.222520e-01 8.530000e-01
1.218875e-01 8.540000e-01
1.215131e-01 8.550000e-01
1.211288e-01 8.560000e-01
1.207347e-01 8.570000e-01
1.203308e-01 8.580000e-01
1.199171e-01 8.590000e-01
1.194938e-01 8.600000e-01
1.190608e-01 8.610000e-01
1.186183e-01 8.620000e-01
1.181663e-01 8.630000e-01
1.177049e-01 8.640000e-01
1.172341e-01 8.650000e-01
1.167540e-01 8.660000e-01
1.162647e-01 8.670000e-01
1.157662e-01 8.680000e-01
1.152585e-01 8.690000e-01
1.147419e-01 8.700000e-01
1.142162e-01 8.710000e-01
1.136816e-01 8.720000e-01
1.131382e-01 8.730000e-01
1.125860e-01 8.740000e-01
1.120250e-01 8.750000e-01
1.114555e-01 8.760000e-01
1.108773e-01 8.770000e-01
1.102906e-01 8.780000e-01
1.096955e-01 8.790000e-01
1.090921e-01 8.800000e-01
1.084803e-01 8.810000e-01
1.078603e-01 8.820000e-01
1.072322e-01 8.830000e-01
1.065960e-01 8.840000e-01
1.059518e-01 8.850000e-01
1.052997e-01 8.860000e-01
1.046397e-01 8.870000e-01
1.039719e-01 8.880000e-01
1.032964e-01 8.890000e-01
1.026133e-01 8.900000e-01
1.019226e-01 8.910000e-01
1.012245e-01 8.920000e-01
1.005190e-01 8.930000e-01
9.980615e-02 8.940000e-01
9.908606e-02 8.950000e-01
9.835881e-02 8.960000e-01
9.762448e-02 8.970000e-01
9.688315e-02 8.980000e-01
9.613489e-02 8.990000e-01
9.537979e-02 9.000000e-01
9.461793e-02 9.010000e-01
9.384939e-02 9.020000e-01
9.307426e-02 9.030000e-01
9.229260e-02 9.040000e-01
9.150451e-02 9.050000e-01
9.071007e-02 9.060000e-01
8.990936e-02 9.070000e-01
8.910246e-02 9.080000e-01
8.828946e-02 9.090000e-01
8.747044e-02 9.100000e-01
8.664549e-02 9.110000e-01
8.581469e-02 9.120000e-01
8.497813e-02 9.130000e-01
8.413589e-02 9.140000e-01
8.328805e-02 9.150000e-01
8.243470e-02 9.160000e-01
8.157594e-02 9.170000e-01
8.071183e-02 9.180000e-01
7.984248e-02 9.190000e-01
7.896796e-02 9.200000e-01
7.808837e-02 9.210000e-01
7.720379e-02 9.220000e-01
7.631431e-02 9.230000e-01
7.542001e-02 9.240000e-01
7.452098e-02 9.250000e-01
7.361731e-02 9.260000e-01
7.270910e-02 9.270000e-01
7.179642e-02 9.280000e-01
7.087936e-02 9.290000e-01
6.995801e-02 9.300000e-01
6.903247e-02 9.310000e-01
6.810282e-02 9.320000e-01
6.716914e-02 9.330000e-01
6.623153e-02 9.340000e-01
6.529007e-02 9.350000e-01
6.434486e-02 9.360000e-01
6.339598e-02 9.370000e-01
6.244353e-02 9.380000e-01
6.148758e-02 9.390000e-01
6.052823e-02 9.400000e-01
5.956557e-02 9.410000e-01
5.859969e-02 9.420000e-01
5.763067e-02 9.430000e-01
5.665860e-02 9.440000e-01
5.568358e-02 9.450000e-01
5.470569e-02 9.460000e-01
5.372501e-02 9.470000e-01
5.274165e-02 9.480000e-01
5.175568e-02 9.490000e-01
5.076720e-02 9.500000e-01
4.977628e-02 9.510000e-01
4.878303e-02 9.520000e-01
4.778753e-02 9.530000e-01
4.678986e-02 9.540000e-01
4.579011e-02 9.550000e-01
4.478838e-02 9.560000e-01
4.378474e-02 9.570000e-01
4.277928e-02 9.580000e-01
4.177210e-02 9.590000e-01
4.076327e-02 9.600000e-01
3.975288e-02 9.610000e-01
3.874102e-02 9.620000e-01
3.772777e-02 9.630000e-01
3.671322e-02 9.640000e-01
3.569745e-02 9.650000e-01
3.468055e-02 9.660000e-01
3.366260e-02 9.670000e-01
3.264368e-02 9.680000e-01
3.162388e-02 9.690000e-01
3.060328e-02 9.700000e-01
2.958196e-02 9.710000e-01
2.856001e-02 9.720000e-01
2.753750e-02 9.730000e-01
2.651451e-02 9.740000e-01
2.549113e-02 9.750000e-01
2.446744e-02 9.760000e-01
2.344351e-02 9.770000e-01
2.241942e-02 9.780000e-01
2.139525e-02 9.790000e-01
2.037109e-02 9.800000e-01
1.934699e-02 9.810000e-01
1.832305e-02 9.820000e-01
1.729933e-02 9.830000e-01
1.627592e-02 9.840000e-01
1.525288e-02 9.850000e-01
1.423029e-02 9.860000e-01
1.320821e-02 9.870000e-01
1.218673e-02 9.880000e-01
1.116591e-02 9.890000e-01
1.014583e-02 9.900000e-01
9.126545e-03 9.910000e-01
8.108131e-03 9.920000e-01
7.090654e-03 9.930000e-01
6.074180e-03 9.940000e-01
5.058776e-03 9.950000e-01
4.044504e-03 9.960000e-01
3.031429e-03 9.970000e-01
2.019613e-03 9.980000e-01
1.009116e-03 9.990000e-01
