-7.937005e-01 -1.000000e+00
-2.636062e+01 -9.990000e-01
-4.974251e+01 -9.980000e-01
-7.106274e+01 -9.970000e-01
-9.043913e+01 -9.960000e-01
-1.079842e+02 -9.950000e-01
-1.238055e+02 -9.940000e-01
-1.380053e+02 -9.930000e-01
-1.506816e+02 -9.920000e-01
-1.619276e+02 -9.910000e-01
-1.718322e+02 -9.900000e-01
-1.804799e+02 -9.890000e-01
-1.879516e+02 -9.880000e-01
-1.943240e+02 -9.870000e-01
-1.996700e+02 -9.860000e-01
-2.040593e+02 -9.850000e-01
-2.075578e+02 -9.840000e-01
-2.102282e+02 -9.830000e-01
-2.121303e+02 -9.820000e-01
-2.133204e+02 -9.810000e-01
-2.138524e+02 -9.800000e-01
-2.137770e+02 -9.790000e-01
-2.131425e+02 -9.780000e-01
-2.119944e+02 -9.770000e-01
-2.103761e+02 -9.760000e-01
-2.083282e+02 -9.750000e-01
-2.058894e+02 -9.740000e-01
-2.030962e+02 -9.730000e-01
-1.999829e+02 -9.720000e-01
-1.965819e+02 -9.710000e-01
-1.929238e+02 -9.700000e-01
-1.890373e+02 -9.690000e-01
-1.849495e+02 -9.680000e-01
-1.806856e+02 -9.670000e-01
-1.762696e+02 -9.660000e-01
-1.717237e+02 -9.650000e-01
-1.670688e+02 -9.640000e-01
-1.623246e+02 -9.630000e-01
-1.575091e+02 -9.620000e-01
-1.526396e+02 -9.610000e-01
-1.477317e+02 -9.600000e-01
-1.428002e+02 -9.590000e-01
-1.378588e+02 -9.580000e-01
-1.329202e+02 -9.570000e-01
-1.279959e+02 -9.560000e-01
-1.230969e+02 -9.550000e-01
-1.182330e+02 -9.540000e-01
-1.134134e+02 -9.530000e-01
-1.086463e+02 -9.520000e-01
-1.039394e+02 -9.510000e-01
-9.929952e+01 -9.500000e-01
-9.473292e+01 -9.490000e-01
-9.024523e+01 -9.480000e-01
-8.584145e+01 -9.470000e-01
-8.152608e+01 -9.460000e-01
-7.730304e+01 -9.450000e-01
-7.317581e+01 -9.440000e-01
-6.914738e+01 -9.430000e-01
-6.522029e+01 -9.420000e-01
-6.139672e+01 -9.410000e-01
-5.767842e+01 -9.400000e-01
-5.406679e+01 -9.390000e-01
-5.056292e+01 -9.380000e-01
-4.716756e+01 -9.370000e-01
-4.388119e+01 -9.360000e-01
-4.070398e+01 -9.350000e-01
-3.763589e+01 -9.340000e-01
-3.467661e+01 -9.330000e-01
-3.182565e+01 -9.320000e-01
-2.908228e+01 -9.310000e-01
-2.644561e+01 -9.300000e-01
-2.391456e+01 -9.290000e-01
-2.148793e+01 -9.280000e-01
-1.916433e+01 -9.270000e-01
-1.694227e+01 -9.260000e-01
-1.482014e+01 -9.250000e-01
-1.279622e+01 -9.240000e-01
-1.086869e+01 -9.230000e-01
-9.035646e+00 -9.220000e-01
-7.295122e+00 -9.210000e-01
-5.645070e+00 -9.200000e-01
-4.083393e+00 -9.190000e-01
-2.607942e+00 -9.180000e-01
-1.216525e+00 -9.170000e-01
9.307976e-02 -9.160000e-01
1.323125e+00 -9.150000e-01
2.475885e+00 -9.140000e-01
3.553645e+00 -9.130000e-01
4.558705e+00 -9.120000e-01
5.493365e+00 -9.110000e-01
6.359928e+00 -9.100000e-01
7.160688e+00 -9.090000e-01
7.897933e+00 -9.080000e-01
8.573937e+00 -9.070000e-01
9.190955e+00 -9.060000e-01
9.751223e+00 -9.050000e-01
1.025696e+01 -9.040000e-01
1.071034e+01 -9.030000e-01
1.111353e+01 -9.020000e-01
1.146865e+01 -9.010000e-01
1.177780e+01 -9.000000e-01
1.204304e+01 -8.990000e-01
1.226638e+01 -8.980000e-01
1.244980e+01 -8.970000e-01
1.259526e+01 -8.960000e-01
1.270465e+01 -8.950000e-01
1.277982e+01 -8.940000e-01
1.282260e+01 -8.930000e-01
1.283475e+01 -8.920000e-01
1.281800e+01 -8.910000e-01
1.277403e+01 -8.900000e-01
1.270448e+01 -8.890000e-01
1.261092e+01 -8.880000e-01
1.249492e+01 -8.870000e-01
1.235795e+01 -8.860000e-01
1.220148e+01 -8.850000e-01
1.202691e+01 -8.840000e-01
1.183558e+01 -8.830000e-01
1.162882e+01 -8.820000e-01
1.140789e+01 -8.810000e-01
1.117402e+01 -8.800000e-01
1.092836e+01 -8.790000e-01
1.067207e+01 -8.780000e-01
1.040622e+01 -8.770000e-01
1.013186e+01 -8.760000e-01
9.849989e+00 -8.750000e-01
9.561568e+00 -8.740000e-01
9.267514e+00 -8.730000e-01
8.968704e+00 -8.720000e-01
8.665977e+00 -8.710000e-01
8.360130e+00 -8.700000e-01
8.051923e+00 -8.690000e-01
7.742079e+00 -8.680000e-01
7.431283e+00 -8.670000e-01
7.120184e+00 -8.660000e-01
6.809399e+00 -8.650000e-01
6.499506e+00 -8.640000e-01
6.191055e+00 -8.630000e-01
5.884560e+00 -8.620000e-01
5.580504e+00 -8.610000e-01
5.279341e+00 -8.600000e-01
4.981494e+00 -8.590000e-01
4.687358e+00 -8.580000e-01
4.397299e+00 -8.570000e-01
4.111656e+00 -8.560000e-01
3.830745e+00 -8.550000e-01
3.554852e+00 -8.540000e-01
3.284242e+00 -8.530000e-01
3.019155e+00 -8.520000e-01
2.759809e+00 -8.510000e-01
2.506400e+00 -8.500000e-01
2.259102e+00 -8.490000e-01
2.018071e+00 -8.480000e-01
1.783442e+00 -8.470000e-01
1.555332e+00 -8.460000e-01
1.333840e+00 -8.450000e-01
1.119047e+00 -8.440000e-01
9.110214e-01 -8.430000e-01
7.098119e-01 -8.420000e-01
5.154545e-01 -8.410000e-01
3.279710e-01 -8.400000e-01
1.473697e-01 -8.390000e-01
-2.635388e-02 -8.380000e-01
-1.932160e-01 -8.370000e-01
-3.532443e-01 -8.360000e-01
-5.064773e-01 -8.350000e-01
-6.529634e-01 -8.340000e-01
-7.927606e-01 -8.330000e-01
-9.259357e-01 -8.320000e-01
-1.052564e+00 -8.310000e-01
-1.172728e+00 -8.300000e-01
-1.286519e+00 -8.290000e-01
-1.394033e+00 -8.280000e-01
-1.495373e+00 -8.270000e-01
-1.590648e+00 -8.260000e-01
-1.679973e+00 -8.250000e-01
-1.763466e+00 -8.240000e-01
-1.841251e+00 -8.230000e-01
-1.913455e+00 -8.220000e-01
-1.980208e+00 -8.210000e-01
-2.041645e+00 -8.200000e-01
-2.097903e+00 -8.190000e-01
-2.149119e+00 -8.180000e-01
-2.195436e+00 -8.170000e-01
-2.236996e+00 -8.160000e-01
-2.273944e+00 -8.150000e-01
-2.306424e+00 -8.140000e-01
-2.334583e+00 -8.130000e-01
-2.358568e+00 -8.120000e-01
-2.378525e+00 -8.110000e-01
-2.394601e+00 -8.100000e-01
-2.406943e+00 -8.090000e-01
-2.415697e+00 -8.080000e-01
-2.421008e+00 -8.070000e-01
-2.423022e+00 -8.060000e-01
-2.421880e+00 -8.050000e-01
-2.417727e+00 -8.040000e-01
-2.410702e+00 -8.030000e-01
-2.400944e+00 -8.020000e-01
-2.388591e+00 -8.010000e-01
-2.373779e+00 -8.000000e-01
-2.356641e+00 -7.990000e-01
-2.337308e+00 -7.980000e-01
-2.315910e+00 -7.970000e-01
-2.292573e+00 -7.960000e-01
-2.267421e+00 -7.950000e-01
-2.240577e+00 -7.940000e-01
-2.212159e+00 -7.930000e-01
-2.182284e+00 -7.920000e-01
-2.151065e+00 -7.910000e-01
-2.118614e+00 -7.900000e-01
-2.085038e+00 -7.890000e-01
-2.050443e+00 -7.880000e-01
-2.014931e+00 -7.870000e-01
-1.978600e+00 -7.860000e-01
-1.941548e+00 -7.850000e-01
-1.903868e+00 -7.840000e-01
-1.865649e+00 -7.830000e-01
-1.826979e+00 -7.820000e-01
-1.787943e+00 -7.810000e-01
-1.748620e+00 -7.800000e-01
-1.709090e+00 -7.790000e-01
-1.669428e+00 -7.780000e-01
-1.629705e+00 -7.770000e-01
-1.589991e+00 -7.760000e-01
-1.550352e+00 -7.750000e-01
-1.510851e+00 -7.740000e-01
-1.471548e+00 -7.730000e-01
-1.432502e+00 -7.720000e-01
-1.393766e+00 -7.710000e-01
-1.355393e+00 -7.700000e-01
-1.317432e+00 -7.690000e-01
-1.279928e+00 -7.680000e-01
-1.242927e+00 -7.670000e-01
-1.206468e+00 -7.660000e-01
-1.170590e+00 -7.650000e-01
-1.135330e+00 -7.640000e-01
-1.100721e+00 -7.630000e-01
-1.066794e+00 -7.620000e-01
-1.033578e+00 -7.610000e-01
-1.001098e+00 -7.600000e-01
-9.693803e-01 -7.590000e-01
-9.384456e-01 -7.580000e-01
-9.083141e-01 -7.570000e-01
-8.790034e-01 -7.560000e-01
-8.505293e-01 -7.550000e-01
-8.229056e-01 -7.540000e-01
-7.961442e-01 -7.530000e-01
-7.702550e-01 -7.520000e-01
-7.452464e-01 -7.510000e-01
-7.211248e-01 -7.500000e-01
-6.978951e-01 -7.490000e-01
-6.755606e-01 -7.480000e-01
-6.541229e-01 -7.470000e-01
-6.335825e-01 -7.460000e-01
-6.139379e-01 -7.450000e-01
-5.951868e-01 -7.440000e-01
-5.773253e-01 -7.430000e-01
-5.603483e-01 -7.420000e-01
-5.442494e-01 -7.410000e-01
-5.290214e-01 -7.400000e-01
-5.146557e-01 -7.390000e-01
-5.011428e-01 -7.380000e-01
-4.884723e-01 -7.370000e-01
-4.766327e-01 -7.360000e-01
-4.656119e-01 -7.350000e-01
-4.553967e-01 -7.340000e-01
-4.459734e-01 -7.330000e-01
-4.373274e-01 -7.320000e-01
-4.294437e-01 -7.310000e-01
-4.223064e-01 -7.300000e-01
-4.158992e-01 -7.290000e-01
-4.102052e-01 -7.280000e-01
-4.052071e-01 -7.270000e-01
-4.008871e-01 -7.260000e-01
-3.972272e-01 -7.250000e-01
-3.942088e-01 -7.240000e-01
-3.918132e-01 -7.230000e-01
-3.900212e-01 -7.220000e-01
-3.888137e-01 -7.210000e-01
-3.881711e-01 -7.200000e-01
-3.880739e-01 -7.190000e-01
-3.885023e-01 -7.180000e-01
-3.894365e-01 -7.170000e-01
-3.908565e-01 -7.160000e-01
-3.927426e-01 -7.150000e-01
-3.950748e-01 -7.140000e-01
-3.978333e-01 -7.130000e-01
-4.009982e-01 -7.120000e-01
-4.045499e-01 -7.110000e-01
-4.084688e-01 -7.100000e-01
-4.127355e-01 -7.090000e-01
-4.173306e-01 -7.080000e-01
-4.222350e-01 -7.070000e-01
-4.274299e-01 -7.060000e-01
-4.328967e-01 -7.050000e-01
-4.386168e-01 -7.040000e-01
-4.445722e-01 -7.030000e-01
-4.507449e-01 -7.020000e-01
-4.571173e-01 -7.010000e-01
-4.636723e-01 -7.000000e-01
-4.703928e-01 -6.990000e-01
-4.772623e-01 -6.980000e-01
-4.842644e-01 -6.970000e-01
-4.913833e-01 -6.960000e-01
-4.986034e-01 -6.950000e-01
-5.059096e-01 -6.940000e-01
-5.132871e-01 -6.930000e-01
-5.207216e-01 -6.920000e-01
-5.281990e-01 -6.910000e-01
-5.357058e-01 -6.900000e-01
-5.432289e-01 -6.890000e-01
-5.507555e-01 -6.880000e-01
-5.582732e-01 -6.870000e-01
-5.657704e-01 -6.860000e-01
-5.732353e-01 -6.850000e-01
-5.806571e-01 -6.840000e-01
-5.880251e-01 -6.830000e-01
-5.953291e-01 -6.820000e-01
-6.025595e-01 -6.810000e-01
-6.097068e-01 -6.800000e-01
-6.167622e-01 -6.790000e-01
-6.237173e-01 -6.780000e-01
-6.305639e-01 -6.770000e-01
-6.372945e-01 -6.760000e-01
-6.439019e-01 -6.750000e-01
-6.503793e-01 -6.740000e-01
-6.567203e-01 -6.730000e-01
-6.629189e-01 -6.720000e-01
-6.689696e-01 -6.710000e-01
-6.748672e-01 -6.700000e-01
-6.806069e-01 -6.690000e-01
-6.861842e-01 -6.680000e-01
-6.915952e-01 -6.670000e-01
-6.968362e-01 -6.660000e-01
-7.019039e-01 -6.650000e-01
-7.067953e-01 -6.640000e-01
-7.115079e-01 -6.630000e-01
-7.160394e-01 -6.620000e-01
-7.203879e-01 -6.610000e-01
-7.245518e-01 -6.600000e-01
-7.285297e-01 -6.590000e-01
-7.323209e-01 -6.580000e-01
-7.359245e-01 -6.570000e-01
-7.393402e-01 -6.560000e-01
-7.425679e-01 -6.550000e-01
-7.456078e-01 -6.540000e-01
-7.484603e-01 -6.530000e-01
-7.511261e-01 -6.520000e-01
-7.536063e-01 -6.510000e-01
-7.559019e-01 -6.500000e-01
-7.580144e-01 -6.490000e-01
-7.599454e-01 -6.480000e-01
-7.616968e-01 -6.470000e-01
-7.632706e-01 -6.460000e-01
-7.646691e-01 -6.450000e-01
-7.658948e-01 -6.440000e-01
-7.669501e-01 -6.430000e-01
-7.678379e-01 -6.420000e-01
-7.685611e-01 -6.410000e-01
-7.691229e-01 -6.400000e-01
-7.695263e-01 -6.390000e-01
-7.697748e-01 -6.380000e-01
-7.698719e-01 -6.370000e-01
-7.698211e-01 -6.360000e-01
-7.696261e-01 -6.350000e-01
-7.692907e-01 -6.340000e-01
-7.688189e-01 -6.330000e-01
-7.682145e-01 -6.320000e-01
-7.674816e-01 -6.310000e-01
-7.666244e-01 -6.300000e-01
-7.656469e-01 -6.290000e-01
-7.645534e-01 -6.280000e-01
-7.633483e-01 -6.270000e-01
-7.620356e-01 -6.260000e-01
-7.606199e-01 -6.250000e-01
-7.591055e-01 -6.240000e-01
-7.574966e-01 -6.230000e-01
-7.557978e-01 -6.220000e-01
-7.540134e-01 -6.210000e-01
-7.521478e-01 -6.200000e-01
-7.502054e-01 -6.190000e-01
-7.481905e-01 -6.180000e-01
-7.461075e-01 -6.170000e-01
-7.439608e-01 -6.160000e-01
-7.417545e-01 -6.150000e-01
-7.394930e-01 -6.140000e-01
-7.371806e-01 -6.130000e-01
-7.348213e-01 -6.120000e-01
-7.324193e-01 -6.110000e-01
-7.299788e-01 -6.100000e-01
-7.275037e-01 -6.090000e-01
-7.249979e-01 -6.080000e-01
-7.224655e-01 -6.070000e-01
-7.199103e-01 -6.060000e-01
-7.173359e-01 -6.050000e-01
-7.147461e-01 -6.040000e-01
-7.121446e-01 -6.030000e-01
-7.095348e-01 -6.020000e-01
-7.069202e-01 -6.010000e-01
-7.043043e-01 -6.000000e-01
-7.016902e-01 -5.990000e-01
-6.990811e-01 -5.980000e-01
-6.964803e-01 -5.970000e-01
-6.938907e-01 -5.960000e-01
-6.913152e-01 -5.950000e-01
-6.887566e-01 -5.940000e-01
-6.862178e-01 -5.930000e-01
-6.837013e-01 -5.920000e-01
-6.812096e-01 -5.910000e-01
-6.787452e-01 -5.900000e-01
-6.763105e-01 -5.890000e-01
-6.739077e-01 -5.880000e-01
-6.715389e-01 -5.870000e-01
-6.692062e-01 -5.860000e-01
-6.669114e-01 -5.850000e-01
-6.646565e-01 -5.840000e-01
-6.624431e-01 -5.830000e-01
-6.602730e-01 -5.820000e-01
-6.581476e-01 -5.810000e-01
-6.560684e-01 -5.800000e-01
-6.540367e-01 -5.790000e-01
-6.520537e-01 -5.780000e-01
-6.501206e-01 -5.770000e-01
-6.482385e-01 -5.760000e-01
-6.464082e-01 -5.750000e-01
-6.446307e-01 -5.740000e-01
-6.429067e-01 -5.730000e-01
-6.412369e-01 -5.720000e-01
-6.396218e-01 -5.710000e-01
-6.380620e-01 -5.700000e-01
-6.365578e-01 -5.690000e-01
-6.351096e-01 -5.680000e-01
-6.337175e-01 -5.670000e-01
-6.323819e-01 -5.660000e-01
-6.311026e-01 -5.650000e-01
-6.298797e-01 -5.640000e-01
-6.287132e-01 -5.630000e-01
-6.276028e-01 -5.620000e-01
-6.265483e-01 -5.610000e-01
-6.255495e-01 -5.600000e-01
-6.246059e-01 -5.590000e-01
-6.237171e-01 -5.580000e-01
-6.228826e-01 -5.570000e-01
-6.221018e-01 -5.560000e-01
-6.213740e-01 -5.550000e-01
-6.206987e-01 -5.540000e-01
-6.200751e-01 -5.530000e-01
-6.195023e-01 -5.520000e-01
-6.189795e-01 -5.510000e-01
-6.185058e-01 -5.500000e-01
-6.180803e-01 -5.490000e-01
-6.177019e-01 -5.480000e-01
-6.173697e-01 -5.470000e-01
-6.170825e-01 -5.460000e-01
-6.168393e-01 -5.450000e-01
-6.166389e-01 -5.440000e-01
-6.164801e-01 -5.430000e-01
-6.163616e-01 -5.420000e-01
-6.162824e-01 -5.410000e-01
-6.162410e-01 -5.400000e-01
-6.162362e-01 -5.390000e-01
-6.162667e-01 -5.380000e-01
-6.163312e-01 -5.370000e-01
-6.164282e-01 -5.360000e-01
-6.165565e-01 -5.350000e-01
-6.167145e-01 -5.340000e-01
-6.169011e-01 -5.330000e-01
-6.171146e-01 -5.320000e-01
-6.173538e-01 -5.310000e-01
-6.176171e-01 -5.300000e-01
-6.179032e-01 -5.290000e-01
-6.182107e-01 -5.280000e-01
-6.185381e-01 -5.270000e-01
-6.188839e-01 -5.260000e-01
-6.192469e-01 -5.250000e-01
-6.196255e-01 -5.240000e-01
-6.200183e-01 -5.230000e-01
-6.204240e-01 -5.220000e-01
-6.208411e-01 -5.210000e-01
-6.212683e-01 -5.200000e-01
-6.217042e-01 -5.190000e-01
-6.221475e-01 -5.180000e-01
-6.225968e-01 -5.170000e-01
-6.230507e-01 -5.160000e-01
-6.235081e-01 -5.150000e-01
-6.239675e-01 -5.140000e-01
-6.244278e-01 -5.130000e-01
-6.248877e-01 -5.120000e-01
-6.253461e-01 -5.110000e-01
-6.258016e-01 -5.100000e-01
-6.262531e-01 -5.090000e-01
-6.266996e-01 -5.080000e-01
-6.271399e-01 -5.070000e-01
-6.275728e-01 -5.060000e-01
-6.279974e-01 -5.050000e-01
-6.284127e-01 -5.040000e-01
-6.288176e-01 -5.030000e-01
-6.292111e-01 -5.020000e-01
-6.295924e-01 -5.010000e-01
-6.299605e-01 -5.000000e-01
-6.303146e-01 -4.990000e-01
-6.306539e-01 -4.980000e-01
-6.309774e-01 -4.970000e-01
-6.312846e-01 -4.960000e-01
-6.315746e-01 -4.950000e-01
-6.318467e-01 -4.940000e-01
-6.321003e-01 -4.930000e-01
-6.323348e-01 -4.920000e-01
-6.325495e-01 -4.910000e-01
-6.327440e-01 -4.900000e-01
-6.329176e-01 -4.890000e-01
-6.330699e-01 -4.880000e-01
-6.332005e-01 -4.870000e-01
-6.333089e-01 -4.860000e-01
-6.333948e-01 -4.850000e-01
-6.334578e-01 -4.840000e-01
-6.334976e-01 -4.830000e-01
-6.335139e-01 -4.820000e-01
-6.335064e-01 -4.810000e-01
-6.334751e-01 -4.800000e-01
-6.334196e-01 -4.790000e-01
-6.333399e-01 -4.780000e-01
-6.332359e-01 -4.770000e-01
-6.331074e-01 -4.760000e-01
-6.329545e-01 -4.750000e-01
-6.327771e-01 -4.740000e-01
-6.325752e-01 -4.730000e-01
-6.323489e-01 -4.720000e-01
-6.320983e-01 -4.710000e-01
-6.318235e-01 -4.700000e-01
-6.315246e-01 -4.690000e-01
-6.312018e-01 -4.680000e-01
-6.308552e-01 -4.670000e-01
-6.304852e-01 -4.660000e-01
-6.300919e-01 -4.650000e-01
-6.296756e-01 -4.640000e-01
-6.292366e-01 -4.630000e-01
-6.287752e-01 -4.620000e-01
-6.282919e-01 -4.610000e-01
-6.277868e-01 -4.600000e-01
-6.272605e-01 -4.590000e-01
-6.267134e-01 -4.580000e-01
-6.261457e-01 -4.570000e-01
-6.255581e-01 -4.560000e-01
-6.249510e-01 -4.550000e-01
-6.243248e-01 -4.540000e-01
-6.236801e-01 -4.530000e-01
-6.230174e-01 -4.520000e-01
-6.223371e-01 -4.510000e-01
-6.216399e-01 -4.500000e-01
-6.209263e-01 -4.490000e-01
-6.201968e-01 -4.480000e-01
-6.194521e-01 -4.470000e-01
-6.186927e-01 -4.460000e-01
-6.179193e-01 -4.450000e-01
-6.171324e-01 -4.440000e-01
-6.163326e-01 -4.430000e-01
-6.155207e-01 -4.420000e-01
-6.146971e-01 -4.410000e-01
-6.138626e-01 -4.400000e-01
-6.130178e-01 -4.390000e-01
-6.121633e-01 -4.380000e-01
-6.112997e-01 -4.370000e-01
-6.104278e-01 -4.360000e-01
-6.095482e-01 -4.350000e-01
-6.086614e-01 -4.340000e-01
-6.077682e-01 -4.330000e-01
-6.068693e-01 -4.320000e-01
-6.059652e-01 -4.310000e-01
-6.050566e-01 -4.300000e-01
-6.041441e-01 -4.290000e-01
-6.032284e-01 -4.280000e-01
-6.023102e-01 -4.270000e-01
-6.013899e-01 -4.260000e-01
-6.004683e-01 -4.250000e-01
-5.995460e-01 -4.240000e-01
-5.986235e-01 -4.230000e-01
-5.977015e-01 -4.220000e-01
-5.967805e-01 -4.210000e-01
-5.958611e-01 -4.200000e-01
-5.949440e-01 -4.190000e-01
-5.940295e-01 -4.180000e-01
-5.931184e-01 -4.170000e-01
-5.922111e-01 -4.160000e-01
-5.913082e-01 -4.150000e-01
-5.904101e-01 -4.140000e-01
-5.895174e-01 -4.130000e-01
-5.886305e-01 -4.120000e-01
-5.877500e-01 -4.110000e-01
-5.868762e-01 -4.100000e-01
-5.860096e-01 -4.090000e-01
-5.851507e-01 -4.080000e-01
-5.842998e-01 -4.070000e-01
-5.834573e-01 -4.060000e-01
-5.826236e-01 -4.050000e-01
-5.817992e-01 -4.040000e-01
-5.809842e-01 -4.030000e-01
-5.801792e-01 -4.020000e-01
-5.793843e-01 -4.010000e-01
-5.785998e-01 -4.000000e-01
-5.778261e-01 -3.990000e-01
-5.770634e-01 -3.980000e-01
-5.763120e-01 -3.970000e-01
-5.755720e-01 -3.960000e-01
-5.748437e-01 -3.950000e-01
-5.741273e-01 -3.940000e-01
-5.734229e-01 -3.930000e-01
-5.727307e-01 -3.920000e-01
-5.720509e-01 -3.910000e-01
-5.713835e-01 -3.900000e-01
-5.707287e-01 -3.890000e-01
-5.700865e-01 -3.880000e-01
-5.694571e-01 -3.870000e-01
-5.688404e-01 -3.860000e-01
-5.682364e-01 -3.850000e-01
-5.676453e-01 -3.840000e-01
-5.670670e-01 -3.830000e-01
-5.665014e-01 -3.820000e-01
-5.659486e-01 -3.810000e-01
-5.654085e-01 -3.800000e-01
-5.648810e-01 -3.790000e-01
-5.643660e-01 -3.780000e-01
-5.638635e-01 -3.770000e-01
-5.633732e-01 -3.760000e-01
-5.628952e-01 -3.750000e-01
-5.624291e-01 -3.740000e-01
-5.619749e-01 -3.730000e-01
-5.615324e-01 -3.720000e-01
-5.611014e-01 -3.710000e-01
-5.606817e-01 -3.700000e-01
-5.602731e-01 -3.690000e-01
-5.598753e-01 -3.680000e-01
-5.594881e-01 -3.670000e-01
-5.591112e-01 -3.660000e-01
-5.587443e-01 -3.650000e-01
-5.583873e-01 -3.640000e-01
-5.580397e-01 -3.630000e-01
-5.577013e-01 -3.620000e-01
-5.573718e-01 -3.610000e-01
-5.570509e-01 -3.600000e-01
-5.567381e-01 -3.590000e-01
-5.564333e-01 -3.580000e-01
-5.561359e-01 -3.570000e-01
-5.558457e-01 -3.560000e-01
-5.555624e-01 -3.550000e-01
-5.552854e-01 -3.540000e-01
-5.550145e-01 -3.530000e-01
-5.547492e-01 -3.520000e-01
-5.544892e-01 -3.510000e-01
-5.542341e-01 -3.500000e-01
-5.539835e-01 -3.490000e-01
-5.537369e-01 -3.480000e-01
-5.534940e-01 -3.470000e-01
-5.532543e-01 -3.460000e-01
-5.530174e-01 -3.450000e-01
-5.527830e-01 -3.440000e-01
-5.525505e-01 -3.430000e-01
-5.523196e-01 -3.420000e-01
-5.520898e-01 -3.410000e-01
-5.518608e-01 -3.400000e-01
-5.516320e-01 -3.390000e-01
-5.514032e-01 -3.380000e-01
-5.511738e-01 -3.370000e-01
-5.509434e-01 -3.360000e-01
-5.507117e-01 -3.350000e-01
-5.504781e-01 -3.340000e-01
-5.502424e-01 -3.330000e-01
-5.500040e-01 -3.320000e-01
-5.497626e-01 -3.310000e-01
-5.495178e-01 -3.300000e-01
-5.492691e-01 -3.290000e-01
-5.490163e-01 -3.280000e-01
-5.487589e-01 -3.270000e-01
-5.484965e-01 -3.260000e-01
-5.482287e-01 -3.250000e-01
-5.479552e-01 -3.240000e-01
-5.476757e-01 -3.230000e-01
-5.473897e-01 -3.220000e-01
-5.470970e-01 -3.210000e-01
-5.467971e-01 -3.200000e-01
-5.464898e-01 -3.190000e-01
-5.461748e-01 -3.180000e-01
-5.458517e-01 -3.170000e-01
-5.455202e-01 -3.160000e-01
-5.451800e-01 -3.150000e-01
-5.448309e-01 -3.140000e-01
-5.444726e-01 -3.130000e-01
-5.441048e-01 -3.120000e-01
-5.437273e-01 -3.110000e-01
-5.433398e-01 -3.100000e-01
-5.429421e-01 -3.090000e-01
-5.425340e-01 -3.080000e-01
-5.421153e-01 -3.070000e-01
-5.416858e-01 -3.060000e-01
-5.412453e-01 -3.050000e-01
-5.407936e-01 -3.040000e-01
-5.403306e-01 -3.030000e-01
-5.398561e-01 -3.020000e-01
-5.393700e-01 -3.010000e-01
-5.388722e-01 -3.000000e-01
-5.383626e-01 -2.990000e-01
-5.378410e-01 -2.980000e-01
-5.373075e-01 -2.970000e-01
-5.367618e-01 -2.960000e-01
-5.362040e-01 -2.950000e-01
-5.356341e-01 -2.940000e-01
-5.350519e-01 -2.930000e-01
-5.344575e-01 -2.920000e-01
-5.338509e-01 -2.910000e-01
-5.332320e-01 -2.900000e-01
-5.326009e-01 -2.890000e-01
-5.319577e-01 -2.880000e-01
-5.313023e-01 -2.870000e-01
-5.306349e-01 -2.860000e-01
-5.299555e-01 -2.850000e-01
-5.292642e-01 -2.840000e-01
-5.285610e-01 -2.830000e-01
-5.278461e-01 -2.820000e-01
-5.271197e-01 -2.810000e-01
-5.263818e-01 -2.800000e-01
-5.256326e-01 -2.790000e-01
-5.248722e-01 -2.780000e-01
-5.241008e-01 -2.770000e-01
-5.233187e-01 -2.760000e-01
-5.225259e-01 -2.750000e-01
-5.217227e-01 -2.740000e-01
-5.209092e-01 -2.730000e-01
-5.200858e-01 -2.720000e-01
-5.192526e-01 -2.710000e-01
-5.184099e-01 -2.700000e-01
-5.175579e-01 -2.690000e-01
-5.166969e-01 -2.680000e-01
-5.158272e-01 -2.670000e-01
-5.149490e-01 -2.660000e-01
-5.140626e-01 -2.650000e-01
-5.131683e-01 -2.640000e-01
-5.122664e-01 -2.630000e-01
-5.113573e-01 -2.620000e-01
-5.104411e-01 -2.610000e-01
-5.095184e-01 -2.600000e-01
-5.085893e-01 -2.590000e-01
-5.076542e-01 -2.580000e-01
-5.067135e-01 -2.570000e-01
-5.057675e-01 -2.560000e-01
-5.048165e-01 -2.550000e-01
-5.038610e-01 -2.540000e-01
-5.029012e-01 -2.530000e-01
-5.019375e-01 -2.520000e-01
-5.009703e-01 -2.510000e-01
-5.000000e-01 -2.500000e-01
-4.990269e-01 -2.490000e-01
-4.980514e-01 -2.480000e-01
-4.970739e-01 -2.470000e-01
-4.960948e-01 -2.460000e-01
-4.951144e-01 -2.450000e-01
-4.941331e-01 -2.440000e-01
-4.931513e-01 -2.430000e-01
-4.921693e-01 -2.420000e-01
-4.911876e-01 -2.410000e-01
-4.902065e-01 -2.400000e-01
-4.892265e-01 -2.390000e-01
-4.882477e-01 -2.380000e-01
-4.872707e-01 -2.370000e-01
-4.862959e-01 -2.360000e-01
-4.853235e-01 -2.350000e-01
-4.843539e-01 -2.340000e-01
-4.833875e-01 -2.330000e-01
-4.824246e-01 -2.320000e-01
-4.814656e-01 -2.310000e-01
-4.805109e-01 -2.300000e-01
-4.795607e-01 -2.290000e-01
-4.786154e-01 -2.280000e-01
-4.776754e-01 -2.270000e-01
-4.767408e-01 -2.260000e-01
-4.758121e-01 -2.250000e-01
-4.748896e-01 -2.240000e-01
-4.739735e-01 -2.230000e-01
-4.730642e-01 -2.220000e-01
-4.721618e-01 -2.210000e-01
-4.712668e-01 -2.200000e-01
-4.703793e-01 -2.190000e-01
-4.694995e-01 -2.180000e-01
-4.686278e-01 -2.170000e-01
-4.677644e-01 -2.160000e-01
-4.669095e-01 -2.150000e-01
-4.660632e-01 -2.140000e-01
-4.652259e-01 -2.130000e-01
-4.643976e-01 -2.120000e-01
-4.635786e-01 -2.110000e-01
-4.627690e-01 -2.100000e-01
-4.619690e-01 -2.090000e-01
-4.611787e-01 -2.080000e-01
-4.603982e-01 -2.070000e-01
-4.596277e-01 -2.060000e-01
-4.588672e-01 -2.050000e-01
-4.581169e-01 -2.040000e-01
-4.573767e-01 -2.030000e-01
-4.566468e-01 -2.020000e-01
-4.559273e-01 -2.010000e-01
-4.552180e-01 -2.000000e-01
-4.545192e-01 -1.990000e-01
-4.538307e-01 -1.980000e-01
-4.531525e-01 -1.970000e-01
-4.524847e-01 -1.960000e-01
-4.518271e-01 -1.950000e-01
-4.511798e-01 -1.940000e-01
-4.505426e-01 -1.930000e-01
-4.499155e-01 -1.920000e-01
-4.492983e-01 -1.910000e-01
-4.486910e-01 -1.900000e-01
-4.480934e-01 -1.890000e-01
-4.475053e-01 -1.880000e-01
-4.469266e-01 -1.870000e-01
-4.463572e-01 -1.860000e-01
-4.457968e-01 -1.850000e-01
-4.452452e-01 -1.840000e-01
-4.447022e-01 -1.830000e-01
-4.441675e-01 -1.820000e-01
-4.436409e-01 -1.810000e-01
-4.431221e-01 -1.800000e-01
-4.426109e-01 -1.790000e-01
-4.421069e-01 -1.780000e-01
-4.416098e-01 -1.770000e-01
-4.411193e-01 -1.760000e-01
-4.406350e-01 -1.750000e-01
-4.401567e-01 -1.740000e-01
-4.396838e-01 -1.730000e-01
-4.392160e-01 -1.720000e-01
-4.387529e-01 -1.710000e-01
-4.382941e-01 -1.700000e-01
-4.378392e-01 -1.690000e-01
-4.373877e-01 -1.680000e-01
-4.369392e-01 -1.670000e-01
-4.364931e-01 -1.660000e-01
-4.360490e-01 -1.650000e-01
-4.356065e-01 -1.640000e-01
-4.351649e-01 -1.630000e-01
-4.347238e-01 -1.620000e-01
-4.342826e-01 -1.610000e-01
-4.338408e-01 -1.600000e-01
-4.333978e-01 -1.590000e-01
-4.329531e-01 -1.580000e-01
-4.325061e-01 -1.570000e-01
-4.320562e-01 -1.560000e-01
-4.316027e-01 -1.550000e-01
-4.311451e-01 -1.540000e-01
-4.306828e-01 -1.530000e-01
-4.302152e-01 -1.520000e-01
-4.297415e-01 -1.510000e-01
-4.292612e-01 -1.500000e-01
-4.287735e-01 -1.490000e-01
-4.282779e-01 -1.480000e-01
-4.277737e-01 -1.470000e-01
-4.272601e-01 -1.460000e-01
-4.267366e-01 -1.450000e-01
-4.262024e-01 -1.440000e-01
-4.256567e-01 -1.430000e-01
-4.250991e-01 -1.420000e-01
-4.245286e-01 -1.410000e-01
-4.239446e-01 -1.400000e-01
-4.233465e-01 -1.390000e-01
-4.227334e-01 -1.380000e-01
-4.221047e-01 -1.370000e-01
-4.214596e-01 -1.360000e-01
-4.207975e-01 -1.350000e-01
-4.201175e-01 -1.340000e-01
-4.194190e-01 -1.330000e-01
-4.187012e-01 -1.320000e-01
-4.179635e-01 -1.310000e-01
-4.172050e-01 -1.300000e-01
-4.164250e-01 -1.290000e-01
-4.156229e-01 -1.280000e-01
-4.147979e-01 -1.270000e-01
-4.139492e-01 -1.260000e-01
-4.130762e-01 -1.250000e-01
-4.121782e-01 -1.240000e-01
-4.112543e-01 -1.230000e-01
-4.103040e-01 -1.220000e-01
-4.093265e-01 -1.210000e-01
-4.083210e-01 -1.200000e-01
-4.072870e-01 -1.190000e-01
-4.062236e-01 -1.180000e-01
-4.051303e-01 -1.170000e-01
-4.040064e-01 -1.160000e-01
-4.028511e-01 -1.150000e-01
-4.016638e-01 -1.140000e-01
-4.004439e-01 -1.130000e-01
-3.991907e-01 -1.120000e-01
-3.979036e-01 -1.110000e-01
-3.965819e-01 -1.100000e-01
-3.952250e-01 -1.090000e-01
-3.938324e-01 -1.080000e-01
-3.924033e-01 -1.070000e-01
-3.909373e-01 -1.060000e-01
-3.894338e-01 -1.050000e-01
-3.878921e-01 -1.040000e-01
-3.863117e-01 -1.030000e-01
-3.846922e-01 -1.020000e-01
-3.830329e-01 -1.010000e-01
-3.813334e-01 -1.000000e-01
-3.795931e-01 -9.900000e-02
-3.778116e-01 -9.800000e-02
-3.759884e-01 -9.700000e-02
-3.741230e-01 -9.600000e-02
-3.722151e-01 -9.500000e-02
-3.702641e-01 -9.400000e-02
-3.682697e-01 -9.300000e-02
-3.662315e-01 -9.200000e-02
-3.641491e-01 -9.100000e-02
-3.620222e-01 -9.000000e-02
-3.598503e-01 -8.900000e-02
-3.576333e-01 -8.800000e-02
-3.553707e-01 -8.700000e-02
-3.530623e-01 -8.600000e-02
-3.507078e-01 -8.500000e-02
-3.483070e-01 -8.400000e-02
-3.458597e-01 -8.300000e-02
-3.433655e-01 -8.200000e-02
-3.408244e-01 -8.100000e-02
-3.382361e-01 -8.000000e-02
-3.356006e-01 -7.900000e-02
-3.329176e-01 -7.800000e-02
-3.301870e-01 -7.700000e-02
-3.274089e-01 -7.600000e-02
-3.245829e-01 -7.500000e-02
-3.217093e-01 -7.400000e-02
-3.187878e-01 -7.300000e-02
-3.158185e-01 -7.200000e-02
-3.128014e-01 -7.100000e-02
-3.097364e-01 -7.000000e-02
-3.066238e-01 -6.900000e-02
-3.034635e-01 -6.800000e-02
-3.002556e-01 -6.700000e-02
-2.970003e-01 -6.600000e-02
-2.936977e-01 -6.500000e-02
-2.903479e-01 -6.400000e-02
-2.869511e-01 -6.300000e-02
-2.835075e-01 -6.200000e-02
-2.800173e-01 -6.100000e-02
-2.764808e-01 -6.000000e-02
-2.728982e-01 -5.900000e-02
-2.692699e-01 -5.800000e-02
-2.655960e-01 -5.700000e-02
-2.618770e-01 -5.600000e-02
-2.581132e-01 -5.500000e-02
-2.543050e-01 -5.400000e-02
-2.504526e-01 -5.300000e-02
-2.465566e-01 -5.200000e-02
-2.426174e-01 -5.100000e-02
-2.386354e-01 -5.000000e-02
-2.346111e-01 -4.900000e-02
-2.305450e-01 -4.800000e-02
-2.264375e-01 -4.700000e-02
-2.222893e-01 -4.600000e-02
-2.181008e-01 -4.500000e-02
-2.138726e-01 -4.400000e-02
-2.096054e-01 -4.300000e-02
-2.052996e-01 -4.200000e-02
-2.009559e-01 -4.100000e-02
-1.965751e-01 -4.000000e-02
-1.921576e-01 -3.900000e-02
-1.877043e-01 -3.800000e-02
-1.832157e-01 -3.700000e-02
-1.786926e-01 -3.600000e-02
-1.741357e-01 -3.500000e-02
-1.695458e-01 -3.400000e-02
-1.649236e-01 -3.300000e-02
-1.602699e-01 -3.200000e-02
-1.555855e-01 -3.100000e-02
-1.508711e-01 -3.000000e-02
-1.461277e-01 -2.900000e-02
-1.413559e-01 -2.800000e-02
-1.365568e-01 -2.700000e-02
-1.317310e-01 -2.600000e-02
-1.268796e-01 -2.500000e-02
-1.220033e-01 -2.400000e-02
-1.171031e-01 -2.300000e-02
-1.121799e-01 -2.200000e-02
-1.072346e-01 -2.100000e-02
-1.022681e-01 -2.000000e-02
-9.728145e-02 -1.900000e-02
-9.227547e-02 -1.800000e-02
-8.725117e-02 -1.700000e-02
-8.220952e-02 -1.600000e-02
-7.715149e-02 -1.500000e-02
-7.207807e-02 -1.400000e-02
-6.699024e-02 -1.300000e-02
-6.188902e-02 -1.200000e-02
-5.677539e-02 -1.100000e-02
-5.165038e-02 -1.000000e-02
-4.651501e-02 -9.000000e-03
-4.137028e-02 -8.000000e-03
-3.621724e-02 -7.000000e-03
-3.105691e-02 -6.000000e-03
-2.589033e-02 -5.000000e-03
-2.071853e-02 -4.000000e-03
-1.554255e-02 -3.000000e-03
-1.036344e-02 -2.000000e-03
-5.182245e-03 -1.000000e-03
4.566953e-15 8.812395e-16
5.182245e-03 1.000000e-03
1.036344e-02 2.000000e-03
1.554255e-02 3.000000e-03
2.071853e-02 4.000000e-03
2.589033e-02 5.000000e-03
3.105691e-02 6.000000e-03
3.621724e-02 7.000000e-03
4.137028e-02 8.000000e-03
4.651501e-02 9.000000e-03
5.165038e-02 1.000000e-02
5.677539e-02 1.100000e-02
6.188902e-02 1.200000e-02
6.699024e-02 1.300000e-02
7.207807e-02 1.400000e-02
7.715149e-02 1.500000e-02
8.220952e-02 1.600000e-02
8.725117e-02 1.700000e-02
9.227547e-02 1.800000e-02
9.728145e-02 1.900000e-02
1.022681e-01 2.000000e-02
1.072346e-01 2.100000e-02
1.121799e-01 2.200000e-02
1.171031e-01 2.300000e-02
1.220033e-01 2.400000e-02
1.268796e-01 2.500000e-02
1.317310e-01 2.600000e-02
1.365568e-01 2.700000e-02
1.413559e-01 2.800000e-02
1.461277e-01 2.900000e-02
1.508711e-01 3.000000e-02
1.555855e-01 3.100000e-02
1.602699e-01 3.200000e-02
1.649236e-01 3.300000e-02
1.695458e-01 3.400000e-02
1.741357e-01 3.500000e-02
1.786926e-01 3.600000e-02
1.832157e-01 3.700000e-02
1.877043e-01 3.800000e-02
1.921576e-01 3.900000e-02
1.965751e-01 4.000000e-02
2.009559e-01 4.100000e-02
2.052996e-01 4.200000e-02
2.096054e-01 4.300000e-02
2.138726e-01 4.400000e-02
2.181008e-01 4.500000e-02
2.222893e-01 4.600000e-02
2.264375e-01 4.700000e-02
2.305450e-01 4.800000e-02
2.346111e-01 4.900000e-02
2.386354e-01 5.000000e-02
2.426174e-01 5.100000e-02
2.465566e-01 5.200000e-02
2.504526e-01 5.300000e-02
2.543050e-01 5.400000e-02
2.581132e-01 5.500000e-02
2.618770e-01 5.600000e-02
2.655960e-01 5.700000e-02
2.692699e-01 5.800000e-02
2.728982e-01 5.900000e-02
2.764808e-01 6.000000e-02
2.800173e-01 6.100000e-02
2.835075e-01 6.200000e-02
2.869511e-01 6.300000e-02
2.903479e-01 6.400000e-02
2.936977e-01 6.500000e-02
2.970003e-01 6.600000e-02
3.002556e-01 6.700000e-02
3.034635e-01 6.800000e-02
3.066238e-01 6.900000e-02
3.097364e-01 7.000000e-02
3.128014e-01 7.100000e-02
3.158185e-01 7.200000e-02
3.187878e-01 7.300000e-02
3.217093e-01 7.400000e-02
3.245829e-01 7.500000e-02
3.274089e-01 7.600000e-02
3.301870e-01 7.700000e-02
3.329176e-01 7.800000e-02
3.356006e-01 7.900000e-02
3.382361e-01 8.000000e-02
3.408244e-01 8.100000e-02
3.433655e-01 8.200000e-02
3.458597e-01 8.300000e-02
3.483070e-01 8.400000e-02
3.507078e-01 8.500000e-02
3.530623e-01 8.600000e-02
3.553707e-01 8.700000e-02
3.576333e-01 8.800000e-02
3.598503e-01 8.900000e-02
3.620222e-01 9.000000e-02
3.641491e-01 9.100000e-02
3.662315e-01 9.200000e-02
3.682697e-01 9.300000e-02
3.702641e-01 9.400000e-02
3.722151e-01 9.500000e-02
3.741230e-01 9.600000e-02
3.759884e-01 9.700000e-02
3.778116e-01 9.800000e-02
3.795931e-01 9.900000e-02
3.813334e-01 1.000000e-01
3.830329e-01 1.010000e-01
3.846922e-01 1.020000e-01
3.863117e-01 1.030000e-01
3.878921e-01 1.040000e-01
3.894338e-01 1.050000e-01
3.909373e-01 1.060000e-01
3.924033e-01 1.070000e-01
3.938324e-01 1.080000e-01
3.952250e-01 1.090000e-01
3.965819e-01 1.100000e-01
3.979036e-01 1.110000e-01
3.991907e-01 1.120000e-01
4.004439e-01 1.130000e-01
4.016638e-01 1.140000e-01
4.028511e-01 1.150000e-01
4.040064e-01 1.160000e-01
4.051303e-01 1.170000e-01
4.062236e-01 1.180000e-01
4.072870e-01 1.190000e-01
4.083210e-01 1.200000e-01
4.093265e-01 1.210000e-01
4.103040e-01 1.220000e-01
4.112543e-01 1.230000e-01
4.121782e-01 1.240000e-01
4.130762e-01 1.250000e-01
4.139492e-01 1.260000e-01
4.147979e-01 1.270000e-01
4.156229e-01 1.280000e-01
4.164250e-01 1.290000e-01
4.172050e-01 1.300000e-01
4.179635e-01 1.310000e-01
4.187012e-01 1.320000e-01
4.194190e-01 1.330000e-01
4.201175e-01 1.340000e-01
4.207975e-01 1.350000e-01
4.214596e-01 1.360000e-01
4.221047e-01 1.370000e-01
4.227334e-01 1.380000e-01
4.233465e-01 1.390000e-01
4.239446e-01 1.400000e-01
4.245286e-01 1.410000e-01
4.250991e-01 1.420000e-01
4.256567e-01 1.430000e-01
4.262024e-01 1.440000e-01
4.267366e-01 1.450000e-01
4.272601e-01 1.460000e-01
4.277737e-01 1.470000e-01
4.282779e-01 1.480000e-01
4.287735e-01 1.490000e-01
4.292612e-01 1.500000e-01
4.297415e-01 1.510000e-01
4.302152e-01 1.520000e-01
4.306828e-01 1.530000e-01
4.311451e-01 1.540000e-01
4.316027e-01 1.550000e-01
4.320562e-01 1.560000e-01
4.325061e-01 1.570000e-01
4.329531e-01 1.580000e-01
4.333978e-01 1.590000e-01
4.338408e-01 1.600000e-01
4.342826e-01 1.610000e-01
4.347238e-01 1.620000e-01
4.351649e-01 1.630000e-01
4.356065e-01 1.640000e-01
4.360490e-01 1.650000e-01
4.364931e-01 1.660000e-01
4.369392e-01 1.670000e-01
4.373877e-01 1.680000e-01
4.378392e-01 1.690000e-01
4.382941e-01 1.700000e-01
4.387529e-01 1.710000e-01
4.392160e-01 1.720000e-01
4.396838e-01 1.730000e-01
4.401567e-01 1.740000e-01
4.406350e-01 1.750000e-01
4.411193e-01 1.760000e-01
4.416098e-01 1.770000e-01
4.421069e-01 1.780000e-01
4.426109e-01 1.790000e-01
4.431221e-01 1.800000e-01
4.436409e-01 1.810000e-01
4.441675e-01 1.820000e-01
4.447022e-01 1.830000e-01
4.452452e-01 1.840000e-01
4.457968e-01 1.850000e-01
4.463572e-01 1.860000e-01
4.469266e-01 1.870000e-01
4.475053e-01 1.880000e-01
4.480934e-01 1.890000e-01
4.486910e-01 1.900000e-01
4.492983e-01 1.910000e-01
4.499155e-01 1.920000e-01
4.505426e-01 1.930000e-01
4.511798e-01 1.940000e-01
4.518271e-01 1.950000e-01
4.524847e-01 1.960000e-01
4.531525e-01 1.970000e-01
4.538307e-01 1.980000e-01
4.545192e-01 1.990000e-01
4.552180e-01 2.000000e-01
4.559273e-01 2.010000e-01
4.566468e-01 2.020000e-01
4.573767e-01 2.030000e-01
4.581169e-01 2.040000e-01
4.588672e-01 2.050000e-01
4.596277e-01 2.060000e-01
4.603982e-01 2.070000e-01
4.611787e-01 2.080000e-01
4.619690e-01 2.090000e-01
4.627690e-01 2.100000e-01
4.635786e-01 2.110000e-01
4.643976e-01 2.120000e-01
4.652259e-01 2.130000e-01
4.660632e-01 2.140000e-01
4.669095e-01 2.150000e-01
4.677644e-01 2.160000e-01
4.686278e-01 2.170000e-01
4.694995e-01 2.180000e-01
4.703793e-01 2.190000e-01
4.712668e-01 2.200000e-01
4.721618e-01 2.210000e-01
4.730642e-01 2.220000e-01
4.739735e-01 2.230000e-01
4.748896e-01 2.240000e-01
4.758121e-01 2.250000e-01
4.767408e-01 2.260000e-01
4.776754e-01 2.270000e-01
4.786154e-01 2.280000e-01
4.795607e-01 2.290000e-01
4.805109e-01 2.300000e-01
4.814656e-01 2.310000e-01
4.824246e-01 2.320000e-01
4.833875e-01 2.330000e-01
4.843539e-01 2.340000e-01
4.853235e-01 2.350000e-01
4.862959e-01 2.360000e-01
4.872707e-01 2.370000e-01
4.882477e-01 2.380000e-01
4.892265e-01 2.390000e-01
4.902065e-01 2.400000e-01
4.911876e-01 2.410000e-01
4.921693e-01 2.420000e-01
4.931513e-01 2.430000e-01
4.941331e-01 2.440000e-01
4.951144e-01 2.450000e-01
4.960948e-01 2.460000e-01
4.970739e-01 2.470000e-01
4.980514e-01 2.480000e-01
4.990269e-01 2.490000e-01
5.000000e-01 2.500000e-01
5.009703e-01 2.510000e-01
5.019375e-01 2.520000e-01
5.029012e-01 2.530000e-01
5.038610e-01 2.540000e-01
5.048165e-01 2.550000e-01
5.057675e-01 2.560000e-01
5.067135e-01 2.570000e-01
5.076542e-01 2.580000e-01
5.085893e-01 2.590000e-01
5.095184e-01 2.600000e-01
5.104411e-01 2.610000e-01
5.113573e-01 2.620000e-01
5.122664e-01 2.630000e-01
5.131683e-01 2.640000e-01
5.140626e-01 2.650000e-01
5.149490e-01 2.660000e-01
5.158272e-01 2.670000e-01
5.166969e-01 2.680000e-01
5.175579e-01 2.690000e-01
5.184099e-01 2.700000e-01
5.192526e-01 2.710000e-01
5.200858e-01 2.720000e-01
5.209092e-01 2.730000e-01
5.217227e-01 2.740000e-01
5.225259e-01 2.750000e-01
5.233187e-01 2.760000e-01
5.241008e-01 2.770000e-01
5.248722e-01 2.780000e-01
5.256326e-01 2.790000e-01
5.263818e-01 2.800000e-01
5.271197e-01 2.810000e-01
5.278461e-01 2.820000e-01
5.285610e-01 2.830000e-01
5.292642e-01 2.840000e-01
5.299555e-01 2.850000e-01
5.306349e-01 2.860000e-01
5.313023e-01 2.870000e-01
5.319577e-01 2.880000e-01
5.326009e-01 2.890000e-01
5.332320e-01 2.900000e-01
5.338509e-01 2.910000e-01
5.344575e-01 2.920000e-01
5.350519e-01 2.930000e-01
5.356341e-01 2.940000e-01
5.362040e-01 2.950000e-01
5.367618e-01 2.960000e-01
5.373075e-01 2.970000e-01
5.378410e-01 2.980000e-01
5.383626e-01 2.990000e-01
5.388722e-01 3.000000e-01
5.393700e-01 3.010000e-01
5.398561e-01 3.020000e-01
5.403306e-01 3.030000e-01
5.407936e-01 3.040000e-01
5.412453e-01 3.050000e-01
5.416858e-01 3.060000e-01
5.421153e-01 3.070000e-01
5.425340e-01 3.080000e-01
5.429421e-01 3.090000e-01
5.433398e-01 3.100000e-01
5.437273e-01 3.110000e-01
5.441048e-01 3.120000e-01
5.444726e-01 3.130000e-01
5.448309e-01 3.140000e-01
5.451800e-01 3.150000e-01
5.455202e-01 3.160000e-01
5.458517e-01 3.170000e-01
5.461748e-01 3.180000e-01
5.464898e-01 3.190000e-01
5.467971e-01 3.200000e-01
5.470970e-01 3.210000e-01
5.473897e-01 3.220000e-01
5.476757e-01 3.230000e-01
5.479552e-01 3.240000e-01
5.482287e-01 3.250000e-01
5.484965e-01 3.260000e-01
5.487589e-01 3.270000e-01
5.490163e-01 3.280000e-01
5.492691e-01 3.290000e-01
5.495178e-01 3.300000e-01
5.497626e-01 3.310000e-01
5.500040e-01 3.320000e-01
5.502424e-01 3.330000e-01
5.504781e-01 3.340000e-01
5.507117e-01 3.350000e-01
5.509434e-01 3.360000e-01
5.511738e-01 3.370000e-01
5.514032e-01 3.380000e-01
5.516320e-01 3.390000e-01
5.518608e-01 3.400000e-01
5.520898e-01 3.410000e-01
5.523196e-01 3.420000e-01
5.525505e-01 3.430000e-01
5.527830e-01 3.440000e-01
5.530174e-01 3.450000e-01
5.532543e-01 3.460000e-01
5.534940e-01 3.470000e-01
5.537369e-01 3.480000e-01
5.539835e-01 3.490000e-01
5.542341e-01 3.500000e-01
5.544892e-01 3.510000e-01
5.547492e-01 3.520000e-01
5.550145e-01 3.530000e-01
5.552854e-01 3.540000e-01
5.555624e-01 3.550000e-01
5.558457e-01 3.560000e-01
5.561359e-01 3.570000e-01
5.564333e-01 3.580000e-01
5.567381e-01 3.590000e-01
5.570509e-01 3.600000e-01
5.573718e-01 3.610000e-01
5.577013e-01 3.620000e-01
5.580397e-01 3.630000e-01
5.583873e-01 3.640000e-01
5.587443e-01 3.650000e-01
5.591112e-01 3.660000e-01
5.594881e-01 3.670000e-01
5.598753e-01 3.680000e-01
5.602731e-01 3.690000e-01
5.606817e-01 3.700000e-01
5.611014e-01 3.710000e-01
5.615324e-01 3.720000e-01
5.619749e-01 3.730000e-01
5.624291e-01 3.740000e-01
5.628952e-01 3.750000e-01
5.633732e-01 3.760000e-01
5.638635e-01 3.770000e-01
5.643660e-01 3.780000e-01
5.648810e-01 3.790000e-01
5.654085e-01 3.800000e-01
5.659486e-01 3.810000e-01
5.665014e-01 3.820000e-01
5.670670e-01 3.830000e-01
5.676453e-01 3.840000e-01
5.682364e-01 3.850000e-01
5.688404e-01 3.860000e-01
5.694571e-01 3.870000e-01
5.700865e-01 3.880000e-01
5.707287e-01 3.890000e-01
5.713835e-01 3.900000e-01
5.720509e-01 3.910000e-01
5.727307e-01 3.920000e-01
5.734229e-01 3.930000e-01
5.741273e-01 3.940000e-01
5.748437e-01 3.950000e-01
5.755720e-01 3.960000e-01
5.763120e-01 3.970000e-01
5.770634e-01 3.980000e-01
5.778261e-01 3.990000e-01
5.785998e-01 4.000000e-01
5.793843e-01 4.010000e-01
5.801792e-01 4.020000e-01
5.809842e-01 4.030000e-01
5.817992e-01 4.040000e-01
5.826236e-01 4.050000e-01
5.834573e-01 4.060000e-01
5.842998e-01 4.070000e-01
5.851507e-01 4.080000e-01
5.860096e-01 4.090000e-01
5.868762e-01 4.100000e-01
5.877500e-01 4.110000e-01
5.886305e-01 4.120000e-01
5.895174e-01 4.130000e-01
5.904101e-01 4.140000e-01
5.913082e-01 4.150000e-01
5.922111e-01 4.160000e-01
5.931184e-01 4.170000e-01
5.940295e-01 4.180000e-01
5.949440e-01 4.190000e-01
5.958611e-01 4.200000e-01
5.967805e-01 4.210000e-01
5.977015e-01 4.220000e-01
5.986235e-01 4.230000e-01
5.995460e-01 4.240000e-01
6.004683e-01 4.250000e-01
6.013899e-01 4.260000e-01
6.023102e-01 4.270000e-01
6.032284e-01 4.280000e-01
6.041441e-01 4.290000e-01
6.050566e-01 4.300000e-01
6.059652e-01 4.310000e-01
6.068693e-01 4.320000e-01
6.077682e-01 4.330000e-01
6.086614e-01 4.340000e-01
6.095482e-01 4.350000e-01
6.104278e-01 4.360000e-01
6.112997e-01 4.370000e-01
6.121633e-01 4.380000e-01
6.130178e-01 4.390000e-01
6.138626e-01 4.400000e-01
6.146971e-01 4.410000e-01
6.155207e-01 4.420000e-01
6.163326e-01 4.430000e-01
6.171324e-01 4.440000e-01
6.179193e-01 4.450000e-01
6.186927e-01 4.460000e-01
6.194521e-01 4.470000e-01
6.201968e-01 4.480000e-01
6.209263e-01 4.490000e-01
6.216399e-01 4.500000e-01
6.223371e-01 4.510000e-01
6.230174e-01 4.520000e-01
6.236801e-01 4.530000e-01
6.243248e-01 4.540000e-01
6.249510e-01 4.550000e-01
6.255581e-01 4.560000e-01
6.261457e-01 4.570000e-01
6.267134e-01 4.580000e-01
6.272605e-01 4.590000e-01
6.277868e-01 4.600000e-01
6.282919e-01 4.610000e-01
6.287752e-01 4.620000e-01
6.292366e-01 4.630000e-01
6.296756e-01 4.640000e-01
6.300919e-01 4.650000e-01
6.304852e-01 4.660000e-01
6.308552e-01 4.670000e-01
6.312018e-01 4.680000e-01
6.315246e-01 4.690000e-01
6.318235e-01 4.700000e-01
6.320983e-01 4.710000e-01
6.323489e-01 4.720000e-01
6.325752e-01 4.730000e-01
6.327771e-01 4.740000e-01
6.329545e-01 4.750000e-01
6.331074e-01 4.760000e-01
6.332359e-01 4.770000e-01
6.333399e-01 4.780000e-01
6.334196e-01 4.790000e-01
6.334751e-01 4.800000e-01
6.335064e-01 4.810000e-01
6.335139e-01 4.820000e-01
6.334976e-01 4.830000e-01
6.334578e-01 4.840000e-01
6.333948e-01 4.850000e-01
6.333089e-01 4.860000e-01
6.332005e-01 4.870000e-01
6.330699e-01 4.880000e-01
6.329176e-01 4.890000e-01
6.327440e-01 4.900000e-01
6.325495e-01 4.910000e-01
6.323348e-01 4.920000e-01
6.321003e-01 4.930000e-01
6.318467e-01 4.940000e-01
6.315746e-01 4.950000e-01
6.312846e-01 4.960000e-01
6.309774e-01 4.970000e-01
6.306539e-01 4.980000e-01
6.303146e-01 4.990000e-01
6.299605e-01 5.000000e-01
6.295924e-01 5.010000e-01
6.292111e-01 5.020000e-01
6.288176e-01 5.030000e-01
6.284127e-01 5.040000e-01
6.279974e-01 5.050000e-01
6.275728e-01 5.060000e-01
6.271399e-01 5.070000e-01
6.266996e-01 5.080000e-01
6.262531e-01 5.090000e-01
6.258016e-01 5.100000e-01
6.253461e-01 5.110000e-01
6.248877e-01 5.120000e-01
6.244278e-01 5.130000e-01
6.239675e-01 5.140000e-01
6.235081e-01 5.150000e-01
6.230507e-01 5.160000e-01
6.225968e-01 5.170000e-01
6.221475e-01 5.180000e-01
6.217042e-01 5.190000e-01
6.212683e-01 5.200000e-01
6.208411e-01 5.210000e-01
6.204240e-01 5.220000e-01
6.200183e-01 5.230000e-01
6.196255e-01 5.240000e-01
6.192469e-01 5.250000e-01
6.188839e-01 5.260000e-01
6.185381e-01 5.270000e-01
6.182107e-01 5.280000e-01
6.179032e-01 5.290000e-01
6.176171e-01 5.300000e-01
6.173538e-01 5.310000e-01
6.171146e-01 5.320000e-01
6.169011e-01 5.330000e-01
6.167145e-01 5.340000e-01
6.165565e-01 5.350000e-01
6.164282e-01 5.360000e-01
6.163312e-01 5.370000e-01
6.162667e-01 5.380000e-01
6.162362e-01 5.390000e-01
6.162410e-01 5.400000e-01
6.162824e-01 5.410000e-01
6.163616e-01 5.420000e-01
6.164801e-01 5.430000e-01
6.166389e-01 5.440000e-01
6.168393e-01 5.450000e-01
6.170825e-01 5.460000e-01
6.173697e-01 5.470000e-01
6.177019e-01 5.480000e-01
6.180803e-01 5.490000e-01
6.185058e-01 5.500000e-01
6.189795e-01 5.510000e-01
6.195023e-01 5.520000e-01
6.200751e-01 5.530000e-01
6.206987e-01 5.540000e-01
6.213740e-01 5.550000e-01
6.221018e-01 5.560000e-01
6.228826e-01 5.570000e-01
6.237171e-01 5.580000e-01
6.246059e-01 5.590000e-01
6.255495e-01 5.600000e-01
6.265483e-01 5.610000e-01
6.276028e-01 5.620000e-01
6.287132e-01 5.630000e-01
6.298797e-01 5.640000e-01
6.311026e-01 5.650000e-01
6.323819e-01 5.660000e-01
6.337175e-01 5.670000e-01
6.351096e-01 5.680000e-01
6.365578e-01 5.690000e-01
6.380620e-01 5.700000e-01
6.396218e-01 5.710000e-01
6.412369e-01 5.720000e-01
6.429067e-01 5.730000e-01
6.446307e-01 5.740000e-01
6.464082e-01 5.750000e-01
6.482385e-01 5.760000e-01
6.501206e-01 5.770000e-01
6.520537e-01 5.780000e-01
6.540367e-01 5.790000e-01
6.560684e-01 5.800000e-01
6.581476e-01 5.810000e-01
6.602730e-01 5.820000e-01
6.624431e-01 5.830000e-01
6.646565e-01 5.840000e-01
6.669114e-01 5.850000e-01
6.692062e-01 5.860000e-01
6.715389e-01 5.870000e-01
6.739077e-01 5.880000e-01
6.763105e-01 5.890000e-01
6.787452e-01 5.900000e-01
6.812096e-01 5.910000e-01
6.837013e-01 5.920000e-01
6.862178e-01 5.930000e-01
6.887566e-01 5.940000e-01
6.913152e-01 5.950000e-01
6.938907e-01 5.960000e-01
6.964803e-01 5.970000e-01
6.990811e-01 5.980000e-01
7.016902e-01 5.990000e-01
7.043043e-01 6.000000e-01
7.069202e-01 6.010000e-01
7.095348e-01 6.020000e-01
7.121446e-01 6.030000e-01
7.147461e-01 6.040000e-01
7.173359e-01 6.050000e-01
7.199103e-01 6.060000e-01
7.224655e-01 6.070000e-01
7.249979e-01 6.080000e-01
7.275037e-01 6.090000e-01
7.299788e-01 6.100000e-01
7.324193e-01 6.110000e-01
7.348213e-01 6.120000e-01
7.371806e-01 6.130000e-01
7.394930e-01 6.140000e-01
7.417545e-01 6.150000e-01
7.439608e-01 6.160000e-01
7.461075e-01 6.170000e-01
7.481905e-01 6.180000e-01
7.502054e-01 6.190000e-01
7.521478e-01 6.200000e-01
7.540134e-01 6.210000e-01
7.557978e-01 6.220000e-01
7.574966e-01 6.230000e-01
7.591055e-01 6.240000e-01
7.606199e-01 6.250000e-01
7.620356e-01 6.260000e-01
7.633483e-01 6.270000e-01
7.645534e-01 6.280000e-01
7.656469e-01 6.290000e-01
7.666244e-01 6.300000e-01
7.674816e-01 6.310000e-01
7.682145e-01 6.320000e-01
7.688189e-01 6.330000e-01
7.692907e-01 6.340000e-01
7.696261e-01 6.350000e-01
7.698211e-01 6.360000e-01
7.698719e-01 6.370000e-01
7.697748e-01 6.380000e-01
7.695263e-01 6.390000e-01
7.691229e-01 6.400000e-01
7.685611e-01 6.410000e-01
7.678379e-01 6.420000e-01
7.669501e-01 6.430000e-01
7.658948e-01 6.440000e-01
7.646691e-01 6.450000e-01
7.632706e-01 6.460000e-01
7.616968e-01 6.470000e-01
7.599454e-01 6.480000e-01
7.580144e-01 6.490000e-01
7.559019e-01 6.500000e-01
7.536063e-01 6.510000e-01
7.511261e-01 6.520000e-01
7.484603e-01 6.530000e-01
7.456078e-01 6.540000e-01
7.425679e-01 6.550000e-01
7.393402e-01 6.560000e-01
7.359245e-01 6.570000e-01
7.323209e-01 6.580000e-01
7.285297e-01 6.590000e-01
7.245518e-01 6.600000e-01
7.203879e-01 6.610000e-01
7.160394e-01 6.620000e-01
7.115079e-01 6.630000e-01
7.067953e-01 6.640000e-01
7.019039e-01 6.650000e-01
6.968362e-01 6.660000e-01
6.915952e-01 6.670000e-01
6.861842e-01 6.680000e-01
6.806069e-01 6.690000e-01
6.748672e-01 6.700000e-01
6.689696e-01 6.710000e-01
6.629189e-01 6.720000e-01
6.567203e-01 6.730000e-01
6.503793e-01 6.740000e-01
6.439019e-01 6.750000e-01
6.372945e-01 6.760000e-01
6.305639e-01 6.770000e-01
6.237173e-01 6.780000e-01
6.167622e-01 6.790000e-01
6.097068e-01 6.800000e-01
6.025595e-01 6.810000e-01
5.953291e-01 6.820000e-01
5.880251e-01 6.830000e-01
5.806571e-01 6.840000e-01
5.732353e-01 6.850000e-01
5.657704e-01 6.860000e-01
5.582732e-01 6.870000e-01
5.507555e-01 6.880000e-01
5.432289e-01 6.890000e-01
5.357058e-01 6.900000e-01
5.281990e-01 6.910000e-01
5.207216e-01 6.920000e-01
5.132871e-01 6.930000e-01
5.059096e-01 6.940000e-01
4.986034e-01 6.950000e-01
4.913833e-01 6.960000e-01
4.842644e-01 6.970000e-01
4.772623e-01 6.980000e-01
4.703928e-01 6.990000e-01
4.636723e-01 7.000000e-01
4.571173e-01 7.010000e-01
4.507449e-01 7.020000e-01
4.445722e-01 7.030000e-01
4.386168e-01 7.040000e-01
4.328967e-01 7.050000e-01
4.274299e-01 7.060000e-01
4.222350e-01 7.070000e-01
4.173306e-01 7.080000e-01
4.127355e-01 7.090000e-01
4.084688e-01 7.100000e-01
4.045499e-01 7.110000e-01
4.009982e-01 7.120000e-01
3.978333e-01 7.130000e-01
3.950748e-01 7.140000e-01
3.927426e-01 7.150000e-01
3.908565e-01 7.160000e-01
3.894365e-01 7.170000e-01
3.885023e-01 7.180000e-01
3.880739e-01 7.190000e-01
3.881711e-01 7.200000e-01
3.888137e-01 7.210000e-01
3.900212e-01 7.220000e-01
3.918132e-01 7.230000e-01
3.942088e-01 7.240000e-01
3.972272e-01 7.250000e-01
4.008871e-01 7.260000e-01
4.052071e-01 7.270000e-01
4.102052e-01 7.280000e-01
4.158992e-01 7.290000e-01
4.223064e-01 7.300000e-01
4.294437e-01 7.310000e-01
4.373274e-01 7.320000e-01
4.459734e-01 7.330000e-01
4.553967e-01 7.340000e-01
4.656119e-01 7.350000e-01
4.766327e-01 7.360000e-01
4.884723e-01 7.370000e-01
5.011428e-01 7.380000e-01
5.146557e-01 7.390000e-01
5.290214e-01 7.400000e-01
5.442494e-01 7.410000e-01
5.603483e-01 7.420000e-01
5.773253e-01 7.430000e-01
5.951868e-01 7.440000e-01
6.139379e-01 7.450000e-01
6.335825e-01 7.460000e-01
6.541229e-01 7.470000e-01
6.755606e-01 7.480000e-01
6.978951e-01 7.490000e-01
7.211248e-01 7.500000e-01
7.452464e-01 7.510000e-01
7.702550e-01 7.520000e-01
7.961442e-01 7.530000e-01
8.229056e-01 7.540000e-01
8.505293e-01 7.550000e-01
8.790034e-01 7.560000e-01
9.083141e-01 7.570000e-01
9.384456e-01 7.580000e-01
9.693803e-01 7.590000e-01
1.001098e+00 7.600000e-01
1.033578e+00 7.610000e-01
1.066794e+00 7.620000e-01
1.100721e+00 7.630000e-01
1.135330e+00 7.640000e-01
1.170590e+00 7.650000e-01
1.206468e+00 7.660000e-01
1.242927e+00 7.670000e-01
1.279928e+00 7.680000e-01
1.317432e+00 7.690000e-01
1.355393e+00 7.700000e-01
1.393766e+00 7.710000e-01
1.432502e+00 7.720000e-01
1.471548e+00 7.730000e-01
1.510851e+00 7.740000e-01
1.550352e+00 7.750000e-01
1.589991e+00 7.760000e-01
1.629705e+00 7.770000e-01
1.669428e+00 7.780000e-01
1.709090e+00 7.790000e-01
1.748620e+00 7.800000e-01
1.787943e+00 7.810000e-01
1.826979e+00 7.820000e-01
1.865649e+00 7.830000e-01
1.903868e+00 7.840000e-01
1.941548e+00 7.850000e-01
1.978600e+00 7.860000e-01
2.014931e+00 7.870000e-01
2.050443e+00 7.880000e-01
2.085038e+00 7.890000e-01
2.118614e+00 7.900000e-01
2.151065e+00 7.910000e-01
2.182284e+00 7.920000e-01
2.212159e+00 7.930000e-01
2.240577e+00 7.940000e-01
2.267421e+00 7.950000e-01
2.292573e+00 7.960000e-01
2.315910e+00 7.970000e-01
2.337308e+00 7.980000e-01
2.356641e+00 7.990000e-01
2.373779e+00 8.000000e-01
2.388591e+00 8.010000e-01
2.400944e+00 8.020000e-01
2.410702e+00 8.030000e-01
2.417727e+00 8.040000e-01
2.421880e+00 8.050000e-01
2.423022e+00 8.060000e-01
2.421008e+00 8.070000e-01
2.415697e+00 8.080000e-01
2.406943e+00 8.090000e-01
2.394601e+00 8.100000e-01
2.378525e+00 8.110000e-01
2.358568e+00 8.120000e-01
2.334583e+00 8.130000e-01
2.306424e+00 8.140000e-01
2.273944e+00 8.150000e-01
2.236996e+00 8.160000e-01
2.195436e+00 8.170000e-01
2.149119e+00 8.180000e-01
2.097903e+00 8.190000e-01
2.041645e+00 8.200000e-01
1.980208e+00 8.210000e-01
1.913455e+00 8.220000e-01
1.841251e+00 8.230000e-01
1.763466e+00 8.240000e-01
1.679973e+00 8.250000e-01
1.590648e+00 8.260000e-01
1.495373e+00 8.270000e-01
1.394033e+00 8.280000e-01
1.286519e+00 8.290000e-01
1.172728e+00 8.300000e-01
1.052564e+00 8.310000e-01
9.259357e-01 8.320000e-01
7.927606e-01 8.330000e-01
6.529634e-01 8.340000e-01
5.064773e-01 8.350000e-01
3.532443e-01 8.360000e-01
1.932160e-01 8.370000e-01
2.635388e-02 8.380000e-01
-1.473697e-01 8.390000e-01
-3.279710e-01 8.400000e-01
-5.154545e-01 8.410000e-01
-7.098119e-01 8.420000e-01
-9.110214e-01 8.430000e-01
-1.119047e+00 8.440000e-01
-1.333840e+00 8.450000e-01
-1.555332e+00 8.460000e-01
-1.783442e+00 8.470000e-01
-2.018071e+00 8.480000e-01
-2.259102e+00 8.490000e-01
-2.506400e+00 8.500000e-01
-2.759809e+00 8.510000e-01
-3.019155e+00 8.520000e-01
-3.284242e+00 8.530000e-01
-3.554852e+00 8.540000e-01
-3.830745e+00 8.550000e-01
-4.111656e+00 8.560000e-01
-4.397299e+00 8.570000e-01
-4.687358e+00 8.580000e-01
-4.981494e+00 8.590000e-01
-5.279341e+00 8.600000e-01
-5.580504e+00 8.610000e-01
-5.884560e+00 8.620000e-01
-6.191055e+00 8.630000e-01
-6.499506e+00 8.640000e-01
-6.809399e+00 8.650000e-01
-7.120184e+00 8.660000e-01
-7.431283e+00 8.670000e-01
-7.742079e+00 8.680000e-01
-8.051923e+00 8.690000e-01
-8.360130e+00 8.700000e-01
-8.665977e+00 8.710000e-01
-8.968704e+00 8.720000e-01
-9.267514e+00 8.730000e-01
-9.561568e+00 8.740000e-01
-9.849989e+00 8.750000e-01
-1.013186e+01 8.760000e-01
-1.040622e+01 8.770000e-01
-1.067207e+01 8.780000e-01
-1.092836e+01 8.790000e-01
-1.117402e+01 8.800000e-01
-1.140789e+01 8.810000e-01
-1.162882e+01 8.820000e-01
-1.183558e+01 8.830000e-01
-1.202691e+01 8.840000e-01
-1.220148e+01 8.850000e-01
-1.235795e+01 8.860000e-01
-1.249492e+01 8.870000e-01
-1.261092e+01 8.880000e-01
-1.270448e+01 8.890000e-01
-1.277403e+01 8.900000e-01
-1.281800e+01 8.910000e-01
-1.283475e+01 8.920000e-01
-1.282260e+01 8.930000e-01
-1.277982e+01 8.940000e-01
-1.270465e+01 8.950000e-01
-1.259526e+01 8.960000e-01
-1.244980e+01 8.970000e-01
-1.226638e+01 8.980000e-01
-1.204304e+01 8.990000e-01
-1.177780e+01 9.000000e-01
-1.146865e+01 9.010000e-01
-1.111353e+01 9.020000e-01
-1.071034e+01 9.030000e-01
-1.025696e+01 9.040000e-01
-9.751223e+00 9.050000e-01
-9.190955e+00 9.060000e-01
-8.573937e+00 9.070000e-01
-7.897933e+00 9.080000e-01
-7.160688e+00 9.090000e-01
-6.359928e+00 9.100000e-01
-5.493365e+00 9.110000e-01
-4.558705e+00 9.120000e-01
-3.553645e+00 9.130000e-01
-2.475885e+00 9.140000e-01
-1.323125e+00 9.150000e-01
-9.307976e-02 9.160000e-01
1.216525e+00 9.170000e-01
2.607942e+00 9.180000e-01
4.083393e+00 9.190000e-01
5.645070e+00 9.200000e-01
7.295122e+00 9.210000e-01
9.035646e+00 9.220000e-01
1.086869e+01 9.230000e-01
1.279622e+01 9.240000e-01
1.482014e+01 9.250000e-01
1.694227e+01 9.260000e-01
1.916433e+01 9.270000e-01
2.148793e+01 9.280000e-01
2.391456e+01 9.290000e-01
2.644561e+01 9.300000e-01
2.908228e+01 9.310000e-01
3.182565e+01 9.320000e-01
3.467661e+01 9.330000e-01
3.763589e+01 9.340000e-01
4.070398e+01 9.350000e-01
4.388119e+01 9.360000e-01
4.716756e+01 9.370000e-01
5.056292e+01 9.380000e-01
5.406679e+01 9.390000e-01
5.767842e+01 9.400000e-01
6.139672e+01 9.410000e-01
6.522029e+01 9.420000e-01
6.914738e+01 9.430000e-01
7.317581e+01 9.440000e-01
7.730304e+01 9.450000e-01
8.152608e+01 9.460000e-01
8.584145e+01 9.470000e-01
9.024523e+01 9.480000e-01
9.473292e+01 9.490000e-01
9.929952e+01 9.500000e-01
1.039394e+02 9.510000e-01
1.086463e+02 9.520000e-01
1.134134e+02 9.530000e-01
1.182330e+02 9.540000e-01
1.230969e+02 9.550000e-01
1.279959e+02 9.560000e-01
1.329202e+02 9.570000e-01
1.378588e+02 9.580000e-01
1.428002e+02 9.590000e-01
1.477317e+02 9.600000e-01
1.526396e+02 9.610000e-01
1.575091e+02 9.620000e-01
1.623246e+02 9.630000e-01
1.670688e+02 9.640000e-01
1.717237e+02 9.650000e-01
1.762696e+02 9.660000e-01
1.806856e+02 9.670000e-01
1.849495e+02 9.680000e-01
1.890373e+02 9.690000e-01
1.929238e+02 9.700000e-01
1.965819e+02 9.710000e-01
1.999829e+02 9.720000e-01
2.030962e+02 9.730000e-01
2.058894e+02 9.740000e-01
2.083282e+02 9.750000e-01
2.103761e+02 9.760000e-01
2.119944e+02 9.770000e-01
2.131425e+02 9.780000e-01
2.137770e+02 9.790000e-01
2.138524e+02 9.800000e-01
2.133204e+02 9.810000e-01
2.121303e+02 9.820000e-01
2.102282e+02 9.830000e-01
2.075578e+02 9.840000e-01
2.040593e+02 9.850000e-01
1.996700e+02 9.860000e-01
1.943240e+02 9.870000e-01
1.879516e+02 9.880000e-01
1.804799e+02 9.890000e-01
1.718322e+02 9.900000e-01
1.619276e+02 9.910000e-01
1.506816e+02 9.920000e-01
1.380053e+02 9.930000e-01
1.238055e+02 9.940000e-01
1.079842e+02 9.950000e-01
9.043913e+01 9.960000e-01
7.106274e+01 9.970000e-01
4.974251e+01 9.980000e-01
2.636062e+01 9.990000e-01
