3.898172e-17 -1.000000e+00
1.074535e-03 -9.990000e-01
2.149000e-03 -9.980000e-01
3.223321e-03 -9.970000e-01
4.297430e-03 -9.960000e-01
5.371254e-03 -9.950000e-01
6.444721e-03 -9.940000e-01
7.517762e-03 -9.930000e-01
8.590305e-03 -9.920000e-01
9.662279e-03 -9.910000e-01
1.073361e-02 -9.900000e-01
1.180423e-02 -9.890000e-01
1.287407e-02 -9.880000e-01
1.394306e-02 -9.870000e-01
1.501112e-02 -9.860000e-01
1.607818e-02 -9.850000e-01
1.714417e-02 -9.840000e-01
1.820903e-02 -9.830000e-01
1.927268e-02 -9.820000e-01
2.033504e-02 -9.810000e-01
2.139606e-02 -9.800000e-01
2.245565e-02 -9.790000e-01
2.351374e-02 -9.780000e-01
2.457027e-02 -9.770000e-01
2.562517e-02 -9.760000e-01
2.667835e-02 -9.750000e-01
2.772976e-02 -9.740000e-01
2.877932e-02 -9.730000e-01
2.982695e-02 -9.720000e-01
3.087259e-02 -9.710000e-01
3.191617e-02 -9.700000e-01
3.295762e-02 -9.690000e-01
3.399685e-02 -9.680000e-01
3.503381e-02 -9.670000e-01
3.606842e-02 -9.660000e-01
3.710062e-02 -9.650000e-01
3.813032e-02 -9.640000e-01
3.915746e-02 -9.630000e-01
4.018196e-02 -9.620000e-01
4.120377e-02 -9.610000e-01
4.222279e-02 -9.600000e-01
4.323897e-02 -9.590000e-01
4.425223e-02 -9.580000e-01
4.526251e-02 -9.570000e-01
4.626972e-02 -9.560000e-01
4.727380e-02 -9.550000e-01
4.827468e-02 -9.540000e-01
4.927229e-02 -9.530000e-01
5.026655e-02 -9.520000e-01
5.125739e-02 -9.510000e-01
5.224475e-02 -9.500000e-01
5.322855e-02 -9.490000e-01
5.420872e-02 -9.480000e-01
5.518519e-02 -9.470000e-01
5.615788e-02 -9.460000e-01
5.712674e-02 -9.450000e-01
5.809168e-02 -9.440000e-01
5.905264e-02 -9.430000e-01
6.000953e-02 -9.420000e-01
6.096231e-02 -9.410000e-01
6.191088e-02 -9.400000e-01
6.285518e-02 -9.390000e-01
6.379514e-02 -9.380000e-01
6.473069e-02 -9.370000e-01
6.566176e-02 -9.360000e-01
6.658827e-02 -9.350000e-01
6.751015e-02 -9.340000e-01
6.842734e-02 -9.330000e-01
6.933976e-02 -9.320000e-01
7.024734e-02 -9.310000e-01
7.115001e-02 -9.300000e-01
7.204770e-02 -9.290000e-01
7.294034e-02 -9.280000e-01
7.382785e-02 -9.270000e-01
7.471017e-02 -9.260000e-01
7.558722e-02 -9.250000e-01
7.645894e-02 -9.240000e-01
7.732524e-02 -9.230000e-01
7.818607e-02 -9.220000e-01
7.904134e-02 -9.210000e-01
7.989099e-02 -9.200000e-01
8.073495e-02 -9.190000e-01
8.157315e-02 -9.180000e-01
8.240551e-02 -9.170000e-01
8.323196e-02 -9.160000e-01
8.405243e-02 -9.150000e-01
8.486686e-02 -9.140000e-01
8.567517e-02 -9.130000e-01
8.647728e-02 -9.120000e-01
8.727313e-02 -9.110000e-01
8.806265e-02 -9.100000e-01
8.884576e-02 -9.090000e-01
8.962240e-02 -9.080000e-01
9.039249e-02 -9.070000e-01
9.115596e-02 -9.060000e-01
9.191274e-02 -9.050000e-01
9.266276e-02 -9.040000e-01
9.340595e-02 -9.030000e-01
9.414224e-02 -9.020000e-01
9.487155e-02 -9.010000e-01
9.559381e-02 -9.000000e-01
9.630896e-02 -8.990000e-01
9.701693e-02 -8.980000e-01
9.771763e-02 -8.970000e-01
9.841100e-02 -8.960000e-01
9.909697e-02 -8.950000e-01
9.979968e-02 -8.940000e-01
1.005035e-01 -8.930000e-01
1.011998e-01 -8.920000e-01
1.018884e-01 -8.910000e-01
1.025693e-01 -8.900000e-01
1.032425e-01 -8.890000e-01
1.039080e-01 -8.880000e-01
1.045656e-01 -8.870000e-01
1.052153e-01 -8.860000e-01
1.058571e-01 -8.850000e-01
1.064909e-01 -8.840000e-01
1.071167e-01 -8.830000e-01
1.077344e-01 -8.820000e-01
1.083440e-01 -8.810000e-01
1.089454e-01 -8.800000e-01
1.095385e-01 -8.790000e-01
1.101234e-01 -8.780000e-01
1.107000e-01 -8.770000e-01
1.112681e-01 -8.760000e-01
1.118279e-01 -8.750000e-01
1.123791e-01 -8.740000e-01
1.129218e-01 -8.730000e-01
1.134560e-01 -8.720000e-01
1.139815e-01 -8.710000e-01
1.144983e-01 -8.700000e-01
1.150064e-01 -8.690000e-01
1.155057e-01 -8.680000e-01
1.159962e-01 -8.670000e-01
1.164777e-01 -8.660000e-01
1.169504e-01 -8.650000e-01
1.174141e-01 -8.640000e-01
1.178687e-01 -8.630000e-01
1.183142e-01 -8.620000e-01
1.187506e-01 -8.610000e-01
1.191779e-01 -8.600000e-01
1.195959e-01 -8.590000e-01
1.200046e-01 -8.580000e-01
1.204039e-01 -8.570000e-01
1.207939e-01 -8.560000e-01
1.211744e-01 -8.550000e-01
1.215455e-01 -8.540000e-01
1.219070e-01 -8.530000e-01
1.222590e-01 -8.520000e-01
1.226012e-01 -8.510000e-01
1.229339e-01 -8.500000e-01
1.232567e-01 -8.490000e-01
1.235698e-01 -8.480000e-01
1.238730e-01 -8.470000e-01
1.241664e-01 -8.460000e-01
1.244498e-01 -8.450000e-01
1.247232e-01 -8.440000e-01
1.249866e-01 -8.430000e-01
1.252399e-01 -8.420000e-01
1.254831e-01 -8.410000e-01
1.257160e-01 -8.400000e-01
1.259388e-01 -8.390000e-01
1.261512e-01 -8.380000e-01
1.263533e-01 -8.370000e-01
1.265450e-01 -8.360000e-01
1.267263e-01 -8.350000e-01
1.268970e-01 -8.340000e-01
1.270573e-01 -8.330000e-01
1.272069e-01 -8.320000e-01
1.273459e-01 -8.310000e-01
1.274742e-01 -8.300000e-01
1.275918e-01 -8.290000e-01
1.276985e-01 -8.280000e-01
1.277944e-01 -8.270000e-01
1.278795e-01 -8.260000e-01
1.279536e-01 -8.250000e-01
1.280167e-01 -8.240000e-01
1.280687e-01 -8.230000e-01
1.281097e-01 -8.220000e-01
1.281395e-01 -8.210000e-01
1.281581e-01 -8.200000e-01
1.281655e-01 -8.190000e-01
1.281615e-01 -8.180000e-01
1.281463e-01 -8.170000e-01
1.281196e-01 -8.160000e-01
1.280815e-01 -8.150000e-01
1.280319e-01 -8.140000e-01
1.279708e-01 -8.130000e-01
1.278980e-01 -8.120000e-01
1.278136e-01 -8.110000e-01
1.277175e-01 -8.100000e-01
1.276097e-01 -8.090000e-01
1.274900e-01 -8.080000e-01
1.273586e-01 -8.070000e-01
1.272152e-01 -8.060000e-01
1.270599e-01 -8.050000e-01
1.268925e-01 -8.040000e-01
1.267132e-01 -8.030000e-01
1.265217e-01 -8.020000e-01
1.263181e-01 -8.010000e-01
1.261022e-01 -8.000000e-01
1.258742e-01 -7.990000e-01
1.256338e-01 -7.980000e-01
1.253811e-01 -7.970000e-01
1.251160e-01 -7.960000e-01
1.248384e-01 -7.950000e-01
1.245483e-01 -7.940000e-01
1.242457e-01 -7.930000e-01
1.239305e-01 -7.920000e-01
1.236026e-01 -7.910000e-01
1.232620e-01 -7.900000e-01
1.229087e-01 -7.890000e-01
1.225426e-01 -7.880000e-01
1.221638e-01 -7.870000e-01
1.217724e-01 -7.860000e-01
1.213684e-01 -7.850000e-01
1.209519e-01 -7.840000e-01
1.205228e-01 -7.830000e-01
1.200814e-01 -7.820000e-01
1.196276e-01 -7.810000e-01
1.191614e-01 -7.800000e-01
1.186830e-01 -7.790000e-01
1.181923e-01 -7.780000e-01
1.176895e-01 -7.770000e-01
1.171746e-01 -7.760000e-01
1.166477e-01 -7.750000e-01
1.161087e-01 -7.740000e-01
1.155578e-01 -7.730000e-01
1.149950e-01 -7.720000e-01
1.144204e-01 -7.710000e-01
1.138340e-01 -7.700000e-01
1.132358e-01 -7.690000e-01
1.126260e-01 -7.680000e-01
1.120046e-01 -7.670000e-01
1.113716e-01 -7.660000e-01
1.107271e-01 -7.650000e-01
1.100711e-01 -7.640000e-01
1.094037e-01 -7.630000e-01
1.087249e-01 -7.620000e-01
1.080349e-01 -7.610000e-01
1.073336e-01 -7.600000e-01
1.066211e-01 -7.590000e-01
1.058975e-01 -7.580000e-01
1.051628e-01 -7.570000e-01
1.044171e-01 -7.560000e-01
1.036604e-01 -7.550000e-01
1.028928e-01 -7.540000e-01
1.021143e-01 -7.530000e-01
1.013250e-01 -7.520000e-01
1.005249e-01 -7.510000e-01
9.971414e-02 -7.500000e-01
9.889272e-02 -7.490000e-01
9.806069e-02 -7.480000e-01
9.721812e-02 -7.470000e-01
9.636506e-02 -7.460000e-01
9.550156e-02 -7.450000e-01
9.462768e-02 -7.440000e-01
9.374347e-02 -7.430000e-01
9.284899e-02 -7.420000e-01
9.194428e-02 -7.410000e-01
9.102940e-02 -7.400000e-01
9.010441e-02 -7.390000e-01
8.916936e-02 -7.380000e-01
8.822430e-02 -7.370000e-01
8.726929e-02 -7.360000e-01
8.630438e-02 -7.350000e-01
8.532962e-02 -7.340000e-01
8.434508e-02 -7.330000e-01
8.335080e-02 -7.320000e-01
8.234683e-02 -7.310000e-01
8.133323e-02 -7.300000e-01
8.031006e-02 -7.290000e-01
7.927737e-02 -7.280000e-01
7.823520e-02 -7.270000e-01
7.718363e-02 -7.260000e-01
7.612269e-02 -7.250000e-01
7.505245e-02 -7.240000e-01
7.397295e-02 -7.230000e-01
7.288425e-02 -7.220000e-01
7.178641e-02 -7.210000e-01
7.067948e-02 -7.200000e-01
6.956351e-02 -7.190000e-01
6.843856e-02 -7.180000e-01
6.730468e-02 -7.170000e-01
6.616192e-02 -7.160000e-01
6.501034e-02 -7.150000e-01
6.384999e-02 -7.140000e-01
6.268093e-02 -7.130000e-01
6.150320e-02 -7.120000e-01
6.031687e-02 -7.110000e-01
5.912199e-02 -7.100000e-01
5.791861e-02 -7.090000e-01
5.670678e-02 -7.080000e-01
5.548656e-02 -7.070000e-01
5.425801e-02 -7.060000e-01
5.302117e-02 -7.050000e-01
5.177610e-02 -7.040000e-01
5.052285e-02 -7.030000e-01
4.926148e-02 -7.020000e-01
4.799205e-02 -7.010000e-01
4.671460e-02 -7.000000e-01
4.542919e-02 -6.990000e-01
4.413587e-02 -6.980000e-01
4.283470e-02 -6.970000e-01
4.152573e-02 -6.960000e-01
4.020901e-02 -6.950000e-01
3.888461e-02 -6.940000e-01
3.755256e-02 -6.930000e-01
3.621294e-02 -6.920000e-01
3.486578e-02 -6.910000e-01
3.351115e-02 -6.900000e-01
3.214909e-02 -6.890000e-01
3.077967e-02 -6.880000e-01
2.940293e-02 -6.870000e-01
2.801893e-02 -6.860000e-01
2.662772e-02 -6.850000e-01
2.522937e-02 -6.840000e-01
2.382393e-02 -6.830000e-01
2.241155e-02 -6.820000e-01
2.099236e-02 -6.810000e-01
1.956650e-02 -6.800000e-01
1.813410e-02 -6.790000e-01
1.669530e-02 -6.780000e-01
1.525023e-02 -6.770000e-01
1.379904e-02 -6.760000e-01
1.234184e-02 -6.750000e-01
1.087880e-02 -6.740000e-01
9.410028e-03 -6.730000e-01
7.935674e-03 -6.720000e-01
6.455870e-03 -6.710000e-01
4.970753e-03 -6.700000e-01
3.480459e-03 -6.690000e-01
1.985123e-03 -6.680000e-01
4.848828e-04 -6.670000e-01
-1.020127e-03 -6.660000e-01
-2.529769e-03 -6.650000e-01
-4.043909e-03 -6.640000e-01
-5.562409e-03 -6.630000e-01
-7.085134e-03 -6.620000e-01
-8.611948e-03 -6.610000e-01
-1.014272e-02 -6.600000e-01
-1.167730e-02 -6.590000e-01
-1.321556e-02 -6.580000e-01
-1.475737e-02 -6.570000e-01
-1.630259e-02 -6.560000e-01
-1.785108e-02 -6.550000e-01
-1.940271e-02 -6.540000e-01
-2.095733e-02 -6.530000e-01
-2.251483e-02 -6.520000e-01
-2.407505e-02 -6.510000e-01
-2.563786e-02 -6.500000e-01
-2.720313e-02 -6.490000e-01
-2.877072e-02 -6.480000e-01
-3.034049e-02 -6.470000e-01
-3.191231e-02 -6.460000e-01
-3.348604e-02 -6.450000e-01
-3.506155e-02 -6.440000e-01
-3.663870e-02 -6.430000e-01
-3.821736e-02 -6.420000e-01
-3.979738e-02 -6.410000e-01
-4.137863e-02 -6.400000e-01
-4.296098e-02 -6.390000e-01
-4.454429e-02 -6.380000e-01
-4.612842e-02 -6.370000e-01
-4.771324e-02 -6.360000e-01
-4.929862e-02 -6.350000e-01
-5.088440e-02 -6.340000e-01
-5.247047e-02 -6.330000e-01
-5.405668e-02 -6.320000e-01
-5.564290e-02 -6.310000e-01
-5.722899e-02 -6.300000e-01
-5.881482e-02 -6.290000e-01
-6.040024e-02 -6.280000e-01
-6.198513e-02 -6.270000e-01
-6.356935e-02 -6.260000e-01
-6.515275e-02 -6.250000e-01
-6.673522e-02 -6.240000e-01
-6.831660e-02 -6.230000e-01
-6.989676e-02 -6.220000e-01
-7.147557e-02 -6.210000e-01
-7.305289e-02 -6.200000e-01
-7.462859e-02 -6.190000e-01
-7.620253e-02 -6.180000e-01
-7.777457e-02 -6.170000e-01
-7.934457e-02 -6.160000e-01
-8.091241e-02 -6.150000e-01
-8.247794e-02 -6.140000e-01
-8.404103e-02 -6.130000e-01
-8.560155e-02 -6.120000e-01
-8.715935e-02 -6.110000e-01
-8.871430e-02 -6.100000e-01
-9.026626e-02 -6.090000e-01
-9.181510e-02 -6.080000e-01
-9.336069e-02 -6.070000e-01
-9.490288e-02 -6.060000e-01
-9.644154e-02 -6.050000e-01
-9.797654e-02 -6.040000e-01
-9.950774e-02 -6.030000e-01
-1.010350e-01 -6.020000e-01
-1.025582e-01 -6.010000e-01
-1.040772e-01 -6.000000e-01
-1.055918e-01 -5.990000e-01
-1.071019e-01 -5.980000e-01
-1.086075e-01 -5.970000e-01
-1.101082e-01 -5.960000e-01
-1.116041e-01 -5.950000e-01
-1.130950e-01 -5.940000e-01
-1.145807e-01 -5.930000e-01
-1.160611e-01 -5.920000e-01
-1.175360e-01 -5.910000e-01
-1.190054e-01 -5.900000e-01
-1.204691e-01 -5.890000e-01
-1.219269e-01 -5.880000e-01
-1.233788e-01 -5.870000e-01
-1.248246e-01 -5.860000e-01
-1.262641e-01 -5.850000e-01
-1.276972e-01 -5.840000e-01
-1.291238e-01 -5.830000e-01
-1.305437e-01 -5.820000e-01
-1.319568e-01 -5.810000e-01
-1.333630e-01 -5.800000e-01
-1.347622e-01 -5.790000e-01
-1.361541e-01 -5.780000e-01
-1.375387e-01 -5.770000e-01
-1.389159e-01 -5.760000e-01
-1.402855e-01 -5.750000e-01
-1.416473e-01 -5.740000e-01
-1.430013e-01 -5.730000e-01
-1.443474e-01 -5.720000e-01
-1.456854e-01 -5.710000e-01
-1.470151e-01 -5.700000e-01
-1.483365e-01 -5.690000e-01
-1.496495e-01 -5.680000e-01
-1.509538e-01 -5.670000e-01
-1.522494e-01 -5.660000e-01
-1.535362e-01 -5.650000e-01
-1.548140e-01 -5.640000e-01
-1.560827e-01 -5.630000e-01
-1.573422e-01 -5.620000e-01
-1.585923e-01 -5.610000e-01
-1.598329e-01 -5.600000e-01
-1.610640e-01 -5.590000e-01
-1.622852e-01 -5.580000e-01
-1.634967e-01 -5.570000e-01
-1.646981e-01 -5.560000e-01
-1.658894e-01 -5.550000e-01
-1.670705e-01 -5.540000e-01
-1.682412e-01 -5.530000e-01
-1.694014e-01 -5.520000e-01
-1.705510e-01 -5.510000e-01
-1.716899e-01 -5.500000e-01
-1.728178e-01 -5.490000e-01
-1.739348e-01 -5.480000e-01
-1.750406e-01 -5.470000e-01
-1.761352e-01 -5.460000e-01
-1.772184e-01 -5.450000e-01
-1.782901e-01 -5.440000e-01
-1.793502e-01 -5.430000e-01
-1.803985e-01 -5.420000e-01
-1.814349e-01 -5.410000e-01
-1.824593e-01 -5.400000e-01
-1.834716e-01 -5.390000e-01
-1.844715e-01 -5.380000e-01
-1.854591e-01 -5.370000e-01
-1.864342e-01 -5.360000e-01
-1.873966e-01 -5.350000e-01
-1.883463e-01 -5.340000e-01
-1.892831e-01 -5.330000e-01
-1.902068e-01 -5.320000e-01
-1.911174e-01 -5.310000e-01
-1.920146e-01 -5.300000e-01
-1.928985e-01 -5.290000e-01
-1.937689e-01 -5.280000e-01
-1.946256e-01 -5.270000e-01
-1.954685e-01 -5.260000e-01
-1.962975e-01 -5.250000e-01
-1.971124e-01 -5.240000e-01
-1.979132e-01 -5.230000e-01
-1.986997e-01 -5.220000e-01
-1.994718e-01 -5.210000e-01
-2.002293e-01 -5.200000e-01
-2.009722e-01 -5.190000e-01
-2.017002e-01 -5.180000e-01
-2.024133e-01 -5.170000e-01
-2.031114e-01 -5.160000e-01
-2.037943e-01 -5.150000e-01
-2.044619e-01 -5.140000e-01
-2.051141e-01 -5.130000e-01
-2.057507e-01 -5.120000e-01
-2.063716e-01 -5.110000e-01
-2.069767e-01 -5.100000e-01
-2.075658e-01 -5.090000e-01
-2.081389e-01 -5.080000e-01
-2.086958e-01 -5.070000e-01
-2.092364e-01 -5.060000e-01
-2.097606e-01 -5.050000e-01
-2.102681e-01 -5.040000e-01
-2.107590e-01 -5.030000e-01
-2.112330e-01 -5.020000e-01
-2.116901e-01 -5.010000e-01
-2.121301e-01 -5.000000e-01
-2.125529e-01 -4.990000e-01
-2.129584e-01 -4.980000e-01
-2.133464e-01 -4.970000e-01
-2.137169e-01 -4.960000e-01
-2.140696e-01 -4.950000e-01
-2.144045e-01 -4.940000e-01
-2.147214e-01 -4.930000e-01
-2.150202e-01 -4.920000e-01
-2.153008e-01 -4.910000e-01
-2.155631e-01 -4.900000e-01
-2.158069e-01 -4.890000e-01
-2.160321e-01 -4.880000e-01
-2.162386e-01 -4.870000e-01
-2.164262e-01 -4.860000e-01
-2.165948e-01 -4.850000e-01
-2.167444e-01 -4.840000e-01
-2.168747e-01 -4.830000e-01
-2.169856e-01 -4.820000e-01
-2.170771e-01 -4.810000e-01
-2.171490e-01 -4.800000e-01
-2.172011e-01 -4.790000e-01
-2.172333e-01 -4.780000e-01
-2.172456e-01 -4.770000e-01
-2.172377e-01 -4.760000e-01
-2.172097e-01 -4.750000e-01
-2.171612e-01 -4.740000e-01
-2.170922e-01 -4.730000e-01
-2.170027e-01 -4.720000e-01
-2.168927e-01 -4.710000e-01
-2.167620e-01 -4.700000e-01
-2.166108e-01 -4.690000e-01
-2.164389e-01 -4.680000e-01
-2.162465e-01 -4.670000e-01
-2.160334e-01 -4.660000e-01
-2.157996e-01 -4.650000e-01
-2.155452e-01 -4.640000e-01
-2.152700e-01 -4.630000e-01
-2.149742e-01 -4.620000e-01
-2.146577e-01 -4.610000e-01
-2.143204e-01 -4.600000e-01
-2.139624e-01 -4.590000e-01
-2.135836e-01 -4.580000e-01
-2.131841e-01 -4.570000e-01
-2.127637e-01 -4.560000e-01
-2.123226e-01 -4.550000e-01
-2.118606e-01 -4.540000e-01
-2.113777e-01 -4.530000e-01
-2.108741e-01 -4.520000e-01
-2.103495e-01 -4.510000e-01
-2.098041e-01 -4.500000e-01
-2.092377e-01 -4.490000e-01
-2.086505e-01 -4.480000e-01
-2.080423e-01 -4.470000e-01
-2.074132e-01 -4.460000e-01
-2.067631e-01 -4.450000e-01
-2.060920e-01 -4.440000e-01
-2.053999e-01 -4.430000e-01
-2.046868e-01 -4.420000e-01
-2.039527e-01 -4.410000e-01
-2.031976e-01 -4.400000e-01
-2.024214e-01 -4.390000e-01
-2.016241e-01 -4.380000e-01
-2.008058e-01 -4.370000e-01
-1.999663e-01 -4.360000e-01
-1.991057e-01 -4.350000e-01
-1.982240e-01 -4.340000e-01
-1.973212e-01 -4.330000e-01
-1.963972e-01 -4.320000e-01
-1.954520e-01 -4.310000e-01
-1.944856e-01 -4.300000e-01
-1.934980e-01 -4.290000e-01
-1.924891e-01 -4.280000e-01
-1.914591e-01 -4.270000e-01
-1.904078e-01 -4.260000e-01
-1.893352e-01 -4.250000e-01
-1.882413e-01 -4.240000e-01
-1.871261e-01 -4.230000e-01
-1.859896e-01 -4.220000e-01
-1.848318e-01 -4.210000e-01
-1.836526e-01 -4.200000e-01
-1.824521e-01 -4.190000e-01
-1.812302e-01 -4.180000e-01
-1.799868e-01 -4.170000e-01
-1.787221e-01 -4.160000e-01
-1.774360e-01 -4.150000e-01
-1.761284e-01 -4.140000e-01
-1.747993e-01 -4.130000e-01
-1.734488e-01 -4.120000e-01
-1.720768e-01 -4.110000e-01
-1.706833e-01 -4.100000e-01
-1.692683e-01 -4.090000e-01
-1.678318e-01 -4.080000e-01
-1.663737e-01 -4.070000e-01
-1.648940e-01 -4.060000e-01
-1.633928e-01 -4.050000e-01
-1.618699e-01 -4.040000e-01
-1.603255e-01 -4.030000e-01
-1.587594e-01 -4.020000e-01
-1.571717e-01 -4.010000e-01
-1.555623e-01 -4.000000e-01
-1.539313e-01 -3.990000e-01
-1.522786e-01 -3.980000e-01
-1.506041e-01 -3.970000e-01
-1.489080e-01 -3.960000e-01
-1.471901e-01 -3.950000e-01
-1.454505e-01 -3.940000e-01
-1.436891e-01 -3.930000e-01
-1.419059e-01 -3.920000e-01
-1.401010e-01 -3.910000e-01
-1.382742e-01 -3.900000e-01
-1.364256e-01 -3.890000e-01
-1.345552e-01 -3.880000e-01
-1.326629e-01 -3.870000e-01
-1.307487e-01 -3.860000e-01
-1.288127e-01 -3.850000e-01
-1.268547e-01 -3.840000e-01
-1.248748e-01 -3.830000e-01
-1.228730e-01 -3.820000e-01
-1.208493e-01 -3.810000e-01
-1.188036e-01 -3.800000e-01
-1.167359e-01 -3.790000e-01
-1.146462e-01 -3.780000e-01
-1.125345e-01 -3.770000e-01
-1.104007e-01 -3.760000e-01
-1.082450e-01 -3.750000e-01
-1.060672e-01 -3.740000e-01
-1.038673e-01 -3.730000e-01
-1.016453e-01 -3.720000e-01
-9.940120e-02 -3.710000e-01
-9.713499e-02 -3.700000e-01
-9.484666e-02 -3.690000e-01
-9.253618e-02 -3.680000e-01
-9.020360e-02 -3.670000e-01
-8.784905e-02 -3.660000e-01
-8.547264e-02 -3.650000e-01
-8.307453e-02 -3.640000e-01
-8.065482e-02 -3.630000e-01
-7.821365e-02 -3.620000e-01
-7.575115e-02 -3.610000e-01
-7.326745e-02 -3.600000e-01
-7.076267e-02 -3.590000e-01
-6.823695e-02 -3.580000e-01
-6.569040e-02 -3.570000e-01
-6.312317e-02 -3.560000e-01
-6.053538e-02 -3.550000e-01
-5.792716e-02 -3.540000e-01
-5.529863e-02 -3.530000e-01
-5.264993e-02 -3.520000e-01
-4.998118e-02 -3.510000e-01
-4.729252e-02 -3.500000e-01
-4.458406e-02 -3.490000e-01
-4.185594e-02 -3.480000e-01
-3.910830e-02 -3.470000e-01
-3.634124e-02 -3.460000e-01
-3.355492e-02 -3.450000e-01
-3.074944e-02 -3.440000e-01
-2.792495e-02 -3.430000e-01
-2.508157e-02 -3.420000e-01
-2.221943e-02 -3.410000e-01
-1.933866e-02 -3.400000e-01
-1.643938e-02 -3.390000e-01
-1.352173e-02 -3.380000e-01
-1.058583e-02 -3.370000e-01
-7.631815e-03 -3.360000e-01
-4.659809e-03 -3.350000e-01
-1.669942e-03 -3.340000e-01
1.337656e-03 -3.330000e-01
4.362859e-03 -3.320000e-01
7.405537e-03 -3.310000e-01
1.046556e-02 -3.300000e-01
1.354280e-02 -3.290000e-01
1.663714e-02 -3.280000e-01
1.974843e-02 -3.270000e-01
2.287655e-02 -3.260000e-01
2.602138e-02 -3.250000e-01
2.918279e-02 -3.240000e-01
3.236064e-02 -3.230000e-01
3.555481e-02 -3.220000e-01
3.876516e-02 -3.210000e-01
4.199158e-02 -3.200000e-01
4.523394e-02 -3.190000e-01
4.849209e-02 -3.180000e-01
5.176592e-02 -3.170000e-01
5.505530e-02 -3.160000e-01
5.836010e-02 -3.150000e-01
6.168018e-02 -3.140000e-01
6.501543e-02 -3.130000e-01
6.836571e-02 -3.120000e-01
7.173089e-02 -3.110000e-01
7.511085e-02 -3.100000e-01
7.850546e-02 -3.090000e-01
8.191458e-02 -3.080000e-01
8.533809e-02 -3.070000e-01
8.877587e-02 -3.060000e-01
9.222778e-02 -3.050000e-01
9.569369e-02 -3.040000e-01
9.917347e-02 -3.030000e-01
1.026670e-01 -3.020000e-01
1.061742e-01 -3.010000e-01
1.096948e-01 -3.000000e-01
1.132288e-01 -2.990000e-01
1.167760e-01 -2.980000e-01
1.203364e-01 -2.970000e-01
1.239097e-01 -2.960000e-01
1.274959e-01 -2.950000e-01
1.310947e-01 -2.940000e-01
1.347062e-01 -2.930000e-01
1.383301e-01 -2.920000e-01
1.419664e-01 -2.910000e-01
1.456149e-01 -2.900000e-01
1.492754e-01 -2.890000e-01
1.529479e-01 -2.880000e-01
1.566322e-01 -2.870000e-01
1.603282e-01 -2.860000e-01
1.640358e-01 -2.850000e-01
1.677548e-01 -2.840000e-01
1.714851e-01 -2.830000e-01
1.752266e-01 -2.820000e-01
1.789791e-01 -2.810000e-01
1.827425e-01 -2.800000e-01
1.865167e-01 -2.790000e-01
1.903016e-01 -2.780000e-01
1.940971e-01 -2.770000e-01
1.979029e-01 -2.760000e-01
2.017190e-01 -2.750000e-01
2.055453e-01 -2.740000e-01
2.093815e-01 -2.730000e-01
2.132277e-01 -2.720000e-01
2.170836e-01 -2.710000e-01
2.209492e-01 -2.700000e-01
2.248242e-01 -2.690000e-01
2.287087e-01 -2.680000e-01
2.326023e-01 -2.670000e-01
2.365051e-01 -2.660000e-01
2.404169e-01 -2.650000e-01
2.443376e-01 -2.640000e-01
2.482670e-01 -2.630000e-01
2.522050e-01 -2.620000e-01
2.561513e-01 -2.610000e-01
2.601059e-01 -2.600000e-01
2.640684e-01 -2.590000e-01
2.680387e-01 -2.580000e-01
2.720166e-01 -2.570000e-01
2.760018e-01 -2.560000e-01
2.799942e-01 -2.550000e-01
2.839936e-01 -2.540000e-01
2.879997e-01 -2.530000e-01
2.920124e-01 -2.520000e-01
2.960314e-01 -2.510000e-01
3.000566e-01 -2.500000e-01
3.040877e-01 -2.490000e-01
3.081245e-01 -2.480000e-01
3.121669e-01 -2.470000e-01
3.162146e-01 -2.460000e-01
3.202674e-01 -2.450000e-01
3.243252e-01 -2.440000e-01
3.283876e-01 -2.430000e-01
3.324546e-01 -2.420000e-01
3.365259e-01 -2.410000e-01
3.406012e-01 -2.400000e-01
3.446805e-01 -2.390000e-01
3.487635e-01 -2.380000e-01
3.528500e-01 -2.370000e-01
3.569397e-01 -2.360000e-01
3.610326e-01 -2.350000e-01
3.651283e-01 -2.340000e-01
3.692267e-01 -2.330000e-01
3.733275e-01 -2.320000e-01
3.774307e-01 -2.310000e-01
3.815358e-01 -2.300000e-01
3.856429e-01 -2.290000e-01
3.897516e-01 -2.280000e-01
3.938618e-01 -2.270000e-01
3.979732e-01 -2.260000e-01
4.020856e-01 -2.250000e-01
4.061989e-01 -2.240000e-01
4.103128e-01 -2.230000e-01
4.144271e-01 -2.220000e-01
4.185417e-01 -2.210000e-01
4.226563e-01 -2.200000e-01
4.267707e-01 -2.190000e-01
4.308847e-01 -2.180000e-01
4.349982e-01 -2.170000e-01
4.391108e-01 -2.160000e-01
4.432224e-01 -2.150000e-01
4.473329e-01 -2.140000e-01
4.514419e-01 -2.130000e-01
4.555493e-01 -2.120000e-01
4.596549e-01 -2.110000e-01
4.637585e-01 -2.100000e-01
4.678599e-01 -2.090000e-01
4.719588e-01 -2.080000e-01
4.760551e-01 -2.070000e-01
4.801486e-01 -2.060000e-01
4.842391e-01 -2.050000e-01
4.883262e-01 -2.040000e-01
4.924100e-01 -2.030000e-01
4.964901e-01 -2.020000e-01
5.005663e-01 -2.010000e-01
5.046385e-01 -2.000000e-01
5.087064e-01 -1.990000e-01
5.127699e-01 -1.980000e-01
5.168286e-01 -1.970000e-01
5.208825e-01 -1.960000e-01
5.249314e-01 -1.950000e-01
5.289749e-01 -1.940000e-01
5.330129e-01 -1.930000e-01
5.370453e-01 -1.920000e-01
5.410718e-01 -1.910000e-01
5.450921e-01 -1.900000e-01
5.491062e-01 -1.890000e-01
5.531137e-01 -1.880000e-01
5.571146e-01 -1.870000e-01
5.611085e-01 -1.860000e-01
5.650953e-01 -1.850000e-01
5.690748e-01 -1.840000e-01
5.730467e-01 -1.830000e-01
5.770109e-01 -1.820000e-01
5.809672e-01 -1.810000e-01
5.849153e-01 -1.800000e-01
5.888551e-01 -1.790000e-01
5.927864e-01 -1.780000e-01
5.967089e-01 -1.770000e-01
6.006224e-01 -1.760000e-01
6.045268e-01 -1.750000e-01
6.084218e-01 -1.740000e-01
6.123072e-01 -1.730000e-01
6.161829e-01 -1.720000e-01
6.200486e-01 -1.710000e-01
6.239041e-01 -1.700000e-01
6.277492e-01 -1.690000e-01
6.315838e-01 -1.680000e-01
6.354075e-01 -1.670000e-01
6.392202e-01 -1.660000e-01
6.430218e-01 -1.650000e-01
6.468119e-01 -1.640000e-01
6.505905e-01 -1.630000e-01
6.543572e-01 -1.620000e-01
6.581119e-01 -1.610000e-01
6.618543e-01 -1.600000e-01
6.655844e-01 -1.590000e-01
6.693018e-01 -1.580000e-01
6.730064e-01 -1.570000e-01
6.766980e-01 -1.560000e-01
6.803764e-01 -1.550000e-01
6.840416e-01 -1.540000e-01
6.876933e-01 -1.530000e-01
6.913314e-01 -1.520000e-01
6.949558e-01 -1.510000e-01
6.985663e-01 -1.500000e-01
7.021627e-01 -1.490000e-01
7.057449e-01 -1.480000e-01
7.093127e-01 -1.470000e-01
7.128661e-01 -1.460000e-01
7.164048e-01 -1.450000e-01
7.199287e-01 -1.440000e-01
7.234376e-01 -1.430000e-01
7.269314e-01 -1.420000e-01
7.304099e-01 -1.410000e-01
7.338730e-01 -1.400000e-01
7.373206e-01 -1.390000e-01
7.407524e-01 -1.380000e-01
7.441684e-01 -1.370000e-01
7.475683e-01 -1.360000e-01
7.509521e-01 -1.350000e-01
7.543195e-01 -1.340000e-01
7.576705e-01 -1.330000e-01
7.610048e-01 -1.320000e-01
7.643223e-01 -1.310000e-01
7.676230e-01 -1.300000e-01
7.709065e-01 -1.290000e-01
7.741728e-01 -1.280000e-01
7.774217e-01 -1.270000e-01
7.806531e-01 -1.260000e-01
7.838667e-01 -1.250000e-01
7.870626e-01 -1.240000e-01
7.902404e-01 -1.230000e-01
7.934001e-01 -1.220000e-01
7.965415e-01 -1.210000e-01
7.996644e-01 -1.200000e-01
8.027688e-01 -1.190000e-01
8.058544e-01 -1.180000e-01
8.089211e-01 -1.170000e-01
8.119687e-01 -1.160000e-01
8.149971e-01 -1.150000e-01
8.180062e-01 -1.140000e-01
8.209957e-01 -1.130000e-01
8.239656e-01 -1.120000e-01
8.269157e-01 -1.110000e-01
8.298458e-01 -1.100000e-01
8.327558e-01 -1.090000e-01
8.356456e-01 -1.080000e-01
8.385149e-01 -1.070000e-01
8.413636e-01 -1.060000e-01
8.441916e-01 -1.050000e-01
8.469988e-01 -1.040000e-01
8.497849e-01 -1.030000e-01
8.525498e-01 -1.020000e-01
8.552934e-01 -1.010000e-01
8.580155e-01 -1.000000e-01
8.607160e-01 -9.900000e-02
8.633947e-01 -9.800000e-02
8.660515e-01 -9.700000e-02
8.686862e-01 -9.600000e-02
8.712987e-01 -9.500000e-02
8.738887e-01 -9.400000e-02
8.764562e-01 -9.300000e-02
8.790010e-01 -9.200000e-02
8.815230e-01 -9.100000e-02
8.840220e-01 -9.000000e-02
8.864978e-01 -8.900000e-02
8.889503e-01 -8.800000e-02
8.913794e-01 -8.700000e-02
8.937849e-01 -8.600000e-02
8.961666e-01 -8.500000e-02
8.985244e-01 -8.400000e-02
9.008582e-01 -8.300000e-02
9.031677e-01 -8.200000e-02
9.054529e-01 -8.100000e-02
9.077135e-01 -8.000000e-02
9.099495e-01 -7.900000e-02
9.121607e-01 -7.800000e-02
9.143469e-01 -7.700000e-02
9.165080e-01 -7.600000e-02
9.186439e-01 -7.500000e-02
9.207543e-01 -7.400000e-02
9.228391e-01 -7.300000e-02
9.248982e-01 -7.200000e-02
9.269314e-01 -7.100000e-02
9.289386e-01 -7.000000e-02
9.309196e-01 -6.900000e-02
9.328743e-01 -6.800000e-02
9.348025e-01 -6.700000e-02
9.367040e-01 -6.600000e-02
9.385788e-01 -6.500000e-02
9.404267e-01 -6.400000e-02
9.422474e-01 -6.300000e-02
9.440409e-01 -6.200000e-02
9.458070e-01 -6.100000e-02
9.475456e-01 -6.000000e-02
9.492564e-01 -5.900000e-02
9.509394e-01 -5.800000e-02
9.525945e-01 -5.700000e-02
9.542213e-01 -5.600000e-02
9.558199e-01 -5.500000e-02
9.573900e-01 -5.400000e-02
9.589315e-01 -5.300000e-02
9.604442e-01 -5.200000e-02
9.619281e-01 -5.100000e-02
9.633833e-01 -5.000000e-02
9.648096e-01 -4.900000e-02
9.662071e-01 -4.800000e-02
9.675757e-01 -4.700000e-02
9.689156e-01 -4.600000e-02
9.702266e-01 -4.500000e-02
9.715089e-01 -4.400000e-02
9.727623e-01 -4.300000e-02
9.739869e-01 -4.200000e-02
9.751827e-01 -4.100000e-02
9.763497e-01 -4.000000e-02
9.774878e-01 -3.900000e-02
9.785972e-01 -3.800000e-02
9.796777e-01 -3.700000e-02
9.807294e-01 -3.600000e-02
9.817523e-01 -3.500000e-02
9.827464e-01 -3.400000e-02
9.837117e-01 -3.300000e-02
9.846481e-01 -3.200000e-02
9.855558e-01 -3.100000e-02
9.864346e-01 -3.000000e-02
9.872846e-01 -2.900000e-02
9.881059e-01 -2.800000e-02
9.888982e-01 -2.700000e-02
9.896618e-01 -2.600000e-02
9.903966e-01 -2.500000e-02
9.911025e-01 -2.400000e-02
9.917797e-01 -2.300000e-02
9.924280e-01 -2.200000e-02
9.930475e-01 -2.100000e-02
9.936382e-01 -2.000000e-02
9.942001e-01 -1.900000e-02
9.947331e-01 -1.800000e-02
9.952374e-01 -1.700000e-02
9.957128e-01 -1.600000e-02
9.961594e-01 -1.500000e-02
9.965772e-01 -1.400000e-02
9.969662e-01 -1.300000e-02
9.973264e-01 -1.200000e-02
9.976578e-01 -1.100000e-02
9.979603e-01 -1.000000e-02
9.982340e-01 -9.000000e-03
9.984790e-01 -8.000000e-03
9.986951e-01 -7.000000e-03
9.988824e-01 -6.000000e-03
9.990408e-01 -5.000000e-03
9.991705e-01 -4.000000e-03
9.992714e-01 -3.000000e-03
9.993434e-01 -2.000000e-03
9.993866e-01 -1.000000e-03
9.994010e-01 8.812395e-16
9.993866e-01 1.000000e-03
9.993434e-01 2.000000e-03
9.992714e-01 3.000000e-03
9.991705e-01 4.000000e-03
9.990408e-01 5.000000e-03
9.988824e-01 6.000000e-03
9.986951e-01 7.000000e-03
9.984790e-01 8.000000e-03
9.982340e-01 9.000000e-03
9.979603e-01 1.000000e-02
9.976578e-01 1.100000e-02
9.973264e-01 1.200000e-02
9.969662e-01 1.300000e-02
9.965772e-01 1.400000e-02
9.961594e-01 1.500000e-02
9.957128e-01 1.600000e-02
9.952374e-01 1.700000e-02
9.947331e-01 1.800000e-02
9.942001e-01 1.900000e-02
9.936382e-01 2.000000e-02
9.930475e-01 2.100000e-02
9.924280e-01 2.200000e-02
9.917797e-01 2.300000e-02
9.911025e-01 2.400000e-02
9.903966e-01 2.500000e-02
9.896618e-01 2.600000e-02
9.888982e-01 2.700000e-02
9.881059e-01 2.800000e-02
9.872846e-01 2.900000e-02
9.864346e-01 3.000000e-02
9.855558e-01 3.100000e-02
9.846481e-01 3.200000e-02
9.837117e-01 3.300000e-02
9.827464e-01 3.400000e-02
9.817523e-01 3.500000e-02
9.807294e-01 3.600000e-02
9.796777e-01 3.700000e-02
9.785972e-01 3.800000e-02
9.774878e-01 3.900000e-02
9.763497e-01 4.000000e-02
9.751827e-01 4.100000e-02
9.739869e-01 4.200000e-02
9.727623e-01 4.300000e-02
9.715089e-01 4.400000e-02
9.702266e-01 4.500000e-02
9.689156e-01 4.600000e-02
9.675757e-01 4.700000e-02
9.662071e-01 4.800000e-02
9.648096e-01 4.900000e-02
9.633833e-01 5.000000e-02
9.619281e-01 5.100000e-02
9.604442e-01 5.200000e-02
9.589315e-01 5.300000e-02
9.573900e-01 5.400000e-02
9.558199e-01 5.500000e-02
9.542213e-01 5.600000e-02
9.525945e-01 5.700000e-02
9.509394e-01 5.800000e-02
9.492564e-01 5.900000e-02
9.475456e-01 6.000000e-02
9.458070e-01 6.100000e-02
9.440409e-01 6.200000e-02
9.422474e-01 6.300000e-02
9.404267e-01 6.400000e-02
9.385788e-01 6.500000e-02
9.367041e-01 6.600000e-02
9.348025e-01 6.700000e-02
9.328743e-01 6.800000e-02
9.309196e-01 6.900000e-02
9.289386e-01 7.000000e-02
9.269314e-01 7.100000e-02
9.248982e-01 7.200000e-02
9.228391e-01 7.300000e-02
9.207543e-01 7.400000e-02
9.186439e-01 7.500000e-02
9.165080e-01 7.600000e-02
9.143470e-01 7.700000e-02
9.121607e-01 7.800000e-02
9.099496e-01 7.900000e-02
9.077136e-01 8.000000e-02
9.054529e-01 8.100000e-02
9.031677e-01 8.200000e-02
9.008582e-01 8.300000e-02
8.985244e-01 8.400000e-02
8.961666e-01 8.500000e-02
8.937849e-01 8.600000e-02
8.913794e-01 8.700000e-02
8.889504e-01 8.800000e-02
8.864978e-01 8.900000e-02
8.840220e-01 9.000000e-02
8.815230e-01 9.100000e-02
8.790011e-01 9.200000e-02
8.764562e-01 9.300000e-02
8.738887e-01 9.400000e-02
8.712987e-01 9.500000e-02
8.686862e-01 9.600000e-02
8.660515e-01 9.700000e-02
8.633948e-01 9.800000e-02
8.607161e-01 9.900000e-02
8.580156e-01 1.000000e-01
8.552934e-01 1.010000e-01
8.525498e-01 1.020000e-01
8.497849e-01 1.030000e-01
8.469988e-01 1.040000e-01
8.441916e-01 1.050000e-01
8.413636e-01 1.060000e-01
8.385149e-01 1.070000e-01
8.356456e-01 1.080000e-01
8.327558e-01 1.090000e-01
8.298458e-01 1.100000e-01
8.269157e-01 1.110000e-01
8.239657e-01 1.120000e-01
8.209958e-01 1.130000e-01
8.180062e-01 1.140000e-01
8.149971e-01 1.150000e-01
8.119687e-01 1.160000e-01
8.089211e-01 1.170000e-01
8.058544e-01 1.180000e-01
8.027688e-01 1.190000e-01
7.996645e-01 1.200000e-01
7.965415e-01 1.210000e-01
7.934001e-01 1.220000e-01
7.902404e-01 1.230000e-01
7.870626e-01 1.240000e-01
7.838668e-01 1.250000e-01
7.806531e-01 1.260000e-01
7.774217e-01 1.270000e-01
7.741728e-01 1.280000e-01
7.709065e-01 1.290000e-01
7.676230e-01 1.300000e-01
7.643224e-01 1.310000e-01
7.610048e-01 1.320000e-01
7.576705e-01 1.330000e-01
7.543195e-01 1.340000e-01
7.509521e-01 1.350000e-01
7.475683e-01 1.360000e-01
7.441684e-01 1.370000e-01
7.407524e-01 1.380000e-01
7.373206e-01 1.390000e-01
7.338731e-01 1.400000e-01
7.304099e-01 1.410000e-01
7.269314e-01 1.420000e-01
7.234376e-01 1.430000e-01
7.199287e-01 1.440000e-01
7.164048e-01 1.450000e-01
7.128661e-01 1.460000e-01
7.093128e-01 1.470000e-01
7.057449e-01 1.480000e-01
7.021627e-01 1.490000e-01
6.985663e-01 1.500000e-01
6.949558e-01 1.510000e-01
6.913314e-01 1.520000e-01
6.876933e-01 1.530000e-01
6.840416e-01 1.540000e-01
6.803764e-01 1.550000e-01
6.766980e-01 1.560000e-01
6.730064e-01 1.570000e-01
6.693018e-01 1.580000e-01
6.655844e-01 1.590000e-01
6.618543e-01 1.600000e-01
6.581119e-01 1.610000e-01
6.543572e-01 1.620000e-01
6.505904e-01 1.630000e-01
6.468119e-01 1.640000e-01
6.430218e-01 1.650000e-01
6.392202e-01 1.660000e-01
6.354075e-01 1.670000e-01
6.315837e-01 1.680000e-01
6.277492e-01 1.690000e-01
6.239041e-01 1.700000e-01
6.200486e-01 1.710000e-01
6.161829e-01 1.720000e-01
6.123072e-01 1.730000e-01
6.084218e-01 1.740000e-01
6.045268e-01 1.750000e-01
6.006224e-01 1.760000e-01
5.967088e-01 1.770000e-01
5.927863e-01 1.780000e-01
5.888551e-01 1.790000e-01
5.849153e-01 1.800000e-01
5.809672e-01 1.810000e-01
5.770109e-01 1.820000e-01
5.730467e-01 1.830000e-01
5.690747e-01 1.840000e-01
5.650952e-01 1.850000e-01
5.611084e-01 1.860000e-01
5.571145e-01 1.870000e-01
5.531137e-01 1.880000e-01
5.491061e-01 1.890000e-01
5.450921e-01 1.900000e-01
5.410717e-01 1.910000e-01
5.370452e-01 1.920000e-01
5.330129e-01 1.930000e-01
5.289748e-01 1.940000e-01
5.249313e-01 1.950000e-01
5.208825e-01 1.960000e-01
5.168286e-01 1.970000e-01
5.127698e-01 1.980000e-01
5.087063e-01 1.990000e-01
5.046384e-01 2.000000e-01
5.005662e-01 2.010000e-01
4.964900e-01 2.020000e-01
4.924099e-01 2.030000e-01
4.883262e-01 2.040000e-01
4.842390e-01 2.050000e-01
4.801485e-01 2.060000e-01
4.760551e-01 2.070000e-01
4.719587e-01 2.080000e-01
4.678598e-01 2.090000e-01
4.637584e-01 2.100000e-01
4.596549e-01 2.110000e-01
4.555492e-01 2.120000e-01
4.514418e-01 2.130000e-01
4.473328e-01 2.140000e-01
4.432223e-01 2.150000e-01
4.391107e-01 2.160000e-01
4.349981e-01 2.170000e-01
4.308846e-01 2.180000e-01
4.267706e-01 2.190000e-01
4.226562e-01 2.200000e-01
4.185416e-01 2.210000e-01
4.144270e-01 2.220000e-01
4.103127e-01 2.230000e-01
4.061988e-01 2.240000e-01
4.020855e-01 2.250000e-01
3.979731e-01 2.260000e-01
3.938617e-01 2.270000e-01
3.897515e-01 2.280000e-01
3.856428e-01 2.290000e-01
3.815357e-01 2.300000e-01
3.774306e-01 2.310000e-01
3.733274e-01 2.320000e-01
3.692266e-01 2.330000e-01
3.651282e-01 2.340000e-01
3.610325e-01 2.350000e-01
3.569396e-01 2.360000e-01
3.528499e-01 2.370000e-01
3.487634e-01 2.380000e-01
3.446804e-01 2.390000e-01
3.406012e-01 2.400000e-01
3.365258e-01 2.410000e-01
3.324545e-01 2.420000e-01
3.283875e-01 2.430000e-01
3.243251e-01 2.440000e-01
3.202673e-01 2.450000e-01
3.162145e-01 2.460000e-01
3.121668e-01 2.470000e-01
3.081244e-01 2.480000e-01
3.040876e-01 2.490000e-01
3.000565e-01 2.500000e-01
2.960313e-01 2.510000e-01
2.920123e-01 2.520000e-01
2.879996e-01 2.530000e-01
2.839935e-01 2.540000e-01
2.799942e-01 2.550000e-01
2.760018e-01 2.560000e-01
2.720165e-01 2.570000e-01
2.680387e-01 2.580000e-01
2.640684e-01 2.590000e-01
2.601058e-01 2.600000e-01
2.561513e-01 2.610000e-01
2.522049e-01 2.620000e-01
2.482670e-01 2.630000e-01
2.443376e-01 2.640000e-01
2.404169e-01 2.650000e-01
2.365052e-01 2.660000e-01
2.326024e-01 2.670000e-01
2.287087e-01 2.680000e-01
2.248243e-01 2.690000e-01
2.209492e-01 2.700000e-01
2.170837e-01 2.710000e-01
2.132277e-01 2.720000e-01
2.093816e-01 2.730000e-01
2.055453e-01 2.740000e-01
2.017191e-01 2.750000e-01
1.979030e-01 2.760000e-01
1.940972e-01 2.770000e-01
1.903017e-01 2.780000e-01
1.865169e-01 2.790000e-01
1.827426e-01 2.800000e-01
1.789792e-01 2.810000e-01
1.752267e-01 2.820000e-01
1.714852e-01 2.830000e-01
1.677549e-01 2.840000e-01
1.640359e-01 2.850000e-01
1.603284e-01 2.860000e-01
1.566324e-01 2.870000e-01
1.529481e-01 2.880000e-01
1.492756e-01 2.890000e-01
1.456151e-01 2.900000e-01
1.419666e-01 2.910000e-01
1.383303e-01 2.920000e-01
1.347064e-01 2.930000e-01
1.310950e-01 2.940000e-01
1.274961e-01 2.950000e-01
1.239099e-01 2.960000e-01
1.203366e-01 2.970000e-01
1.167763e-01 2.980000e-01
1.132291e-01 2.990000e-01
1.096951e-01 3.000000e-01
1.061744e-01 3.010000e-01
1.026673e-01 3.020000e-01
9.917376e-02 3.030000e-01
9.569398e-02 3.040000e-01
9.222807e-02 3.050000e-01
8.877617e-02 3.060000e-01
8.533840e-02 3.070000e-01
8.191489e-02 3.080000e-01
7.850578e-02 3.090000e-01
7.511118e-02 3.100000e-01
7.173122e-02 3.110000e-01
6.836604e-02 3.120000e-01
6.501577e-02 3.130000e-01
6.168053e-02 3.140000e-01
5.836045e-02 3.150000e-01
5.505565e-02 3.160000e-01
5.176628e-02 3.170000e-01
4.849245e-02 3.180000e-01
4.523430e-02 3.190000e-01
4.199195e-02 3.200000e-01
3.876553e-02 3.210000e-01
3.555518e-02 3.220000e-01
3.236101e-02 3.230000e-01
2.918316e-02 3.240000e-01
2.602176e-02 3.250000e-01
2.287693e-02 3.260000e-01
1.974880e-02 3.270000e-01
1.663751e-02 3.280000e-01
1.354318e-02 3.290000e-01
1.046594e-02 3.300000e-01
7.405913e-03 3.310000e-01
4.363234e-03 3.320000e-01
1.338029e-03 3.330000e-01
-1.669571e-03 3.340000e-01
-4.659440e-03 3.350000e-01
-7.631449e-03 3.360000e-01
-1.058547e-02 3.370000e-01
-1.352137e-02 3.380000e-01
-1.643903e-02 3.390000e-01
-1.933831e-02 3.400000e-01
-2.221909e-02 3.410000e-01
-2.508123e-02 3.420000e-01
-2.792462e-02 3.430000e-01
-3.074912e-02 3.440000e-01
-3.355460e-02 3.450000e-01
-3.634093e-02 3.460000e-01
-3.910799e-02 3.470000e-01
-4.185565e-02 3.480000e-01
-4.458377e-02 3.490000e-01
-4.729224e-02 3.500000e-01
-4.998091e-02 3.510000e-01
-5.264967e-02 3.520000e-01
-5.529838e-02 3.530000e-01
-5.792692e-02 3.540000e-01
-6.053516e-02 3.550000e-01
-6.312296e-02 3.560000e-01
-6.569021e-02 3.570000e-01
-6.823676e-02 3.580000e-01
-7.076250e-02 3.590000e-01
-7.326730e-02 3.600000e-01
-7.575101e-02 3.610000e-01
-7.821353e-02 3.620000e-01
-8.065472e-02 3.630000e-01
-8.307444e-02 3.640000e-01
-8.547258e-02 3.650000e-01
-8.784900e-02 3.660000e-01
-9.020357e-02 3.670000e-01
-9.253617e-02 3.680000e-01
-9.484667e-02 3.690000e-01
-9.713503e-02 3.700000e-01
-9.940125e-02 3.710000e-01
-1.016454e-01 3.720000e-01
-1.038674e-01 3.730000e-01
-1.060673e-01 3.740000e-01
-1.082451e-01 3.750000e-01
-1.104009e-01 3.760000e-01
-1.125347e-01 3.770000e-01
-1.146464e-01 3.780000e-01
-1.167361e-01 3.790000e-01
-1.188038e-01 3.800000e-01
-1.208496e-01 3.810000e-01
-1.228734e-01 3.820000e-01
-1.248752e-01 3.830000e-01
-1.268551e-01 3.840000e-01
-1.288131e-01 3.850000e-01
-1.307492e-01 3.860000e-01
-1.326634e-01 3.870000e-01
-1.345557e-01 3.880000e-01
-1.364261e-01 3.890000e-01
-1.382748e-01 3.900000e-01
-1.401016e-01 3.910000e-01
-1.419066e-01 3.920000e-01
-1.436898e-01 3.930000e-01
-1.454512e-01 3.940000e-01
-1.471908e-01 3.950000e-01
-1.489087e-01 3.960000e-01
-1.506049e-01 3.970000e-01
-1.522794e-01 3.980000e-01
-1.539321e-01 3.990000e-01
-1.555632e-01 4.000000e-01
-1.571726e-01 4.010000e-01
-1.587603e-01 4.020000e-01
-1.603264e-01 4.030000e-01
-1.618709e-01 4.040000e-01
-1.633937e-01 4.050000e-01
-1.648950e-01 4.060000e-01
-1.663747e-01 4.070000e-01
-1.678328e-01 4.080000e-01
-1.692694e-01 4.090000e-01
-1.706844e-01 4.100000e-01
-1.720780e-01 4.110000e-01
-1.734500e-01 4.120000e-01
-1.748005e-01 4.130000e-01
-1.761296e-01 4.140000e-01
-1.774372e-01 4.150000e-01
-1.787234e-01 4.160000e-01
-1.799881e-01 4.170000e-01
-1.812314e-01 4.180000e-01
-1.824534e-01 4.190000e-01
-1.836539e-01 4.200000e-01
-1.848331e-01 4.210000e-01
-1.859909e-01 4.220000e-01
-1.871275e-01 4.230000e-01
-1.882426e-01 4.240000e-01
-1.893365e-01 4.250000e-01
-1.904091e-01 4.260000e-01
-1.914605e-01 4.270000e-01
-1.924905e-01 4.280000e-01
-1.934994e-01 4.290000e-01
-1.944870e-01 4.300000e-01
-1.954534e-01 4.310000e-01
-1.963986e-01 4.320000e-01
-1.973226e-01 4.330000e-01
-1.982254e-01 4.340000e-01
-1.991071e-01 4.350000e-01
-1.999677e-01 4.360000e-01
-2.008072e-01 4.370000e-01
-2.016255e-01 4.380000e-01
-2.024228e-01 4.390000e-01
-2.031990e-01 4.400000e-01
-2.039541e-01 4.410000e-01
-2.046882e-01 4.420000e-01
-2.054013e-01 4.430000e-01
-2.060933e-01 4.440000e-01
-2.067644e-01 4.450000e-01
-2.074145e-01 4.460000e-01
-2.080436e-01 4.470000e-01
-2.086517e-01 4.480000e-01
-2.092390e-01 4.490000e-01
-2.098053e-01 4.500000e-01
-2.103507e-01 4.510000e-01
-2.108752e-01 4.520000e-01
-2.113789e-01 4.530000e-01
-2.118617e-01 4.540000e-01
-2.123236e-01 4.550000e-01
-2.127647e-01 4.560000e-01
-2.131850e-01 4.570000e-01
-2.135846e-01 4.580000e-01
-2.139633e-01 4.590000e-01
-2.143213e-01 4.600000e-01
-2.146585e-01 4.610000e-01
-2.149750e-01 4.620000e-01
-2.152707e-01 4.630000e-01
-2.155458e-01 4.640000e-01
-2.158002e-01 4.650000e-01
-2.160339e-01 4.660000e-01
-2.162469e-01 4.670000e-01
-2.164394e-01 4.680000e-01
-2.166111e-01 4.690000e-01
-2.167623e-01 4.700000e-01
-2.168929e-01 4.710000e-01
-2.170029e-01 4.720000e-01
-2.170923e-01 4.730000e-01
-2.171612e-01 4.740000e-01
-2.172095e-01 4.750000e-01
-2.172376e-01 4.760000e-01
-2.172453e-01 4.770000e-01
-2.172330e-01 4.780000e-01
-2.172006e-01 4.790000e-01
-2.171484e-01 4.800000e-01
-2.170765e-01 4.810000e-01
-2.169849e-01 4.820000e-01
-2.168739e-01 4.830000e-01
-2.167434e-01 4.840000e-01
-2.165938e-01 4.850000e-01
-2.164251e-01 4.860000e-01
-2.162373e-01 4.870000e-01
-2.160308e-01 4.880000e-01
-2.158055e-01 4.890000e-01
-2.155616e-01 4.900000e-01
-2.152992e-01 4.910000e-01
-2.150185e-01 4.920000e-01
-2.147195e-01 4.930000e-01
-2.144025e-01 4.940000e-01
-2.140675e-01 4.950000e-01
-2.137147e-01 4.960000e-01
-2.133442e-01 4.970000e-01
-2.129560e-01 4.980000e-01
-2.125504e-01 4.990000e-01
-2.121275e-01 5.000000e-01
-2.116874e-01 5.010000e-01
-2.112302e-01 5.020000e-01
-2.107561e-01 5.030000e-01
-2.102651e-01 5.040000e-01
-2.097574e-01 5.050000e-01
-2.092332e-01 5.060000e-01
-2.086925e-01 5.070000e-01
-2.081355e-01 5.080000e-01
-2.075623e-01 5.090000e-01
-2.069730e-01 5.100000e-01
-2.063678e-01 5.110000e-01
-2.057468e-01 5.120000e-01
-2.051102e-01 5.130000e-01
-2.044579e-01 5.140000e-01
-2.037902e-01 5.150000e-01
-2.031072e-01 5.160000e-01
-2.024091e-01 5.170000e-01
-2.016959e-01 5.180000e-01
-2.009677e-01 5.190000e-01
-2.002248e-01 5.200000e-01
-1.994672e-01 5.210000e-01
-1.986951e-01 5.220000e-01
-1.979085e-01 5.230000e-01
-1.971077e-01 5.240000e-01
-1.962927e-01 5.250000e-01
-1.954636e-01 5.260000e-01
-1.946207e-01 5.270000e-01
-1.937639e-01 5.280000e-01
-1.928935e-01 5.290000e-01
-1.920096e-01 5.300000e-01
-1.911123e-01 5.310000e-01
-1.902016e-01 5.320000e-01
-1.892779e-01 5.330000e-01
-1.883411e-01 5.340000e-01
-1.873914e-01 5.350000e-01
-1.864290e-01 5.360000e-01
-1.854539e-01 5.370000e-01
-1.844663e-01 5.380000e-01
-1.834663e-01 5.390000e-01
-1.824540e-01 5.400000e-01
-1.814297e-01 5.410000e-01
-1.803933e-01 5.420000e-01
-1.793450e-01 5.430000e-01
-1.782849e-01 5.440000e-01
-1.772133e-01 5.450000e-01
-1.761301e-01 5.460000e-01
-1.750356e-01 5.470000e-01
-1.739298e-01 5.480000e-01
-1.728128e-01 5.490000e-01
-1.716849e-01 5.500000e-01
-1.705462e-01 5.510000e-01
-1.693966e-01 5.520000e-01
-1.682365e-01 5.530000e-01
-1.670659e-01 5.540000e-01
-1.658849e-01 5.550000e-01
-1.646937e-01 5.560000e-01
-1.634923e-01 5.570000e-01
-1.622810e-01 5.580000e-01
-1.610599e-01 5.590000e-01
-1.598290e-01 5.600000e-01
-1.585885e-01 5.610000e-01
-1.573385e-01 5.620000e-01
-1.560792e-01 5.630000e-01
-1.548107e-01 5.640000e-01
-1.535330e-01 5.650000e-01
-1.522464e-01 5.660000e-01
-1.509510e-01 5.670000e-01
-1.496468e-01 5.680000e-01
-1.483341e-01 5.690000e-01
-1.470129e-01 5.700000e-01
-1.456833e-01 5.710000e-01
-1.443456e-01 5.720000e-01
-1.429998e-01 5.730000e-01
-1.416460e-01 5.740000e-01
-1.402844e-01 5.750000e-01
-1.389151e-01 5.760000e-01
-1.375382e-01 5.770000e-01
-1.361539e-01 5.780000e-01
-1.347622e-01 5.790000e-01
-1.333634e-01 5.800000e-01
-1.319575e-01 5.810000e-01
-1.305446e-01 5.820000e-01
-1.291250e-01 5.830000e-01
-1.276988e-01 5.840000e-01
-1.262660e-01 5.850000e-01
-1.248268e-01 5.860000e-01
-1.233814e-01 5.870000e-01
-1.219299e-01 5.880000e-01
-1.204725e-01 5.890000e-01
-1.190091e-01 5.900000e-01
-1.175401e-01 5.910000e-01
-1.160656e-01 5.920000e-01
-1.145855e-01 5.930000e-01
-1.131002e-01 5.940000e-01
-1.116098e-01 5.950000e-01
-1.101143e-01 5.960000e-01
-1.086139e-01 5.970000e-01
-1.071088e-01 5.980000e-01
-1.055990e-01 5.990000e-01
-1.040848e-01 6.000000e-01
-1.025662e-01 6.010000e-01
-1.010434e-01 6.020000e-01
-9.951658e-02 6.030000e-01
-9.798578e-02 6.040000e-01
-9.645118e-02 6.050000e-01
-9.491292e-02 6.060000e-01
-9.337112e-02 6.070000e-01
-9.182593e-02 6.080000e-01
-9.027747e-02 6.090000e-01
-8.872589e-02 6.100000e-01
-8.717133e-02 6.110000e-01
-8.561390e-02 6.120000e-01
-8.405376e-02 6.130000e-01
-8.249104e-02 6.140000e-01
-8.092587e-02 6.150000e-01
-7.935839e-02 6.160000e-01
-7.778873e-02 6.170000e-01
-7.621704e-02 6.180000e-01
-7.464344e-02 6.190000e-01
-7.306807e-02 6.200000e-01
-7.149107e-02 6.210000e-01
-6.991257e-02 6.220000e-01
-6.833270e-02 6.230000e-01
-6.675161e-02 6.240000e-01
-6.516944e-02 6.250000e-01
-6.358630e-02 6.260000e-01
-6.200235e-02 6.270000e-01
-6.041771e-02 6.280000e-01
-5.883252e-02 6.290000e-01
-5.724692e-02 6.300000e-01
-5.566105e-02 6.310000e-01
-5.407503e-02 6.320000e-01
-5.248901e-02 6.330000e-01
-5.090311e-02 6.340000e-01
-4.931749e-02 6.350000e-01
-4.773226e-02 6.360000e-01
-4.614757e-02 6.370000e-01
-4.456355e-02 6.380000e-01
-4.298034e-02 6.390000e-01
-4.139807e-02 6.400000e-01
-3.981689e-02 6.410000e-01
-3.823691e-02 6.420000e-01
-3.665829e-02 6.430000e-01
-3.508115e-02 6.440000e-01
-3.350564e-02 6.450000e-01
-3.193188e-02 6.460000e-01
-3.036001e-02 6.470000e-01
-2.879017e-02 6.480000e-01
-2.722250e-02 6.490000e-01
-2.565712e-02 6.500000e-01
-2.409419e-02 6.510000e-01
-2.253382e-02 6.520000e-01
-2.097615e-02 6.530000e-01
-1.942133e-02 6.540000e-01
-1.786949e-02 6.550000e-01
-1.632076e-02 6.560000e-01
-1.477528e-02 6.570000e-01
-1.323319e-02 6.580000e-01
-1.169461e-02 6.590000e-01
-1.015969e-02 6.600000e-01
-8.628559e-03 6.610000e-01
-7.101356e-03 6.620000e-01
-5.578216e-03 6.630000e-01
-4.059274e-03 6.640000e-01
-2.544665e-03 6.650000e-01
-1.034526e-03 6.660000e-01
4.710081e-04 6.670000e-01
1.971802e-03 6.680000e-01
3.467720e-03 6.690000e-01
4.958626e-03 6.700000e-01
6.444384e-03 6.710000e-01
7.924860e-03 6.720000e-01
9.399917e-03 6.730000e-01
1.086942e-02 6.740000e-01
1.233323e-02 6.750000e-01
1.379122e-02 6.760000e-01
1.524325e-02 6.770000e-01
1.668918e-02 6.780000e-01
1.812888e-02 6.790000e-01
1.956221e-02 6.800000e-01
2.098903e-02 6.810000e-01
2.240922e-02 6.820000e-01
2.382263e-02 6.830000e-01
2.522914e-02 6.840000e-01
2.662860e-02 6.850000e-01
2.802095e-02 6.860000e-01
2.940612e-02 6.870000e-01
3.078406e-02 6.880000e-01
3.215472e-02 6.890000e-01
3.351804e-02 6.900000e-01
3.487396e-02 6.910000e-01
3.622243e-02 6.920000e-01
3.756340e-02 6.930000e-01
3.889680e-02 6.940000e-01
4.022258e-02 6.950000e-01
4.154070e-02 6.960000e-01
4.285108e-02 6.970000e-01
4.415368e-02 6.980000e-01
4.544844e-02 6.990000e-01
4.673531e-02 7.000000e-01
4.801423e-02 7.010000e-01
4.928514e-02 7.020000e-01
5.054799e-02 7.030000e-01
5.180272e-02 7.040000e-01
5.304929e-02 7.050000e-01
5.428762e-02 7.060000e-01
5.551767e-02 7.070000e-01
5.673939e-02 7.080000e-01
5.795270e-02 7.090000e-01
5.915757e-02 7.100000e-01
6.035394e-02 7.110000e-01
6.154175e-02 7.120000e-01
6.272093e-02 7.130000e-01
6.389145e-02 7.140000e-01
6.505324e-02 7.150000e-01
6.620625e-02 7.160000e-01
6.735043e-02 7.170000e-01
6.848571e-02 7.180000e-01
6.961204e-02 7.190000e-01
7.072936e-02 7.200000e-01
7.183763e-02 7.210000e-01
7.293678e-02 7.220000e-01
7.402677e-02 7.230000e-01
7.510752e-02 7.240000e-01
7.617900e-02 7.250000e-01
7.724114e-02 7.260000e-01
7.829388e-02 7.270000e-01
7.933718e-02 7.280000e-01
8.037098e-02 7.290000e-01
8.139522e-02 7.300000e-01
8.240984e-02 7.310000e-01
8.341479e-02 7.320000e-01
8.441002e-02 7.330000e-01
8.539547e-02 7.340000e-01
8.637109e-02 7.350000e-01
8.733681e-02 7.360000e-01
8.829258e-02 7.370000e-01
8.923836e-02 7.380000e-01
9.017407e-02 7.390000e-01
9.109967e-02 7.400000e-01
9.201511e-02 7.410000e-01
9.292032e-02 7.420000e-01
9.381525e-02 7.430000e-01
9.469984e-02 7.440000e-01
9.557405e-02 7.450000e-01
9.643780e-02 7.460000e-01
9.729106e-02 7.470000e-01
9.813376e-02 7.480000e-01
9.896585e-02 7.490000e-01
9.978727e-02 7.500000e-01
1.005980e-01 7.510000e-01
1.013979e-01 7.520000e-01
1.021870e-01 7.530000e-01
1.029652e-01 7.540000e-01
1.037324e-01 7.550000e-01
1.044887e-01 7.560000e-01
1.052339e-01 7.570000e-01
1.059679e-01 7.580000e-01
1.066909e-01 7.590000e-01
1.074025e-01 7.600000e-01
1.081030e-01 7.610000e-01
1.087920e-01 7.620000e-01
1.094697e-01 7.630000e-01
1.101360e-01 7.640000e-01
1.107907e-01 7.650000e-01
1.114339e-01 7.660000e-01
1.120655e-01 7.670000e-01
1.126854e-01 7.680000e-01
1.132936e-01 7.690000e-01
1.138900e-01 7.700000e-01
1.144746e-01 7.710000e-01
1.150473e-01 7.720000e-01
1.156081e-01 7.730000e-01
1.161568e-01 7.740000e-01
1.166935e-01 7.750000e-01
1.172181e-01 7.760000e-01
1.177306e-01 7.770000e-01
1.182308e-01 7.780000e-01
1.187187e-01 7.790000e-01
1.191943e-01 7.800000e-01
1.196575e-01 7.810000e-01
1.201083e-01 7.820000e-01
1.205466e-01 7.830000e-01
1.209723e-01 7.840000e-01
1.213854e-01 7.850000e-01
1.217858e-01 7.860000e-01
1.221735e-01 7.870000e-01
1.225485e-01 7.880000e-01
1.229106e-01 7.890000e-01
1.232599e-01 7.900000e-01
1.235962e-01 7.910000e-01
1.239197e-01 7.920000e-01
1.242305e-01 7.930000e-01
1.245285e-01 7.940000e-01
1.248139e-01 7.950000e-01
1.250867e-01 7.960000e-01
1.253469e-01 7.970000e-01
1.255947e-01 7.980000e-01
1.258300e-01 7.990000e-01
1.260530e-01 8.000000e-01
1.262636e-01 8.010000e-01
1.264619e-01 8.020000e-01
1.266481e-01 8.030000e-01
1.268221e-01 8.040000e-01
1.269840e-01 8.050000e-01
1.271338e-01 8.060000e-01
1.272717e-01 8.070000e-01
1.273977e-01 8.080000e-01
1.275118e-01 8.090000e-01
1.276140e-01 8.100000e-01
1.277046e-01 8.110000e-01
1.277834e-01 8.120000e-01
1.278505e-01 8.130000e-01
1.279061e-01 8.140000e-01
1.279502e-01 8.150000e-01
1.279827e-01 8.160000e-01
1.280039e-01 8.170000e-01
1.280137e-01 8.180000e-01
1.280122e-01 8.190000e-01
1.279994e-01 8.200000e-01
1.279754e-01 8.210000e-01
1.279403e-01 8.220000e-01
1.278941e-01 8.230000e-01
1.278369e-01 8.240000e-01
1.277687e-01 8.250000e-01
1.276896e-01 8.260000e-01
1.275997e-01 8.270000e-01
1.274989e-01 8.280000e-01
1.273874e-01 8.290000e-01
1.272653e-01 8.300000e-01
1.271324e-01 8.310000e-01
1.269890e-01 8.320000e-01
1.268351e-01 8.330000e-01
1.266707e-01 8.340000e-01
1.264960e-01 8.350000e-01
1.263108e-01 8.360000e-01
1.261154e-01 8.370000e-01
1.259097e-01 8.380000e-01
1.256939e-01 8.390000e-01
1.254679e-01 8.400000e-01
1.252319e-01 8.410000e-01
1.249858e-01 8.420000e-01
1.247298e-01 8.430000e-01
1.244639e-01 8.440000e-01
1.241881e-01 8.450000e-01
1.239026e-01 8.460000e-01
1.236073e-01 8.470000e-01
1.233024e-01 8.480000e-01
1.229878e-01 8.490000e-01
1.226636e-01 8.500000e-01
1.223300e-01 8.510000e-01
1.219869e-01 8.520000e-01
1.216344e-01 8.530000e-01
1.212726e-01 8.540000e-01
1.209015e-01 8.550000e-01
1.205212e-01 8.560000e-01
1.201317e-01 8.570000e-01
1.197330e-01 8.580000e-01
1.193254e-01 8.590000e-01
1.189087e-01 8.600000e-01
1.184831e-01 8.610000e-01
1.180486e-01 8.620000e-01
1.176053e-01 8.630000e-01
1.171532e-01 8.640000e-01
1.166923e-01 8.650000e-01
1.162228e-01 8.660000e-01
1.157447e-01 8.670000e-01
1.152581e-01 8.680000e-01
1.147630e-01 8.690000e-01
1.142594e-01 8.700000e-01
1.137474e-01 8.710000e-01
1.132271e-01 8.720000e-01
1.126986e-01 8.730000e-01
1.121618e-01 8.740000e-01
1.116169e-01 8.750000e-01
1.110639e-01 8.760000e-01
1.105028e-01 8.770000e-01
1.099338e-01 8.780000e-01
1.093568e-01 8.790000e-01
1.087719e-01 8.800000e-01
1.081793e-01 8.810000e-01
1.075788e-01 8.820000e-01
1.069707e-01 8.830000e-01
1.063549e-01 8.840000e-01
1.057315e-01 8.850000e-01
1.051006e-01 8.860000e-01
1.044622e-01 8.870000e-01
1.038163e-01 8.880000e-01
1.031631e-01 8.890000e-01
1.025026e-01 8.900000e-01
1.018349e-01 8.910000e-01
1.011599e-01 8.920000e-01
1.004778e-01 8.930000e-01
9.978858e-02 8.940000e-01
9.909236e-02 8.950000e-01
9.838916e-02 8.960000e-01
9.767906e-02 8.970000e-01
9.696211e-02 8.980000e-01
9.623840e-02 8.990000e-01
9.550798e-02 9.000000e-01
9.477092e-02 9.010000e-01
9.402728e-02 9.020000e-01
9.327714e-02 9.030000e-01
9.252056e-02 9.040000e-01
9.175760e-02 9.050000e-01
9.098834e-02 9.060000e-01
9.021283e-02 9.070000e-01
8.943115e-02 9.080000e-01
8.864336e-02 9.090000e-01
8.784953e-02 9.100000e-01
8.704972e-02 9.110000e-01
8.624401e-02 9.120000e-01
8.543245e-02 9.130000e-01
8.461511e-02 9.140000e-01
8.379206e-02 9.150000e-01
8.296337e-02 9.160000e-01
8.212911e-02 9.170000e-01
8.128933e-02 9.180000e-01
8.044410e-02 9.190000e-01
7.959350e-02 9.200000e-01
7.873759e-02 9.210000e-01
7.787643e-02 9.220000e-01
7.701009e-02 9.230000e-01
7.613864e-02 9.240000e-01
7.526214e-02 9.250000e-01
7.438066e-02 9.260000e-01
7.349427e-02 9.270000e-01
7.260303e-02 9.280000e-01
7.170702e-02 9.290000e-01
7.080628e-02 9.300000e-01
6.990090e-02 9.310000e-01
6.899094e-02 9.320000e-01
6.807646e-02 9.330000e-01
6.715754e-02 9.340000e-01
6.623423e-02 9.350000e-01
6.530660e-02 9.360000e-01
6.437473e-02 9.370000e-01
6.343867e-02 9.380000e-01
6.249850e-02 9.390000e-01
6.155428e-02 9.400000e-01
6.060607e-02 9.410000e-01
5.965394e-02 9.420000e-01
5.869797e-02 9.430000e-01
5.773821e-02 9.440000e-01
5.677473e-02 9.450000e-01
5.580760e-02 9.460000e-01
5.483688e-02 9.470000e-01
5.386264e-02 9.480000e-01
5.288496e-02 9.490000e-01
5.190388e-02 9.500000e-01
5.091949e-02 9.510000e-01
4.993184e-02 9.520000e-01
4.894100e-02 9.530000e-01
4.794705e-02 9.540000e-01
4.695004e-02 9.550000e-01
4.595004e-02 9.560000e-01
4.494712e-02 9.570000e-01
4.394134e-02 9.580000e-01
4.293278e-02 9.590000e-01
4.192149e-02 9.600000e-01
4.090755e-02 9.610000e-01
3.989102e-02 9.620000e-01
3.887197e-02 9.630000e-01
3.785046e-02 9.640000e-01
3.682655e-02 9.650000e-01
3.580033e-02 9.660000e-01
3.477185e-02 9.670000e-01
3.374117e-02 9.680000e-01
3.270837e-02 9.690000e-01
3.167352e-02 9.700000e-01
3.063667e-02 9.710000e-01
2.959789e-02 9.720000e-01
2.855726e-02 9.730000e-01
2.751483e-02 9.740000e-01
2.647068e-02 9.750000e-01
2.542486e-02 9.760000e-01
2.437746e-02 9.770000e-01
2.332852e-02 9.780000e-01
2.227813e-02 9.790000e-01
2.122634e-02 9.800000e-01
2.017322e-02 9.810000e-01
1.911885e-02 9.820000e-01
1.806327e-02 9.830000e-01
1.700657e-02 9.840000e-01
1.594880e-02 9.850000e-01
1.489004e-02 9.860000e-01
1.383035e-02 9.870000e-01
1.276980e-02 9.880000e-01
1.170845e-02 9.890000e-01
1.064637e-02 9.900000e-01
9.583625e-03 9.910000e-01
8.520283e-03 9.920000e-01
7.456409e-03 9.930000e-01
6.392071e-03 9.940000e-01
5.327335e-03 9.950000e-01
4.262266e-03 9.960000e-01
3.196932e-03 9.970000e-01
2.131399e-03 9.980000e-01
1.065733e-03 9.990000e-01
