0.000000e+00 0.000000e+00 -1.000000e+00
8.881784e-16 8.610937e-03 -9.990000e-01
0.000000e+00 1.717397e-02 -9.980000e-01
8.881784e-16 2.568921e-02 -9.970000e-01
8.881784e-16 3.415674e-02 -9.960000e-01
8.881784e-16 4.257667e-02 -9.950000e-01
0.000000e+00 5.094910e-02 -9.940000e-01
8.881784e-16 5.927413e-02 -9.930000e-01
8.881784e-16 6.755185e-02 -9.920000e-01
8.881784e-16 7.578237e-02 -9.910000e-01
0.000000e+00 8.396578e-02 -9.900000e-01
8.881784e-16 9.210218e-02 -9.890000e-01
8.881784e-16 1.001917e-01 -9.880000e-01
0.000000e+00 1.082344e-01 -9.870000e-01
0.000000e+00 1.162304e-01 -9.860000e-01
8.881784e-16 1.241797e-01 -9.850000e-01
8.881784e-16 1.320826e-01 -9.840000e-01
8.881784e-16 1.399391e-01 -9.830000e-01
8.881784e-16 1.477492e-01 -9.820000e-01
1.776357e-15 1.555132e-01 -9.810000e-01
8.881784e-16 1.632310e-01 -9.800000e-01
0.000000e+00 1.709028e-01 -9.790000e-01
0.000000e+00 1.785287e-01 -9.780000e-01
8.881784e-16 1.861088e-01 -9.770000e-01
0.000000e+00 1.936432e-01 -9.760000e-01
0.000000e+00 2.011319e-01 -9.750000e-01
8.881784e-16 2.085752e-01 -9.740000e-01
8.881784e-16 2.159730e-01 -9.730000e-01
0.000000e+00 2.233256e-01 -9.720000e-01
1.776357e-15 2.306329e-01 -9.710000e-01
8.881784e-16 2.378950e-01 -9.700000e-01
0.000000e+00 2.451122e-01 -9.690000e-01
0.000000e+00 2.522845e-01 -9.680000e-01
8.881784e-16 2.594119e-01 -9.670000e-01
8.881784e-16 2.664946e-01 -9.660000e-01
0.000000e+00 2.735327e-01 -9.650000e-01
0.000000e+00 2.805263e-01 -9.640000e-01
0.000000e+00 2.874755e-01 -9.630000e-01
8.881784e-16 2.943803e-01 -9.620000e-01
8.881784e-16 3.012409e-01 -9.610000e-01
8.881784e-16 3.080574e-01 -9.600000e-01
8.881784e-16 3.148299e-01 -9.590000e-01
8.881784e-16 3.215584e-01 -9.580000e-01
8.881784e-16 3.282431e-01 -9.570000e-01
0.000000e+00 3.348841e-01 -9.560000e-01
1.776357e-15 3.414815e-01 -9.550000e-01
0.000000e+00 3.480353e-01 -9.540000e-01
0.000000e+00 3.545458e-01 -9.530000e-01
0.000000e+00 3.610129e-01 -9.520000e-01
8.881784e-16 3.674367e-01 -9.510000e-01
8.881784e-16 3.738175e-01 -9.500000e-01
8.881784e-16 3.801552e-01 -9.490000e-01
4.440892e-16 3.864499e-01 -9.480000e-01
0.000000e+00 3.927019e-01 -9.470000e-01
0.000000e+00 3.989111e-01 -9.460000e-01
1.776357e-15 4.050777e-01 -9.450000e-01
8.881784e-16 4.112018e-01 -9.440000e-01
1.332268e-15 4.172834e-01 -9.430000e-01
4.440892e-16 4.233227e-01 -9.420000e-01
1.332268e-15 4.293197e-01 -9.410000e-01
4.440892e-16 4.352747e-01 -9.400000e-01
0.000000e+00 4.411876e-01 -9.390000e-01
8.881784e-16 4.470585e-01 -9.380000e-01
4.440892e-16 4.528876e-01 -9.370000e-01
8.881784e-16 4.586750e-01 -9.360000e-01
8.881784e-16 4.644208e-01 -9.350000e-01
4.440892e-16 4.701250e-01 -9.340000e-01
8.881784e-16 4.757878e-01 -9.330000e-01
8.881784e-16 4.814092e-01 -9.320000e-01
0.000000e+00 4.869894e-01 -9.310000e-01
0.000000e+00 4.925284e-01 -9.300000e-01
8.881784e-16 4.980265e-01 -9.290000e-01
4.440892e-16 5.034835e-01 -9.280000e-01
1.332268e-15 5.088998e-01 -9.270000e-01
8.881784e-16 5.142753e-01 -9.260000e-01
0.000000e+00 5.196101e-01 -9.250000e-01
4.440892e-16 5.249044e-01 -9.240000e-01
0.000000e+00 5.301583e-01 -9.230000e-01
4.440892e-16 5.353718e-01 -9.220000e-01
4.440892e-16 5.405451e-01 -9.210000e-01
0.000000e+00 5.456782e-01 -9.200000e-01
8.881784e-16 5.507713e-01 -9.190000e-01
1.332268e-15 5.558244e-01 -9.180000e-01
4.440892e-16 5.608377e-01 -9.170000e-01
4.440892e-16 5.658113e-01 -9.160000e-01
4.440892e-16 5.707452e-01 -9.150000e-01
4.440892e-16 5.756395e-01 -9.140000e-01
8.881784e-16 5.804944e-01 -9.130000e-01
4.440892e-16 5.853100e-01 -9.120000e-01
0.000000e+00 5.900863e-01 -9.110000e-01
4.440892e-16 5.948234e-01 -9.100000e-01
0.000000e+00 5.995215e-01 -9.090000e-01
0.000000e+00 6.041807e-01 -9.080000e-01
4.440892e-16 6.088010e-01 -9.070000e-01
0.000000e+00 6.133825e-01 -9.060000e-01
1.332268e-15 6.179254e-01 -9.050000e-01
0.000000e+00 6.224297e-01 -9.040000e-01
4.440892e-16 6.268956e-01 -9.030000e-01
4.440892e-16 6.313231e-01 -9.020000e-01
4.440892e-16 6.357124e-01 -9.010000e-01
0.000000e+00 6.400635e-01 -9.000000e-01
0.000000e+00 6.443765e-01 -8.990000e-01
4.440892e-16 6.486516e-01 -8.980000e-01
4.440892e-16 6.528889e-01 -8.970000e-01
4.440892e-16 6.570883e-01 -8.960000e-01
1.332268e-15 6.612502e-01 -8.950000e-01
4.440892e-16 6.653744e-01 -8.940000e-01
4.440892e-16 6.694612e-01 -8.930000e-01
0.000000e+00 6.735107e-01 -8.920000e-01
8.881784e-16 6.775228e-01 -8.910000e-01
0.000000e+00 6.814978e-01 -8.900000e-01
4.440892e-16 6.854358e-01 -8.890000e-01
0.000000e+00 6.893368e-01 -8.880000e-01
4.440892e-16 6.932009e-01 -8.870000e-01
4.440892e-16 6.970283e-01 -8.860000e-01
8.881784e-16 7.008189e-01 -8.850000e-01
0.000000e+00 7.045731e-01 -8.840000e-01
4.440892e-16 7.082907e-01 -8.830000e-01
0.000000e+00 7.119720e-01 -8.820000e-01
0.000000e+00 7.156170e-01 -8.810000e-01
0.000000e+00 7.192259e-01 -8.800000e-01
4.440892e-16 7.227987e-01 -8.790000e-01
4.440892e-16 7.263355e-01 -8.780000e-01
4.440892e-16 7.298365e-01 -8.770000e-01
4.440892e-16 7.333016e-01 -8.760000e-01
4.440892e-16 7.367312e-01 -8.750000e-01
4.440892e-16 7.401251e-01 -8.740000e-01
0.000000e+00 7.434836e-01 -8.730000e-01
0.000000e+00 7.468066e-01 -8.720000e-01
8.881784e-16 7.500945e-01 -8.710000e-01
0.000000e+00 7.533471e-01 -8.700000e-01
4.440892e-16 7.565647e-01 -8.690000e-01
0.000000e+00 7.597473e-01 -8.680000e-01
4.440892e-16 7.628950e-01 -8.670000e-01
4.440892e-16 7.660079e-01 -8.660000e-01
4.440892e-16 7.690862e-01 -8.650000e-01
0.000000e+00 7.721299e-01 -8.640000e-01
4.440892e-16 7.751391e-01 -8.630000e-01
8.881784e-16 7.781140e-01 -8.620000e-01
4.440892e-16 7.810545e-01 -8.610000e-01
0.000000e+00 7.839609e-01 -8.600000e-01
8.881784e-16 7.868332e-01 -8.590000e-01
4.440892e-16 7.896715e-01 -8.580000e-01
4.440892e-16 7.924759e-01 -8.570000e-01
0.000000e+00 7.952466e-01 -8.560000e-01
1.332268e-15 7.979836e-01 -8.550000e-01
4.440892e-16 8.006870e-01 -8.540000e-01
8.881784e-16 8.033569e-01 -8.530000e-01
4.440892e-16 8.059934e-01 -8.520000e-01
4.440892e-16 8.085966e-01 -8.510000e-01
4.440892e-16 8.111667e-01 -8.500000e-01
4.440892e-16 8.137036e-01 -8.490000e-01
0.000000e+00 8.162076e-01 -8.480000e-01
4.440892e-16 8.186787e-01 -8.470000e-01
0.000000e+00 8.211170e-01 -8.460000e-01
4.440892e-16 8.235226e-01 -8.450000e-01
8.881784e-16 8.258957e-01 -8.440000e-01
8.881784e-16 8.282362e-01 -8.430000e-01
0.000000e+00 8.305443e-01 -8.420000e-01
0.000000e+00 8.328202e-01 -8.410000e-01
4.440892e-16 8.350639e-01 -8.400000e-01
0.000000e+00 8.372755e-01 -8.390000e-01
0.000000e+00 8.394550e-01 -8.380000e-01
4.440892e-16 8.416027e-01 -8.370000e-01
0.000000e+00 8.437186e-01 -8.360000e-01
4.440892e-16 8.458028e-01 -8.350000e-01
4.440892e-16 8.478554e-01 -8.340000e-01
8.881784e-16 8.498766e-01 -8.330000e-01
0.000000e+00 8.518663e-01 -8.320000e-01
4.440892e-16 8.538247e-01 -8.310000e-01
0.000000e+00 8.557519e-01 -8.300000e-01
0.000000e+00 8.576481e-01 -8.290000e-01
4.440892e-16 8.595132e-01 -8.280000e-01
0.000000e+00 8.613474e-01 -8.270000e-01
8.881784e-16 8.631509e-01 -8.260000e-01
8.881784e-16 8.649236e-01 -8.250000e-01
8.881784e-16 8.666657e-01 -8.240000e-01
2.220446e-16 8.683774e-01 -8.230000e-01
2.220446e-16 8.700586e-01 -8.220000e-01
4.440892e-16 8.717096e-01 -8.210000e-01
2.220446e-16 8.733303e-01 -8.200000e-01
4.440892e-16 8.749209e-01 -8.190000e-01
4.440892e-16 8.764815e-01 -8.180000e-01
6.661338e-16 8.780123e-01 -8.170000e-01
2.220446e-16 8.795132e-01 -8.160000e-01
0.000000e+00 8.809844e-01 -8.150000e-01
2.220446e-16 8.824260e-01 -8.140000e-01
4.440892e-16 8.838381e-01 -8.130000e-01
6.661338e-16 8.852208e-01 -8.120000e-01
1.110223e-15 8.865742e-01 -8.110000e-01
4.440892e-16 8.878983e-01 -8.100000e-01
4.440892e-16 8.891934e-01 -8.090000e-01
0.000000e+00 8.904595e-01 -8.080000e-01
8.881784e-16 8.916966e-01 -8.070000e-01
0.000000e+00 8.929050e-01 -8.060000e-01
0.000000e+00 8.940846e-01 -8.050000e-01
6.661338e-16 8.952356e-01 -8.040000e-01
0.000000e+00 8.963581e-01 -8.030000e-01
8.881784e-16 8.974522e-01 -8.020000e-01
4.440892e-16 8.985180e-01 -8.010000e-01
4.440892e-16 8.995556e-01 -8.000000e-01
0.000000e+00 9.005650e-01 -7.990000e-01
4.440892e-16 9.015464e-01 -7.980000e-01
2.220446e-16 9.025000e-01 -7.970000e-01
0.000000e+00 9.034257e-01 -7.960000e-01
2.220446e-16 9.043237e-01 -7.950000e-01
4.440892e-16 9.051940e-01 -7.940000e-01
0.000000e+00 9.060369e-01 -7.930000e-01
2.220446e-16 9.068523e-01 -7.920000e-01
6.661338e-16 9.076404e-01 -7.910000e-01
0.000000e+00 9.084013e-01 -7.900000e-01
6.661338e-16 9.091351e-01 -7.890000e-01
4.440892e-16 9.098419e-01 -7.880000e-01
4.440892e-16 9.105217e-01 -7.870000e-01
4.440892e-16 9.111747e-01 -7.860000e-01
0.000000e+00 9.118010e-01 -7.850000e-01
6.661338e-16 9.124007e-01 -7.840000e-01
4.440892e-16 9.129738e-01 -7.830000e-01
0.000000e+00 9.135205e-01 -7.820000e-01
4.440892e-16 9.140409e-01 -7.810000e-01
2.220446e-16 9.145351e-01 -7.800000e-01
0.000000e+00 9.150032e-01 -7.790000e-01
0.000000e+00 9.154452e-01 -7.780000e-01
2.220446e-16 9.158613e-01 -7.770000e-01
0.000000e+00 9.162515e-01 -7.760000e-01
4.440892e-16 9.166161e-01 -7.750000e-01
0.000000e+00 9.169550e-01 -7.740000e-01
4.440892e-16 9.172684e-01 -7.730000e-01
2.220446e-16 9.175563e-01 -7.720000e-01
0.000000e+00 9.178189e-01 -7.710000e-01
0.000000e+00 9.180563e-01 -7.700000e-01
2.220446e-16 9.182686e-01 -7.690000e-01
8.881784e-16 9.184558e-01 -7.680000e-01
6.661338e-16 9.186181e-01 -7.670000e-01
4.440892e-16 9.187556e-01 -7.660000e-01
2.220446e-16 9.188683e-01 -7.650000e-01
0.000000e+00 9.189564e-01 -7.640000e-01
4.440892e-16 9.190199e-01 -7.630000e-01
0.000000e+00 9.190590e-01 -7.620000e-01
2.220446e-16 9.190738e-01 -7.610000e-01
0.000000e+00 9.190644e-01 -7.600000e-01
0.000000e+00 9.190308e-01 -7.590000e-01
2.220446e-16 9.189732e-01 -7.580000e-01
0.000000e+00 9.188916e-01 -7.570000e-01
0.000000e+00 9.187862e-01 -7.560000e-01
4.440892e-16 9.186571e-01 -7.550000e-01
4.440892e-16 9.185043e-01 -7.540000e-01
2.220446e-16 9.183279e-01 -7.530000e-01
4.440892e-16 9.181282e-01 -7.520000e-01
4.440892e-16 9.179051e-01 -7.510000e-01
2.220446e-16 9.176587e-01 -7.500000e-01
4.440892e-16 9.173892e-01 -7.490000e-01
0.000000e+00 9.170967e-01 -7.480000e-01
4.440892e-16 9.167812e-01 -7.470000e-01
4.440892e-16 9.164429e-01 -7.460000e-01
0.000000e+00 9.160818e-01 -7.450000e-01
4.440892e-16 9.156981e-01 -7.440000e-01
2.220446e-16 9.152919e-01 -7.430000e-01
4.440892e-16 9.148632e-01 -7.420000e-01
0.000000e+00 9.144121e-01 -7.410000e-01
2.220446e-16 9.139388e-01 -7.400000e-01
2.220446e-16 9.134433e-01 -7.390000e-01
2.220446e-16 9.129258e-01 -7.380000e-01
0.000000e+00 9.123864e-01 -7.370000e-01
6.661338e-16 9.118251e-01 -7.360000e-01
2.220446e-16 9.112420e-01 -7.350000e-01
3.330669e-16 9.106373e-01 -7.340000e-01
0.000000e+00 9.100111e-01 -7.330000e-01
2.220446e-16 9.093634e-01 -7.320000e-01
0.000000e+00 9.086943e-01 -7.310000e-01
6.661338e-16 9.080040e-01 -7.300000e-01
1.110223e-16 9.072925e-01 -7.290000e-01
2.220446e-16 9.065600e-01 -7.280000e-01
2.220446e-16 9.058065e-01 -7.270000e-01
2.220446e-16 9.050322e-01 -7.260000e-01
2.220446e-16 9.042371e-01 -7.250000e-01
2.220446e-16 9.034214e-01 -7.240000e-01
1.110223e-16 9.025850e-01 -7.230000e-01
6.661338e-16 9.017283e-01 -7.220000e-01
1.110223e-16 9.008512e-01 -7.210000e-01
1.110223e-16 8.999538e-01 -7.200000e-01
5.551115e-16 8.990362e-01 -7.190000e-01
2.220446e-16 8.980986e-01 -7.180000e-01
0.000000e+00 8.971411e-01 -7.170000e-01
3.330669e-16 8.961636e-01 -7.160000e-01
3.330669e-16 8.951665e-01 -7.150000e-01
6.661338e-16 8.941496e-01 -7.140000e-01
1.110223e-16 8.931132e-01 -7.130000e-01
2.220446e-16 8.920573e-01 -7.120000e-01
2.220446e-16 8.909821e-01 -7.110000e-01
2.220446e-16 8.898876e-01 -7.100000e-01
4.440892e-16 8.887739e-01 -7.090000e-01
6.661338e-16 8.876411e-01 -7.080000e-01
0.000000e+00 8.864894e-01 -7.070000e-01
0.000000e+00 8.853189e-01 -7.060000e-01
2.220446e-16 8.841295e-01 -7.050000e-01
2.220446e-16 8.829215e-01 -7.040000e-01
0.000000e+00 8.816949e-01 -7.030000e-01
0.000000e+00 8.804499e-01 -7.020000e-01
2.220446e-16 8.791865e-01 -7.010000e-01
4.440892e-16 8.779048e-01 -7.000000e-01
1.110223e-16 8.766049e-01 -6.990000e-01
4.440892e-16 8.752870e-01 -6.980000e-01
4.440892e-16 8.739511e-01 -6.970000e-01
3.330669e-16 8.725973e-01 -6.960000e-01
0.000000e+00 8.712257e-01 -6.950000e-01
1.110223e-16 8.698365e-01 -6.940000e-01
5.551115e-16 8.684297e-01 -6.930000e-01
2.220446e-16 8.670054e-01 -6.920000e-01
0.000000e+00 8.655638e-01 -6.910000e-01
2.220446e-16 8.641048e-01 -6.900000e-01
1.110223e-16 8.626287e-01 -6.890000e-01
6.661338e-16 8.611355e-01 -6.880000e-01
4.440892e-16 8.596254e-01 -6.870000e-01
2.220446e-16 8.580983e-01 -6.860000e-01
2.220446e-16 8.565545e-01 -6.850000e-01
2.220446e-16 8.549940e-01 -6.840000e-01
0.000000e+00 8.534169e-01 -6.830000e-01
4.996004e-16 8.518233e-01 -6.820000e-01
3.330669e-16 8.502134e-01 -6.810000e-01
4.440892e-16 8.485872e-01 -6.800000e-01
4.440892e-16 8.469448e-01 -6.790000e-01
1.665335e-16 8.452863e-01 -6.780000e-01
6.106227e-16 8.436118e-01 -6.770000e-01
3.330669e-16 8.419214e-01 -6.760000e-01
1.110223e-16 8.402153e-01 -6.750000e-01
4.996004e-16 8.384934e-01 -6.740000e-01
4.440892e-16 8.367560e-01 -6.730000e-01
2.220446e-16 8.350031e-01 -6.720000e-01
0.000000e+00 8.332348e-01 -6.710000e-01
2.220446e-16 8.314512e-01 -6.700000e-01
2.220446e-16 8.296525e-01 -6.690000e-01
4.996004e-16 8.278386e-01 -6.680000e-01
2.220446e-16 8.260098e-01 -6.670000e-01
1.110223e-16 8.241660e-01 -6.660000e-01
3.885781e-16 8.223075e-01 -6.650000e-01
1.110223e-16 8.204343e-01 -6.640000e-01
0.000000e+00 8.185464e-01 -6.630000e-01
4.440892e-16 8.166441e-01 -6.620000e-01
1.110223e-16 8.147274e-01 -6.610000e-01
3.330669e-16 8.127964e-01 -6.600000e-01
3.885781e-16 8.108513e-01 -6.590000e-01
3.330669e-16 8.088920e-01 -6.580000e-01
5.551115e-17 8.069187e-01 -6.570000e-01
1.110223e-16 8.049315e-01 -6.560000e-01
1.110223e-16 8.029305e-01 -6.550000e-01
1.665335e-16 8.009159e-01 -6.540000e-01
4.440892e-16 7.988876e-01 -6.530000e-01
1.110223e-16 7.968458e-01 -6.520000e-01
2.775558e-16 7.947907e-01 -6.510000e-01
1.665335e-16 7.927222e-01 -6.500000e-01
3.330669e-16 7.906406e-01 -6.490000e-01
2.220446e-16 7.885458e-01 -6.480000e-01
2.775558e-16 7.864380e-01 -6.470000e-01
2.775558e-16 7.843174e-01 -6.460000e-01
3.885781e-16 7.821839e-01 -6.450000e-01
1.110223e-16 7.800377e-01 -6.440000e-01
1.665335e-16 7.778790e-01 -6.430000e-01
2.220446e-16 7.757077e-01 -6.420000e-01
4.440892e-16 7.735240e-01 -6.410000e-01
2.775558e-16 7.713280e-01 -6.400000e-01
1.110223e-16 7.691198e-01 -6.390000e-01
0.000000e+00 7.668995e-01 -6.380000e-01
3.330669e-16 7.646672e-01 -6.370000e-01
2.220446e-16 7.624230e-01 -6.360000e-01
5.551115e-17 7.601670e-01 -6.350000e-01
5.551115e-17 7.578992e-01 -6.340000e-01
2.220446e-16 7.556199e-01 -6.330000e-01
1.110223e-16 7.533290e-01 -6.320000e-01
5.551115e-17 7.510268e-01 -6.310000e-01
1.110223e-16 7.487132e-01 -6.300000e-01
4.440892e-16 7.463884e-01 -6.290000e-01
3.330669e-16 7.440525e-01 -6.280000e-01
2.775558e-16 7.417056e-01 -6.270000e-01
3.330669e-16 7.393478e-01 -6.260000e-01
1.665335e-16 7.369792e-01 -6.250000e-01
4.996004e-16 7.345998e-01 -6.240000e-01
5.551115e-17 7.322099e-01 -6.230000e-01
2.220446e-16 7.298094e-01 -6.220000e-01
5.551115e-16 7.273985e-01 -6.210000e-01
3.330669e-16 7.249773e-01 -6.200000e-01
2.220446e-16 7.225458e-01 -6.190000e-01
2.220446e-16 7.201043e-01 -6.180000e-01
2.220446e-16 7.176527e-01 -6.170000e-01
3.330669e-16 7.151912e-01 -6.160000e-01
0.000000e+00 7.127199e-01 -6.150000e-01
3.885781e-16 7.102389e-01 -6.140000e-01
4.440892e-16 7.077483e-01 -6.130000e-01
1.110223e-16 7.052481e-01 -6.120000e-01
5.551115e-17 7.027385e-01 -6.110000e-01
0.000000e+00 7.002196e-01 -6.100000e-01
5.551115e-17 6.976915e-01 -6.090000e-01
1.665335e-16 6.951542e-01 -6.080000e-01
1.110223e-16 6.926080e-01 -6.070000e-01
2.220446e-16 6.900528e-01 -6.060000e-01
1.387779e-16 6.874887e-01 -6.050000e-01
2.220446e-16 6.849160e-01 -6.040000e-01
1.665335e-16 6.823346e-01 -6.030000e-01
2.775558e-16 6.797447e-01 -6.020000e-01
1.665335e-16 6.771463e-01 -6.010000e-01
1.387779e-16 6.745397e-01 -6.000000e-01
4.163336e-16 6.719248e-01 -5.990000e-01
5.551115e-17 6.693018e-01 -5.980000e-01
1.942890e-16 6.666707e-01 -5.970000e-01
3.053113e-16 6.640317e-01 -5.960000e-01
3.053113e-16 6.613849e-01 -5.950000e-01
1.665335e-16 6.587304e-01 -5.940000e-01
4.163336e-16 6.560682e-01 -5.930000e-01
3.885781e-16 6.533985e-01 -5.920000e-01
4.163336e-16 6.507214e-01 -5.910000e-01
1.110223e-16 6.480369e-01 -5.900000e-01
2.220446e-16 6.453452e-01 -5.890000e-01
3.330669e-16 6.426463e-01 -5.880000e-01
1.110223e-16 6.399405e-01 -5.870000e-01
1.110223e-16 6.372276e-01 -5.860000e-01
4.163336e-16 6.345080e-01 -5.850000e-01
2.220446e-16 6.317816e-01 -5.840000e-01
1.665335e-16 6.290486e-01 -5.830000e-01
1.942890e-16 6.263090e-01 -5.820000e-01
4.163336e-16 6.235630e-01 -5.810000e-01
2.775558e-17 6.208107e-01 -5.800000e-01
0.000000e+00 6.180521e-01 -5.790000e-01
1.665335e-16 6.152874e-01 -5.780000e-01
5.551115e-17 6.125166e-01 -5.770000e-01
3.885781e-16 6.097399e-01 -5.760000e-01
1.942890e-16 6.069573e-01 -5.750000e-01
1.665335e-16 6.041690e-01 -5.740000e-01
4.163336e-16 6.013751e-01 -5.730000e-01
8.326673e-17 5.985756e-01 -5.720000e-01
2.775558e-17 5.957707e-01 -5.710000e-01
1.942890e-16 5.929604e-01 -5.700000e-01
3.053113e-16 5.901449e-01 -5.690000e-01
2.775558e-17 5.873243e-01 -5.680000e-01
5.551115e-17 5.844986e-01 -5.670000e-01
2.775558e-17 5.816679e-01 -5.660000e-01
3.885781e-16 5.788324e-01 -5.650000e-01
3.885781e-16 5.759922e-01 -5.640000e-01
1.110223e-16 5.731473e-01 -5.630000e-01
2.220446e-16 5.702978e-01 -5.620000e-01
1.110223e-16 5.674439e-01 -5.610000e-01
2.220446e-16 5.645857e-01 -5.600000e-01
1.110223e-16 5.617231e-01 -5.590000e-01
1.110223e-16 5.588565e-01 -5.580000e-01
2.220446e-16 5.559858e-01 -5.570000e-01
2.220446e-16 5.531111e-01 -5.560000e-01
1.110223e-16 5.502326e-01 -5.550000e-01
3.885781e-16 5.473503e-01 -5.540000e-01
2.775558e-16 5.444644e-01 -5.530000e-01
1.110223e-16 5.415749e-01 -5.520000e-01
0.000000e+00 5.386820e-01 -5.510000e-01
5.551115e-17 5.357857e-01 -5.500000e-01
0.000000e+00 5.328862e-01 -5.490000e-01
5.551115e-17 5.299835e-01 -5.480000e-01
1.110223e-16 5.270777e-01 -5.470000e-01
1.665335e-16 5.241690e-01 -5.460000e-01
1.665335e-16 5.212574e-01 -5.450000e-01
4.996004e-16 5.183430e-01 -5.440000e-01
1.665335e-16 5.154260e-01 -5.430000e-01
1.110223e-16 5.125065e-01 -5.420000e-01
3.330669e-16 5.095845e-01 -5.410000e-01
1.665335e-16 5.066601e-01 -5.400000e-01
5.551115e-17 5.037334e-01 -5.390000e-01
4.440892e-16 5.008046e-01 -5.380000e-01
2.775558e-16 4.978737e-01 -5.370000e-01
3.330669e-16 4.949409e-01 -5.360000e-01
1.110223e-16 4.920062e-01 -5.350000e-01
1.110223e-16 4.890697e-01 -5.340000e-01
5.551115e-16 4.861316e-01 -5.330000e-01
1.110223e-16 4.831918e-01 -5.320000e-01
0.000000e+00 4.802507e-01 -5.310000e-01
5.551115e-17 4.773081e-01 -5.300000e-01
3.885781e-16 4.743643e-01 -5.290000e-01
3.330669e-16 4.714193e-01 -5.280000e-01
0.000000e+00 4.684733e-01 -5.270000e-01
3.330669e-16 4.655263e-01 -5.260000e-01
2.220446e-16 4.625784e-01 -5.250000e-01
3.330669e-16 4.596297e-01 -5.240000e-01
1.110223e-16 4.566804e-01 -5.230000e-01
1.110223e-16 4.537305e-01 -5.220000e-01
3.330669e-16 4.507801e-01 -5.210000e-01
3.885781e-16 4.478293e-01 -5.200000e-01
0.000000e+00 4.448783e-01 -5.190000e-01
2.220446e-16 4.419271e-01 -5.180000e-01
4.440892e-16 4.389758e-01 -5.170000e-01
2.775558e-16 4.360246e-01 -5.160000e-01
2.220446e-16 4.330734e-01 -5.150000e-01
1.665335e-16 4.301225e-01 -5.140000e-01
4.440892e-16 4.271719e-01 -5.130000e-01
2.220446e-16 4.242218e-01 -5.120000e-01
0.000000e+00 4.212721e-01 -5.110000e-01
2.220446e-16 4.183231e-01 -5.100000e-01
1.665335e-16 4.153748e-01 -5.090000e-01
3.330669e-16 4.124273e-01 -5.080000e-01
1.110223e-16 4.094808e-01 -5.070000e-01
2.220446e-16 4.065352e-01 -5.060000e-01
2.775558e-16 4.035908e-01 -5.050000e-01
1.665335e-16 4.006476e-01 -5.040000e-01
5.551115e-17 3.977057e-01 -5.030000e-01
2.220446e-16 3.947652e-01 -5.020000e-01
4.996004e-16 3.918262e-01 -5.010000e-01
2.220446e-16 3.888889e-01 -5.000000e-01
1.110223e-16 3.859533e-01 -4.990000e-01
2.220446e-16 3.830194e-01 -4.980000e-01
0.000000e+00 3.800875e-01 -4.970000e-01
2.220446e-16 3.771576e-01 -4.960000e-01
1.110223e-16 3.742298e-01 -4.950000e-01
2.220446e-16 3.713043e-01 -4.940000e-01
3.330669e-16 3.683810e-01 -4.930000e-01
2.220446e-16 3.654602e-01 -4.920000e-01
0.000000e+00 3.625418e-01 -4.910000e-01
1.110223e-16 3.596261e-01 -4.900000e-01
1.110223e-16 3.567131e-01 -4.890000e-01
1.110223e-16 3.538029e-01 -4.880000e-01
1.110223e-16 3.508956e-01 -4.870000e-01
2.220446e-16 3.479912e-01 -4.860000e-01
3.330669e-16 3.450901e-01 -4.850000e-01
2.220446e-16 3.421921e-01 -4.840000e-01
1.110223e-16 3.392974e-01 -4.830000e-01
1.110223e-16 3.364061e-01 -4.820000e-01
2.220446e-16 3.335183e-01 -4.810000e-01
3.330669e-16 3.306342e-01 -4.800000e-01
0.000000e+00 3.277537e-01 -4.790000e-01
1.110223e-16 3.248770e-01 -4.780000e-01
2.220446e-16 3.220043e-01 -4.770000e-01
1.110223e-16 3.191355e-01 -4.760000e-01
1.110223e-16 3.162708e-01 -4.750000e-01
2.220446e-16 3.134104e-01 -4.740000e-01
0.000000e+00 3.105542e-01 -4.730000e-01
2.220446e-16 3.077024e-01 -4.720000e-01
0.000000e+00 3.048552e-01 -4.710000e-01
1.110223e-16 3.020125e-01 -4.700000e-01
3.330669e-16 2.991745e-01 -4.690000e-01
2.220446e-16 2.963414e-01 -4.680000e-01
1.110223e-16 2.935131e-01 -4.670000e-01
2.220446e-16 2.906898e-01 -4.660000e-01
2.220446e-16 2.878716e-01 -4.650000e-01
2.220446e-16 2.850586e-01 -4.640000e-01
1.110223e-16 2.822509e-01 -4.630000e-01
3.330669e-16 2.794486e-01 -4.620000e-01
3.330669e-16 2.766518e-01 -4.610000e-01
1.110223e-16 2.738606e-01 -4.600000e-01
1.110223e-16 2.710750e-01 -4.590000e-01
2.220446e-16 2.682953e-01 -4.580000e-01
2.220446e-16 2.655214e-01 -4.570000e-01
4.440892e-16 2.627536e-01 -4.560000e-01
1.110223e-16 2.599918e-01 -4.550000e-01
2.220446e-16 2.572362e-01 -4.540000e-01
3.330669e-16 2.544869e-01 -4.530000e-01
1.110223e-16 2.517440e-01 -4.520000e-01
2.220446e-16 2.490076e-01 -4.510000e-01
3.330669e-16 2.462778e-01 -4.500000e-01
2.220446e-16 2.435546e-01 -4.490000e-01
3.330669e-16 2.408383e-01 -4.480000e-01
0.000000e+00 2.381288e-01 -4.470000e-01
2.220446e-16 2.354263e-01 -4.460000e-01
3.330669e-16 2.327309e-01 -4.450000e-01
3.330669e-16 2.300427e-01 -4.440000e-01
0.000000e+00 2.273617e-01 -4.430000e-01
2.220446e-16 2.246881e-01 -4.420000e-01
2.220446e-16 2.220221e-01 -4.410000e-01
2.220446e-16 2.193636e-01 -4.400000e-01
0.000000e+00 2.167127e-01 -4.390000e-01
1.110223e-16 2.140697e-01 -4.380000e-01
4.440892e-16 2.114345e-01 -4.370000e-01
2.220446e-16 2.088073e-01 -4.360000e-01
1.110223e-16 2.061882e-01 -4.350000e-01
3.330669e-16 2.035773e-01 -4.340000e-01
2.220446e-16 2.009746e-01 -4.330000e-01
3.330669e-16 1.983804e-01 -4.320000e-01
0.000000e+00 1.957946e-01 -4.310000e-01
1.110223e-16 1.932173e-01 -4.300000e-01
1.110223e-16 1.906488e-01 -4.290000e-01
2.220446e-16 1.880890e-01 -4.280000e-01
0.000000e+00 1.855381e-01 -4.270000e-01
2.220446e-16 1.829962e-01 -4.260000e-01
2.220446e-16 1.804633e-01 -4.250000e-01
3.330669e-16 1.779396e-01 -4.240000e-01
0.000000e+00 1.754252e-01 -4.230000e-01
1.110223e-16 1.729201e-01 -4.220000e-01
4.440892e-16 1.704246e-01 -4.210000e-01
2.220446e-16 1.679385e-01 -4.200000e-01
1.110223e-16 1.654622e-01 -4.190000e-01
1.110223e-16 1.629956e-01 -4.180000e-01
4.440892e-16 1.605389e-01 -4.170000e-01
2.220446e-16 1.580922e-01 -4.160000e-01
0.000000e+00 1.556555e-01 -4.150000e-01
2.220446e-16 1.532290e-01 -4.140000e-01
4.440892e-16 1.508127e-01 -4.130000e-01
2.220446e-16 1.484069e-01 -4.120000e-01
2.220446e-16 1.460115e-01 -4.110000e-01
2.220446e-16 1.436266e-01 -4.100000e-01
2.220446e-16 1.412524e-01 -4.090000e-01
2.220446e-16 1.388890e-01 -4.080000e-01
0.000000e+00 1.365364e-01 -4.070000e-01
2.220446e-16 1.341948e-01 -4.060000e-01
5.551115e-16 1.318643e-01 -4.050000e-01
0.000000e+00 1.295449e-01 -4.040000e-01
1.110223e-16 1.272368e-01 -4.030000e-01
2.220446e-16 1.249400e-01 -4.020000e-01
2.220446e-16 1.226547e-01 -4.010000e-01
1.110223e-16 1.203810e-01 -4.000000e-01
0.000000e+00 1.181189e-01 -3.990000e-01
2.220446e-16 1.158685e-01 -3.980000e-01
3.330669e-16 1.136300e-01 -3.970000e-01
1.110223e-16 1.114035e-01 -3.960000e-01
1.110223e-16 1.091891e-01 -3.950000e-01
4.440892e-16 1.069867e-01 -3.940000e-01
2.220446e-16 1.047967e-01 -3.930000e-01
2.220446e-16 1.026190e-01 -3.920000e-01
1.110223e-16 1.004537e-01 -3.910000e-01
2.220446e-16 9.830102e-02 -3.900000e-01
3.330669e-16 9.616096e-02 -3.890000e-01
1.110223e-16 9.403366e-02 -3.880000e-01
2.220446e-16 9.191921e-02 -3.870000e-01
4.440892e-16 8.981771e-02 -3.860000e-01
1.110223e-16 8.772926e-02 -3.850000e-01
3.330669e-16 8.565396e-02 -3.840000e-01
0.000000e+00 8.359190e-02 -3.830000e-01
4.440892e-16 8.154320e-02 -3.820000e-01
4.440892e-16 7.950794e-02 -3.810000e-01
2.220446e-16 7.748622e-02 -3.800000e-01
1.110223e-16 7.547815e-02 -3.790000e-01
2.220446e-16 7.348383e-02 -3.780000e-01
3.330669e-16 7.150335e-02 -3.770000e-01
3.330669e-16 6.953682e-02 -3.760000e-01
0.000000e+00 6.758433e-02 -3.750000e-01
3.330669e-16 6.564598e-02 -3.740000e-01
4.440892e-16 6.372187e-02 -3.730000e-01
3.330669e-16 6.181211e-02 -3.720000e-01
1.110223e-16 5.991678e-02 -3.710000e-01
3.330669e-16 5.803600e-02 -3.700000e-01
3.330669e-16 5.616986e-02 -3.690000e-01
1.110223e-16 5.431845e-02 -3.680000e-01
0.000000e+00 5.248189e-02 -3.670000e-01
3.330669e-16 5.066026e-02 -3.660000e-01
4.440892e-16 4.885367e-02 -3.650000e-01
0.000000e+00 4.706222e-02 -3.640000e-01
2.220446e-16 4.528601e-02 -3.630000e-01
4.440892e-16 4.352513e-02 -3.620000e-01
1.110223e-16 4.177969e-02 -3.610000e-01
2.220446e-16 4.004978e-02 -3.600000e-01
0.000000e+00 3.833550e-02 -3.590000e-01
2.220446e-16 3.663696e-02 -3.580000e-01
4.440892e-16 3.495426e-02 -3.570000e-01
1.110223e-16 3.328748e-02 -3.560000e-01
1.110223e-16 3.163674e-02 -3.550000e-01
4.440892e-16 3.000213e-02 -3.540000e-01
2.220446e-16 2.838375e-02 -3.530000e-01
4.440892e-16 2.678170e-02 -3.520000e-01
0.000000e+00 2.519608e-02 -3.510000e-01
2.220446e-16 2.362698e-02 -3.500000e-01
4.440892e-16 2.207452e-02 -3.490000e-01
1.110223e-16 2.053879e-02 -3.480000e-01
1.110223e-16 1.901988e-02 -3.470000e-01
3.330669e-16 1.751790e-02 -3.460000e-01
2.220446e-16 1.603294e-02 -3.450000e-01
1.110223e-16 1.456512e-02 -3.440000e-01
0.000000e+00 1.311451e-02 -3.430000e-01
3.330669e-16 1.168123e-02 -3.420000e-01
4.440892e-16 1.026538e-02 -3.410000e-01
2.220446e-16 8.867048e-03 -3.400000e-01
1.110223e-16 7.486339e-03 -3.390000e-01
4.440892e-16 6.123353e-03 -3.380000e-01
2.220446e-16 4.778188e-03 -3.370000e-01
2.220446e-16 3.450945e-03 -3.360000e-01
1.110223e-16 2.141722e-03 -3.350000e-01
2.220446e-16 8.506194e-04 -3.340000e-01
2.220446e-16 7.397252e-04 -3.330000e-01
3.330669e-16 2.946730e-03 -3.320000e-01
1.110223e-16 5.135518e-03 -3.310000e-01
3.330669e-16 7.306143e-03 -3.300000e-01
1.110223e-16 9.458656e-03 -3.290000e-01
3.330669e-16 1.159311e-02 -3.280000e-01
1.110223e-16 1.370956e-02 -3.270000e-01
3.330669e-16 1.580805e-02 -3.260000e-01
2.220446e-16 1.788864e-02 -3.250000e-01
1.110223e-16 1.995138e-02 -3.240000e-01
0.000000e+00 2.199632e-02 -3.230000e-01
1.110223e-16 2.402352e-02 -3.220000e-01
1.110223e-16 2.603303e-02 -3.210000e-01
2.220446e-16 2.802489e-02 -3.200000e-01
0.000000e+00 2.999916e-02 -3.190000e-01
1.110223e-16 3.195590e-02 -3.180000e-01
2.220446e-16 3.389516e-02 -3.170000e-01
2.220446e-16 3.581698e-02 -3.160000e-01
1.110223e-16 3.772142e-02 -3.150000e-01
1.110223e-16 3.960854e-02 -3.140000e-01
0.000000e+00 4.147838e-02 -3.130000e-01
1.110223e-16 4.333100e-02 -3.120000e-01
1.110223e-16 4.516645e-02 -3.110000e-01
1.110223e-16 4.698478e-02 -3.100000e-01
1.110223e-16 4.878604e-02 -3.090000e-01
2.220446e-16 5.057029e-02 -3.080000e-01
1.110223e-16 5.233758e-02 -3.070000e-01
1.110223e-16 5.408797e-02 -3.060000e-01
2.220446e-16 5.582149e-02 -3.050000e-01
1.110223e-16 5.753821e-02 -3.040000e-01
0.000000e+00 5.923818e-02 -3.030000e-01
1.110223e-16 6.092145e-02 -3.020000e-01
0.000000e+00 6.258807e-02 -3.010000e-01
3.330669e-16 6.423810e-02 -3.000000e-01
1.110223e-16 6.587158e-02 -2.990000e-01
1.110223e-16 6.748857e-02 -2.980000e-01
1.110223e-16 6.908913e-02 -2.970000e-01
3.330669e-16 7.067329e-02 -2.960000e-01
1.110223e-16 7.224113e-02 -2.950000e-01
1.110223e-16 7.379268e-02 -2.940000e-01
1.110223e-16 7.532801e-02 -2.930000e-01
2.220446e-16 7.684715e-02 -2.920000e-01
1.110223e-16 7.835018e-02 -2.910000e-01
1.110223e-16 7.983713e-02 -2.900000e-01
1.110223e-16 8.130806e-02 -2.890000e-01
3.330669e-16 8.276302e-02 -2.880000e-01
1.110223e-16 8.420207e-02 -2.870000e-01
0.000000e+00 8.562525e-02 -2.860000e-01
2.220446e-16 8.703263e-02 -2.850000e-01
1.110223e-16 8.842424e-02 -2.840000e-01
2.220446e-16 8.980015e-02 -2.830000e-01
2.220446e-16 9.116040e-02 -2.820000e-01
0.000000e+00 9.250506e-02 -2.810000e-01
3.330669e-16 9.383416e-02 -2.800000e-01
0.000000e+00 9.514776e-02 -2.790000e-01
2.220446e-16 9.644593e-02 -2.780000e-01
1.110223e-16 9.772869e-02 -2.770000e-01
2.220446e-16 9.899612e-02 -2.760000e-01
1.110223e-16 1.002483e-01 -2.750000e-01
1.110223e-16 1.014852e-01 -2.740000e-01
2.220446e-16 1.027069e-01 -2.730000e-01
1.110223e-16 1.039135e-01 -2.720000e-01
0.000000e+00 1.051050e-01 -2.710000e-01
1.110223e-16 1.062815e-01 -2.700000e-01
2.220446e-16 1.074430e-01 -2.690000e-01
3.330669e-16 1.085896e-01 -2.680000e-01
0.000000e+00 1.097213e-01 -2.670000e-01
1.110223e-16 1.108382e-01 -2.660000e-01
1.110223e-16 1.119403e-01 -2.650000e-01
3.330669e-16 1.130278e-01 -2.640000e-01
2.220446e-16 1.141005e-01 -2.630000e-01
1.110223e-16 1.151587e-01 -2.620000e-01
1.110223e-16 1.162023e-01 -2.610000e-01
3.330669e-16 1.172314e-01 -2.600000e-01
2.220446e-16 1.182460e-01 -2.590000e-01
3.330669e-16 1.192463e-01 -2.580000e-01
2.220446e-16 1.202321e-01 -2.570000e-01
2.220446e-16 1.212038e-01 -2.560000e-01
1.110223e-16 1.221611e-01 -2.550000e-01
1.110223e-16 1.231043e-01 -2.540000e-01
1.110223e-16 1.240333e-01 -2.530000e-01
1.110223e-16 1.249483e-01 -2.520000e-01
0.000000e+00 1.258492e-01 -2.510000e-01
1.110223e-16 1.267361e-01 -2.500000e-01
2.220446e-16 1.276091e-01 -2.490000e-01
1.110223e-16 1.284682e-01 -2.480000e-01
0.000000e+00 1.293135e-01 -2.470000e-01
2.220446e-16 1.301451e-01 -2.460000e-01
2.220446e-16 1.309629e-01 -2.450000e-01
3.330669e-16 1.317670e-01 -2.440000e-01
1.110223e-16 1.325576e-01 -2.430000e-01
2.220446e-16 1.333345e-01 -2.420000e-01
1.110223e-16 1.340980e-01 -2.410000e-01
1.110223e-16 1.348480e-01 -2.400000e-01
0.000000e+00 1.355846e-01 -2.390000e-01
0.000000e+00 1.363078e-01 -2.380000e-01
2.220446e-16 1.370178e-01 -2.370000e-01
2.220446e-16 1.377145e-01 -2.360000e-01
1.110223e-16 1.383980e-01 -2.350000e-01
1.110223e-16 1.390683e-01 -2.340000e-01
2.220446e-16 1.397256e-01 -2.330000e-01
2.220446e-16 1.403698e-01 -2.320000e-01
0.000000e+00 1.410010e-01 -2.310000e-01
2.220446e-16 1.416193e-01 -2.300000e-01
0.000000e+00 1.422247e-01 -2.290000e-01
1.110223e-16 1.428173e-01 -2.280000e-01
0.000000e+00 1.433971e-01 -2.270000e-01
1.110223e-16 1.439642e-01 -2.260000e-01
2.220446e-16 1.445186e-01 -2.250000e-01
1.110223e-16 1.450604e-01 -2.240000e-01
2.220446e-16 1.455896e-01 -2.230000e-01
0.000000e+00 1.461063e-01 -2.220000e-01
0.000000e+00 1.466105e-01 -2.210000e-01
1.110223e-16 1.471023e-01 -2.200000e-01
2.220446e-16 1.475818e-01 -2.190000e-01
2.220446e-16 1.480490e-01 -2.180000e-01
2.220446e-16 1.485039e-01 -2.170000e-01
1.110223e-16 1.489466e-01 -2.160000e-01
2.220446e-16 1.493771e-01 -2.150000e-01
1.110223e-16 1.497955e-01 -2.140000e-01
2.220446e-16 1.502019e-01 -2.130000e-01
3.330669e-16 1.505963e-01 -2.120000e-01
1.110223e-16 1.509788e-01 -2.110000e-01
0.000000e+00 1.513494e-01 -2.100000e-01
1.110223e-16 1.517081e-01 -2.090000e-01
2.220446e-16 1.520551e-01 -2.080000e-01
0.000000e+00 1.523903e-01 -2.070000e-01
1.110223e-16 1.527138e-01 -2.060000e-01
2.220446e-16 1.530257e-01 -2.050000e-01
2.220446e-16 1.533261e-01 -2.040000e-01
0.000000e+00 1.536149e-01 -2.030000e-01
1.110223e-16 1.538922e-01 -2.020000e-01
2.220446e-16 1.541581e-01 -2.010000e-01
3.330669e-16 1.544127e-01 -2.000000e-01
0.000000e+00 1.546559e-01 -1.990000e-01
0.000000e+00 1.548879e-01 -1.980000e-01
2.220446e-16 1.551087e-01 -1.970000e-01
1.110223e-16 1.553183e-01 -1.960000e-01
2.220446e-16 1.555168e-01 -1.950000e-01
2.220446e-16 1.557043e-01 -1.940000e-01
1.110223e-16 1.558807e-01 -1.930000e-01
2.220446e-16 1.560462e-01 -1.920000e-01
0.000000e+00 1.562008e-01 -1.910000e-01
1.110223e-16 1.563446e-01 -1.900000e-01
2.220446e-16 1.564776e-01 -1.890000e-01
1.110223e-16 1.565998e-01 -1.880000e-01
1.110223e-16 1.567113e-01 -1.870000e-01
2.220446e-16 1.568123e-01 -1.860000e-01
2.220446e-16 1.569026e-01 -1.850000e-01
2.220446e-16 1.569824e-01 -1.840000e-01
1.665335e-16 1.570517e-01 -1.830000e-01
1.110223e-16 1.571106e-01 -1.820000e-01
1.665335e-16 1.571591e-01 -1.810000e-01
5.551115e-17 1.571973e-01 -1.800000e-01
5.551115e-17 1.572253e-01 -1.790000e-01
1.665335e-16 1.572430e-01 -1.780000e-01
0.000000e+00 1.572505e-01 -1.770000e-01
1.110223e-16 1.572480e-01 -1.760000e-01
5.551115e-17 1.572354e-01 -1.750000e-01
1.665335e-16 1.572127e-01 -1.740000e-01
2.775558e-16 1.571802e-01 -1.730000e-01
3.330669e-16 1.571377e-01 -1.720000e-01
5.551115e-17 1.570854e-01 -1.710000e-01
2.220446e-16 1.570232e-01 -1.700000e-01
1.110223e-16 1.569513e-01 -1.690000e-01
2.220446e-16 1.568698e-01 -1.680000e-01
2.220446e-16 1.567786e-01 -1.670000e-01
1.110223e-16 1.566778e-01 -1.660000e-01
2.775558e-16 1.565674e-01 -1.650000e-01
1.665335e-16 1.564476e-01 -1.640000e-01
1.110223e-16 1.563184e-01 -1.630000e-01
1.110223e-16 1.561797e-01 -1.620000e-01
2.220446e-16 1.560318e-01 -1.610000e-01
1.665335e-16 1.558745e-01 -1.600000e-01
1.110223e-16 1.557081e-01 -1.590000e-01
1.110223e-16 1.555325e-01 -1.580000e-01
2.220446e-16 1.553477e-01 -1.570000e-01
5.551115e-17 1.551539e-01 -1.560000e-01
1.110223e-16 1.549511e-01 -1.550000e-01
1.665335e-16 1.547393e-01 -1.540000e-01
1.110223e-16 1.545186e-01 -1.530000e-01
1.110223e-16 1.542890e-01 -1.520000e-01
1.110223e-16 1.540507e-01 -1.510000e-01
1.110223e-16 1.538036e-01 -1.500000e-01
1.110223e-16 1.535478e-01 -1.490000e-01
2.775558e-16 1.532833e-01 -1.480000e-01
5.551115e-17 1.530103e-01 -1.470000e-01
1.665335e-16 1.527287e-01 -1.460000e-01
1.665335e-16 1.524386e-01 -1.450000e-01
1.110223e-16 1.521400e-01 -1.440000e-01
0.000000e+00 1.518331e-01 -1.430000e-01
5.551115e-17 1.515179e-01 -1.420000e-01
1.110223e-16 1.511944e-01 -1.410000e-01
2.220446e-16 1.508626e-01 -1.400000e-01
0.000000e+00 1.505227e-01 -1.390000e-01
2.220446e-16 1.501746e-01 -1.380000e-01
2.220446e-16 1.498185e-01 -1.370000e-01
1.665335e-16 1.494543e-01 -1.360000e-01
1.110223e-16 1.490822e-01 -1.350000e-01
0.000000e+00 1.487022e-01 -1.340000e-01
1.110223e-16 1.483143e-01 -1.330000e-01
2.220446e-16 1.479186e-01 -1.320000e-01
1.110223e-16 1.475151e-01 -1.310000e-01
1.110223e-16 1.471039e-01 -1.300000e-01
1.665335e-16 1.466851e-01 -1.290000e-01
1.110223e-16 1.462587e-01 -1.280000e-01
5.551115e-17 1.458247e-01 -1.270000e-01
1.665335e-16 1.453832e-01 -1.260000e-01
0.000000e+00 1.449343e-01 -1.250000e-01
2.220446e-16 1.444780e-01 -1.240000e-01
5.551115e-17 1.440143e-01 -1.230000e-01
1.110223e-16 1.435434e-01 -1.220000e-01
2.220446e-16 1.430652e-01 -1.210000e-01
1.665335e-16 1.425798e-01 -1.200000e-01
0.000000e+00 1.420873e-01 -1.190000e-01
1.110223e-16 1.415877e-01 -1.180000e-01
1.665335e-16 1.410811e-01 -1.170000e-01
0.000000e+00 1.405676e-01 -1.160000e-01
0.000000e+00 1.400471e-01 -1.150000e-01
1.665335e-16 1.395197e-01 -1.140000e-01
1.110223e-16 1.389855e-01 -1.130000e-01
1.665335e-16 1.384445e-01 -1.120000e-01
1.110223e-16 1.378969e-01 -1.110000e-01
2.775558e-16 1.373426e-01 -1.100000e-01
2.775558e-16 1.367816e-01 -1.090000e-01
5.551115e-17 1.362141e-01 -1.080000e-01
5.551115e-17 1.356401e-01 -1.070000e-01
1.110223e-16 1.350597e-01 -1.060000e-01
2.775558e-16 1.344728e-01 -1.050000e-01
2.775558e-16 1.338796e-01 -1.040000e-01
5.551115e-17 1.332802e-01 -1.030000e-01
1.110223e-16 1.326744e-01 -1.020000e-01
5.551115e-17 1.320625e-01 -1.010000e-01
1.665335e-16 1.314444e-01 -1.000000e-01
0.000000e+00 1.308203e-01 -9.900000e-02
1.110223e-16 1.301901e-01 -9.800000e-02
1.110223e-16 1.295540e-01 -9.700000e-02
1.110223e-16 1.289119e-01 -9.600000e-02
0.000000e+00 1.282639e-01 -9.500000e-02
1.110223e-16 1.276101e-01 -9.400000e-02
1.110223e-16 1.269506e-01 -9.300000e-02
1.110223e-16 1.262853e-01 -9.200000e-02
0.000000e+00 1.256143e-01 -9.100000e-02
0.000000e+00 1.249378e-01 -9.000000e-02
1.110223e-16 1.242556e-01 -8.900000e-02
2.220446e-16 1.235680e-01 -8.800000e-02
1.665335e-16 1.228749e-01 -8.700000e-02
5.551115e-17 1.221764e-01 -8.600000e-02
2.220446e-16 1.214725e-01 -8.500000e-02
2.498002e-16 1.207634e-01 -8.400000e-02
5.551115e-17 1.200490e-01 -8.300000e-02
1.110223e-16 1.193294e-01 -8.200000e-02
1.387779e-16 1.186046e-01 -8.100000e-02
1.110223e-16 1.178748e-01 -8.000000e-02
2.775558e-17 1.171399e-01 -7.900000e-02
1.942890e-16 1.164000e-01 -7.800000e-02
1.387779e-16 1.156552e-01 -7.700000e-02
1.665335e-16 1.149056e-01 -7.600000e-02
8.326673e-17 1.141510e-01 -7.500000e-02
1.942890e-16 1.133917e-01 -7.400000e-02
1.387779e-16 1.126277e-01 -7.300000e-02
1.110223e-16 1.118590e-01 -7.200000e-02
1.110223e-16 1.110857e-01 -7.100000e-02
1.110223e-16 1.103078e-01 -7.000000e-02
1.942890e-16 1.095254e-01 -6.900000e-02
1.665335e-16 1.087386e-01 -6.800000e-02
5.551115e-17 1.079473e-01 -6.700000e-02
1.942890e-16 1.071516e-01 -6.600000e-02
1.387779e-16 1.063517e-01 -6.500000e-02
1.387779e-16 1.055475e-01 -6.400000e-02
1.110223e-16 1.047391e-01 -6.300000e-02
1.110223e-16 1.039265e-01 -6.200000e-02
8.326673e-17 1.031098e-01 -6.100000e-02
1.942890e-16 1.022891e-01 -6.000000e-02
5.551115e-17 1.014644e-01 -5.900000e-02
5.551115e-17 1.006358e-01 -5.800000e-02
1.665335e-16 9.980327e-02 -5.700000e-02
1.942890e-16 9.896690e-02 -5.600000e-02
2.775558e-17 9.812675e-02 -5.500000e-02
2.498002e-16 9.728286e-02 -5.400000e-02
1.665335e-16 9.643529e-02 -5.300000e-02
1.665335e-16 9.558410e-02 -5.200000e-02
2.775558e-17 9.472933e-02 -5.100000e-02
1.110223e-16 9.387103e-02 -5.000000e-02
1.942890e-16 9.300927e-02 -4.900000e-02
1.665335e-16 9.214408e-02 -4.800000e-02
1.110223e-16 9.127553e-02 -4.700000e-02
1.387779e-16 9.040366e-02 -4.600000e-02
1.387779e-16 8.952853e-02 -4.500000e-02
5.551115e-17 8.865019e-02 -4.400000e-02
2.775558e-17 8.776869e-02 -4.300000e-02
2.775558e-17 8.688409e-02 -4.200000e-02
8.326673e-17 8.599643e-02 -4.100000e-02
9.714451e-17 8.510578e-02 -4.000000e-02
1.387779e-17 8.421217e-02 -3.900000e-02
1.249001e-16 8.331567e-02 -3.800000e-02
6.938894e-17 8.241633e-02 -3.700000e-02
1.804112e-16 8.151419e-02 -3.600000e-02
6.938894e-17 8.060931e-02 -3.500000e-02
1.110223e-16 7.970175e-02 -3.400000e-02
4.163336e-17 7.879155e-02 -3.300000e-02
1.387779e-17 7.787877e-02 -3.200000e-02
1.942890e-16 7.696346e-02 -3.100000e-02
1.249001e-16 7.604567e-02 -3.000000e-02
1.249001e-16 7.512545e-02 -2.900000e-02
1.665335e-16 7.420286e-02 -2.800000e-02
1.387779e-17 7.327795e-02 -2.700000e-02
0.000000e+00 7.235077e-02 -2.600000e-02
5.551115e-17 7.142138e-02 -2.500000e-02
1.387779e-16 7.048982e-02 -2.400000e-02
1.387779e-17 6.955615e-02 -2.300000e-02
1.387779e-16 6.862042e-02 -2.200000e-02
6.938894e-17 6.768268e-02 -2.100000e-02
6.938894e-17 6.674298e-02 -2.000000e-02
1.040834e-16 6.580139e-02 -1.900000e-02
4.163336e-17 6.485794e-02 -1.800000e-02
2.081668e-17 6.391269e-02 -1.700000e-02
7.632783e-17 6.296570e-02 -1.600000e-02
6.245005e-17 6.201702e-02 -1.500000e-02
1.595946e-16 6.106669e-02 -1.400000e-02
1.318390e-16 6.011478e-02 -1.300000e-02
1.110223e-16 5.916132e-02 -1.200000e-02
1.179612e-16 5.820639e-02 -1.100000e-02
6.591949e-17 5.725002e-02 -1.000000e-02
2.081668e-16 5.629227e-02 -9.000000e-03
1.040834e-17 5.533319e-02 -8.000000e-03
5.898060e-17 5.437284e-02 -7.000000e-03
4.163336e-17 5.341126e-02 -6.000000e-03
1.301043e-16 5.244851e-02 -5.000000e-03
7.459311e-17 5.148465e-02 -4.000000e-03
9.887924e-17 5.051972e-02 -3.000000e-03
9.280771e-17 4.955377e-02 -2.000000e-03
1.249001e-16 4.858686e-02 -1.000000e-03
1.873501e-16 4.761905e-02 8.812395e-16
8.326673e-17 4.665037e-02 1.000000e-03
2.263814e-16 4.568090e-02 2.000000e-03
2.428613e-17 4.471066e-02 3.000000e-03
1.353084e-16 4.373973e-02 4.000000e-03
1.734723e-16 4.276815e-02 5.000000e-03
5.551115e-17 4.179598e-02 6.000000e-03
1.526557e-16 4.082326e-02 7.000000e-03
2.567391e-16 3.985005e-02 8.000000e-03
1.700029e-16 3.887640e-02 9.000000e-03
2.567391e-16 3.790237e-02 1.000000e-02
9.714451e-17 3.692800e-02 1.100000e-02
1.595946e-16 3.595334e-02 1.200000e-02
8.326673e-17 3.497846e-02 1.300000e-02
5.551115e-17 3.400340e-02 1.400000e-02
1.040834e-16 3.302822e-02 1.500000e-02
1.387779e-16 3.205296e-02 1.600000e-02
1.387779e-16 3.107769e-02 1.700000e-02
2.914335e-16 3.010244e-02 1.800000e-02
6.245005e-17 2.912728e-02 1.900000e-02
1.526557e-16 2.815225e-02 2.000000e-02
8.326673e-17 2.717742e-02 2.100000e-02
1.526557e-16 2.620282e-02 2.200000e-02
1.665335e-16 2.522852e-02 2.300000e-02
2.498002e-16 2.425456e-02 2.400000e-02
1.249001e-16 2.328100e-02 2.500000e-02
1.387779e-17 2.230789e-02 2.600000e-02
1.110223e-16 2.133529e-02 2.700000e-02
2.914335e-16 2.036323e-02 2.800000e-02
4.163336e-17 1.939179e-02 2.900000e-02
2.359224e-16 1.842100e-02 3.000000e-02
5.551115e-17 1.745092e-02 3.100000e-02
9.714451e-17 1.648161e-02 3.200000e-02
6.938894e-17 1.551312e-02 3.300000e-02
3.191891e-16 1.454549e-02 3.400000e-02
2.775558e-17 1.357878e-02 3.500000e-02
2.498002e-16 1.261305e-02 3.600000e-02
2.775558e-17 1.164834e-02 3.700000e-02
1.526557e-16 1.068471e-02 3.800000e-02
1.110223e-16 9.722208e-03 3.900000e-02
1.249001e-16 8.760889e-03 4.000000e-02
1.387779e-16 7.800804e-03 4.100000e-02
3.053113e-16 6.842005e-03 4.200000e-02
1.110223e-16 5.884545e-03 4.300000e-02
1.942890e-16 4.928476e-03 4.400000e-02
5.551115e-17 3.973851e-03 4.500000e-02
2.498002e-16 3.020722e-03 4.600000e-02
2.775558e-17 2.069140e-03 4.700000e-02
1.665335e-16 1.119159e-03 4.800000e-02
8.326673e-17 1.708302e-04 4.900000e-02
1.110223e-16 7.757937e-04 5.000000e-02
2.775558e-17 1.720660e-03 5.100000e-02
2.220446e-16 2.663718e-03 5.200000e-02
8.326673e-17 3.604913e-03 5.300000e-02
1.942890e-16 4.544195e-03 5.400000e-02
2.775558e-17 5.481510e-03 5.500000e-02
1.665335e-16 6.416807e-03 5.600000e-02
8.326673e-17 7.350032e-03 5.700000e-02
1.942890e-16 8.281135e-03 5.800000e-02
8.326673e-17 9.210062e-03 5.900000e-02
1.942890e-16 1.013676e-02 6.000000e-02
8.326673e-17 1.106118e-02 6.100000e-02
1.665335e-16 1.198327e-02 6.200000e-02
5.551115e-17 1.290297e-02 6.300000e-02
1.110223e-16 1.382024e-02 6.400000e-02
1.387779e-16 1.473501e-02 6.500000e-02
2.220446e-16 1.564725e-02 6.600000e-02
1.387779e-16 1.655689e-02 6.700000e-02
8.326673e-17 1.746389e-02 6.800000e-02
1.942890e-16 1.836818e-02 6.900000e-02
2.775558e-17 1.926973e-02 7.000000e-02
1.387779e-16 2.016847e-02 7.100000e-02
5.551115e-17 2.106436e-02 7.200000e-02
1.387779e-16 2.195734e-02 7.300000e-02
1.665335e-16 2.284737e-02 7.400000e-02
1.110223e-16 2.373438e-02 7.500000e-02
8.326673e-17 2.461832e-02 7.600000e-02
5.551115e-17 2.549915e-02 7.700000e-02
2.220446e-16 2.637681e-02 7.800000e-02
8.326673e-17 2.725125e-02 7.900000e-02
2.220446e-16 2.812241e-02 8.000000e-02
2.775558e-17 2.899025e-02 8.100000e-02
1.665335e-16 2.985471e-02 8.200000e-02
1.110223e-16 3.071575e-02 8.300000e-02
1.665335e-16 3.157329e-02 8.400000e-02
0.000000e+00 3.242731e-02 8.500000e-02
1.110223e-16 3.327773e-02 8.600000e-02
0.000000e+00 3.412452e-02 8.700000e-02
1.665335e-16 3.496762e-02 8.800000e-02
5.551115e-17 3.580697e-02 8.900000e-02
1.665335e-16 3.664252e-02 9.000000e-02
0.000000e+00 3.747423e-02 9.100000e-02
1.110223e-16 3.830204e-02 9.200000e-02
5.551115e-17 3.912589e-02 9.300000e-02
2.775558e-16 3.994574e-02 9.400000e-02
0.000000e+00 4.076153e-02 9.500000e-02
5.551115e-17 4.157321e-02 9.600000e-02
1.665335e-16 4.238072e-02 9.700000e-02
1.110223e-16 4.318403e-02 9.800000e-02
1.110223e-16 4.398306e-02 9.900000e-02
0.000000e+00 4.477778e-02 1.000000e-01
1.665335e-16 4.556812e-02 1.010000e-01
1.665335e-16 4.635404e-02 1.020000e-01
1.110223e-16 4.713549e-02 1.030000e-01
2.775558e-16 4.791241e-02 1.040000e-01
5.551115e-17 4.868474e-02 1.050000e-01
5.551115e-17 4.945245e-02 1.060000e-01
0.000000e+00 5.021547e-02 1.070000e-01
0.000000e+00 5.097375e-02 1.080000e-01
2.220446e-16 5.172724e-02 1.090000e-01
1.110223e-16 5.247589e-02 1.100000e-01
1.665335e-16 5.321964e-02 1.110000e-01
1.110223e-16 5.395845e-02 1.120000e-01
1.665335e-16 5.469226e-02 1.130000e-01
1.110223e-16 5.542102e-02 1.140000e-01
1.110223e-16 5.614468e-02 1.150000e-01
1.665335e-16 5.686318e-02 1.160000e-01
0.000000e+00 5.757647e-02 1.170000e-01
2.220446e-16 5.828450e-02 1.180000e-01
0.000000e+00 5.898722e-02 1.190000e-01
5.551115e-17 5.968457e-02 1.200000e-01
5.551115e-17 6.037651e-02 1.210000e-01
1.110223e-16 6.106298e-02 1.220000e-01
0.000000e+00 6.174392e-02 1.230000e-01
1.665335e-16 6.241929e-02 1.240000e-01
5.551115e-17 6.308904e-02 1.250000e-01
1.665335e-16 6.375310e-02 1.260000e-01
5.551115e-17 6.441144e-02 1.270000e-01
1.665335e-16 6.506399e-02 1.280000e-01
5.551115e-17 6.571071e-02 1.290000e-01
1.665335e-16 6.635154e-02 1.300000e-01
1.665335e-16 6.698643e-02 1.310000e-01
1.110223e-16 6.761533e-02 1.320000e-01
0.000000e+00 6.823818e-02 1.330000e-01
1.665335e-16 6.885493e-02 1.340000e-01
1.110223e-16 6.946554e-02 1.350000e-01
5.551115e-17 7.006995e-02 1.360000e-01
0.000000e+00 7.066810e-02 1.370000e-01
1.110223e-16 7.125994e-02 1.380000e-01
1.110223e-16 7.184543e-02 1.390000e-01
5.551115e-17 7.242451e-02 1.400000e-01
1.110223e-16 7.299712e-02 1.410000e-01
1.665335e-16 7.356322e-02 1.420000e-01
5.551115e-17 7.412275e-02 1.430000e-01
1.665335e-16 7.467566e-02 1.440000e-01
1.110223e-16 7.522190e-02 1.450000e-01
2.775558e-16 7.576142e-02 1.460000e-01
5.551115e-17 7.629416e-02 1.470000e-01
1.110223e-16 7.682007e-02 1.480000e-01
1.110223e-16 7.733910e-02 1.490000e-01
1.665335e-16 7.785119e-02 1.500000e-01
1.110223e-16 7.835630e-02 1.510000e-01
0.000000e+00 7.885437e-02 1.520000e-01
5.551115e-17 7.934535e-02 1.530000e-01
1.665335e-16 7.982919e-02 1.540000e-01
1.665335e-16 8.030584e-02 1.550000e-01
1.110223e-16 8.077523e-02 1.560000e-01
5.551115e-17 8.123733e-02 1.570000e-01
1.665335e-16 8.169207e-02 1.580000e-01
0.000000e+00 8.213942e-02 1.590000e-01
1.665335e-16 8.257930e-02 1.600000e-01
5.551115e-17 8.301168e-02 1.610000e-01
1.110223e-16 8.343649e-02 1.620000e-01
5.551115e-17 8.385370e-02 1.630000e-01
5.551115e-17 8.426323e-02 1.640000e-01
0.000000e+00 8.466505e-02 1.650000e-01
2.220446e-16 8.505910e-02 1.660000e-01
5.551115e-17 8.544533e-02 1.670000e-01
1.110223e-16 8.582368e-02 1.680000e-01
1.665335e-16 8.619411e-02 1.690000e-01
1.665335e-16 8.655656e-02 1.700000e-01
0.000000e+00 8.691097e-02 1.710000e-01
5.551115e-17 8.725730e-02 1.720000e-01
5.551115e-17 8.759550e-02 1.730000e-01
1.110223e-16 8.792551e-02 1.740000e-01
1.110223e-16 8.824727e-02 1.750000e-01
1.110223e-16 8.856075e-02 1.760000e-01
5.551115e-17 8.886587e-02 1.770000e-01
1.665335e-16 8.916261e-02 1.780000e-01
5.551115e-17 8.945089e-02 1.790000e-01
2.220446e-16 8.973067e-02 1.800000e-01
5.551115e-17 9.000189e-02 1.810000e-01
2.220446e-16 9.026451e-02 1.820000e-01
1.110223e-16 9.051847e-02 1.830000e-01
1.110223e-16 9.076372e-02 1.840000e-01
1.110223e-16 9.100020e-02 1.850000e-01
2.220446e-16 9.122787e-02 1.860000e-01
0.000000e+00 9.144668e-02 1.870000e-01
2.220446e-16 9.165656e-02 1.880000e-01
1.110223e-16 9.185747e-02 1.890000e-01
2.220446e-16 9.204935e-02 1.900000e-01
0.000000e+00 9.223216e-02 1.910000e-01
0.000000e+00 9.240583e-02 1.920000e-01
0.000000e+00 9.257033e-02 1.930000e-01
1.110223e-16 9.272559e-02 1.940000e-01
0.000000e+00 9.287157e-02 1.950000e-01
1.110223e-16 9.300820e-02 1.960000e-01
1.110223e-16 9.313545e-02 1.970000e-01
1.110223e-16 9.325325e-02 1.980000e-01
0.000000e+00 9.336156e-02 1.990000e-01
2.220446e-16 9.346032e-02 2.000000e-01
1.110223e-16 9.354948e-02 2.010000e-01
2.220446e-16 9.362898e-02 2.020000e-01
1.110223e-16 9.369879e-02 2.030000e-01
0.000000e+00 9.375883e-02 2.040000e-01
0.000000e+00 9.380907e-02 2.050000e-01
2.220446e-16 9.384944e-02 2.060000e-01
1.110223e-16 9.387991e-02 2.070000e-01
1.110223e-16 9.390040e-02 2.080000e-01
0.000000e+00 9.391088e-02 2.090000e-01
1.110223e-16 9.391129e-02 2.100000e-01
0.000000e+00 9.390157e-02 2.110000e-01
1.110223e-16 9.388168e-02 2.120000e-01
0.000000e+00 9.385156e-02 2.130000e-01
1.110223e-16 9.381116e-02 2.140000e-01
1.110223e-16 9.376043e-02 2.150000e-01
1.110223e-16 9.369932e-02 2.160000e-01
1.110223e-16 9.362776e-02 2.170000e-01
2.220446e-16 9.354572e-02 2.180000e-01
0.000000e+00 9.345314e-02 2.190000e-01
1.110223e-16 9.334997e-02 2.200000e-01
0.000000e+00 9.323615e-02 2.210000e-01
2.220446e-16 9.311163e-02 2.220000e-01
0.000000e+00 9.297636e-02 2.230000e-01
1.110223e-16 9.283029e-02 2.240000e-01
0.000000e+00 9.267336e-02 2.250000e-01
2.220446e-16 9.250553e-02 2.260000e-01
0.000000e+00 9.232674e-02 2.270000e-01
0.000000e+00 9.213693e-02 2.280000e-01
0.000000e+00 9.193606e-02 2.290000e-01
1.110223e-16 9.172408e-02 2.300000e-01
0.000000e+00 9.150093e-02 2.310000e-01
2.220446e-16 9.126655e-02 2.320000e-01
0.000000e+00 9.102090e-02 2.330000e-01
1.110223e-16 9.076393e-02 2.340000e-01
0.000000e+00 9.049558e-02 2.350000e-01
1.110223e-16 9.021580e-02 2.360000e-01
0.000000e+00 8.992454e-02 2.370000e-01
2.220446e-16 8.962174e-02 2.380000e-01
0.000000e+00 8.930736e-02 2.390000e-01
1.110223e-16 8.898133e-02 2.400000e-01
0.000000e+00 8.864362e-02 2.410000e-01
2.220446e-16 8.829416e-02 2.420000e-01
0.000000e+00 8.793291e-02 2.430000e-01
0.000000e+00 8.755980e-02 2.440000e-01
1.110223e-16 8.717480e-02 2.450000e-01
2.220446e-16 8.677784e-02 2.460000e-01
0.000000e+00 8.636888e-02 2.470000e-01
0.000000e+00 8.594786e-02 2.480000e-01
1.110223e-16 8.551473e-02 2.490000e-01
1.110223e-16 8.506944e-02 2.500000e-01
0.000000e+00 8.461194e-02 2.510000e-01
1.110223e-16 8.414217e-02 2.520000e-01
0.000000e+00 8.366008e-02 2.530000e-01
0.000000e+00 8.316562e-02 2.540000e-01
0.000000e+00 8.265873e-02 2.550000e-01
0.000000e+00 8.213937e-02 2.560000e-01
1.110223e-16 8.160748e-02 2.570000e-01
0.000000e+00 8.106301e-02 2.580000e-01
1.110223e-16 8.050591e-02 2.590000e-01
1.110223e-16 7.993613e-02 2.600000e-01
1.110223e-16 7.935360e-02 2.610000e-01
1.110223e-16 7.875829e-02 2.620000e-01
0.000000e+00 7.815014e-02 2.630000e-01
2.220446e-16 7.752909e-02 2.640000e-01
1.110223e-16 7.689509e-02 2.650000e-01
0.000000e+00 7.624810e-02 2.660000e-01
1.110223e-16 7.558806e-02 2.670000e-01
0.000000e+00 7.491491e-02 2.680000e-01
1.110223e-16 7.422861e-02 2.690000e-01
0.000000e+00 7.352910e-02 2.700000e-01
0.000000e+00 7.281632e-02 2.710000e-01
0.000000e+00 7.209024e-02 2.720000e-01
1.110223e-16 7.135079e-02 2.730000e-01
0.000000e+00 7.059793e-02 2.740000e-01
0.000000e+00 6.983160e-02 2.750000e-01
2.220446e-16 6.905174e-02 2.760000e-01
0.000000e+00 6.825831e-02 2.770000e-01
0.000000e+00 6.745126e-02 2.780000e-01
1.110223e-16 6.663053e-02 2.790000e-01
1.110223e-16 6.579606e-02 2.800000e-01
1.110223e-16 6.494782e-02 2.810000e-01
1.110223e-16 6.408574e-02 2.820000e-01
0.000000e+00 6.320977e-02 2.830000e-01
0.000000e+00 6.231986e-02 2.840000e-01
0.000000e+00 6.141596e-02 2.850000e-01
0.000000e+00 6.049801e-02 2.860000e-01
1.110223e-16 5.956597e-02 2.870000e-01
1.110223e-16 5.861978e-02 2.880000e-01
0.000000e+00 5.765939e-02 2.890000e-01
1.110223e-16 5.668475e-02 2.900000e-01
1.110223e-16 5.569580e-02 2.910000e-01
2.220446e-16 5.469249e-02 2.920000e-01
0.000000e+00 5.367477e-02 2.930000e-01
0.000000e+00 5.264259e-02 2.940000e-01
0.000000e+00 5.159589e-02 2.950000e-01
0.000000e+00 5.053463e-02 2.960000e-01
1.110223e-16 4.945874e-02 2.970000e-01
2.220446e-16 4.836819e-02 2.980000e-01
0.000000e+00 4.726291e-02 2.990000e-01
1.110223e-16 4.614286e-02 3.000000e-01
1.110223e-16 4.500797e-02 3.010000e-01
0.000000e+00 4.385821e-02 3.020000e-01
0.000000e+00 4.269351e-02 3.030000e-01
1.110223e-16 4.151383e-02 3.040000e-01
1.110223e-16 4.031911e-02 3.050000e-01
1.110223e-16 3.910930e-02 3.060000e-01
0.000000e+00 3.788435e-02 3.070000e-01
1.110223e-16 3.664420e-02 3.080000e-01
0.000000e+00 3.538880e-02 3.090000e-01
0.000000e+00 3.411811e-02 3.100000e-01
1.110223e-16 3.283207e-02 3.110000e-01
2.220446e-16 3.153062e-02 3.120000e-01
1.110223e-16 3.021371e-02 3.130000e-01
0.000000e+00 2.888130e-02 3.140000e-01
0.000000e+00 2.753333e-02 3.150000e-01
1.110223e-16 2.616974e-02 3.160000e-01
0.000000e+00 2.479049e-02 3.170000e-01
1.110223e-16 2.339552e-02 3.180000e-01
0.000000e+00 2.198478e-02 3.190000e-01
1.110223e-16 2.055822e-02 3.200000e-01
1.110223e-16 1.911579e-02 3.210000e-01
1.110223e-16 1.765743e-02 3.220000e-01
0.000000e+00 1.618309e-02 3.230000e-01
2.220446e-16 1.469271e-02 3.240000e-01
2.220446e-16 1.318626e-02 3.250000e-01
0.000000e+00 1.166367e-02 3.260000e-01
0.000000e+00 1.012489e-02 3.270000e-01
2.220446e-16 8.569872e-03 3.280000e-01
0.000000e+00 6.998561e-03 3.290000e-01
1.110223e-16 5.410905e-03 3.300000e-01
1.110223e-16 3.806851e-03 3.310000e-01
1.110223e-16 2.186349e-03 3.320000e-01
1.110223e-16 5.493442e-04 3.330000e-01
0.000000e+00 1.104207e-03 3.340000e-01
1.110223e-16 2.774264e-03 3.350000e-01
1.110223e-16 4.460731e-03 3.360000e-01
0.000000e+00 6.163511e-03 3.370000e-01
0.000000e+00 7.882508e-03 3.380000e-01
2.220446e-16 9.617623e-03 3.390000e-01
1.110223e-16 1.136876e-02 3.400000e-01
0.000000e+00 1.313583e-02 3.410000e-01
2.220446e-16 1.491872e-02 3.420000e-01
2.220446e-16 1.671734e-02 3.430000e-01
1.110223e-16 1.853160e-02 3.440000e-01
1.110223e-16 2.036140e-02 3.450000e-01
0.000000e+00 2.220664e-02 3.460000e-01
1.110223e-16 2.406723e-02 3.470000e-01
1.110223e-16 2.594306e-02 3.480000e-01
1.110223e-16 2.783404e-02 3.490000e-01
0.000000e+00 2.974008e-02 3.500000e-01
1.110223e-16 3.166107e-02 3.510000e-01
0.000000e+00 3.359693e-02 3.520000e-01
1.110223e-16 3.554755e-02 3.530000e-01
0.000000e+00 3.751283e-02 3.540000e-01
1.110223e-16 3.949268e-02 3.550000e-01
0.000000e+00 4.148701e-02 3.560000e-01
0.000000e+00 4.349571e-02 3.570000e-01
1.110223e-16 4.551870e-02 3.580000e-01
1.110223e-16 4.755586e-02 3.590000e-01
1.110223e-16 4.960711e-02 3.600000e-01
2.220446e-16 5.167235e-02 3.610000e-01
1.110223e-16 5.375148e-02 3.620000e-01
2.220446e-16 5.584440e-02 3.630000e-01
1.110223e-16 5.795103e-02 3.640000e-01
1.110223e-16 6.007125e-02 3.650000e-01
0.000000e+00 6.220498e-02 3.660000e-01
0.000000e+00 6.435212e-02 3.670000e-01
0.000000e+00 6.651256e-02 3.680000e-01
2.220446e-16 6.868622e-02 3.690000e-01
2.220446e-16 7.087300e-02 3.700000e-01
1.110223e-16 7.307280e-02 3.710000e-01
2.220446e-16 7.528552e-02 3.720000e-01
2.220446e-16 7.751106e-02 3.730000e-01
1.110223e-16 7.974934e-02 3.740000e-01
1.110223e-16 8.200025e-02 3.750000e-01
1.110223e-16 8.426369e-02 3.760000e-01
2.220446e-16 8.653958e-02 3.770000e-01
1.110223e-16 8.882780e-02 3.780000e-01
1.110223e-16 9.112827e-02 3.790000e-01
0.000000e+00 9.344089e-02 3.800000e-01
0.000000e+00 9.576556e-02 3.810000e-01
1.110223e-16 9.810218e-02 3.820000e-01
0.000000e+00 1.004507e-01 3.830000e-01
1.110223e-16 1.028109e-01 3.840000e-01
1.110223e-16 1.051828e-01 3.850000e-01
2.220446e-16 1.075663e-01 3.860000e-01
2.220446e-16 1.099612e-01 3.870000e-01
0.000000e+00 1.123676e-01 3.880000e-01
2.220446e-16 1.147851e-01 3.890000e-01
1.110223e-16 1.172139e-01 3.900000e-01
1.110223e-16 1.196538e-01 3.910000e-01
1.110223e-16 1.221046e-01 3.920000e-01
1.110223e-16 1.245664e-01 3.930000e-01
1.110223e-16 1.270389e-01 3.940000e-01
2.220446e-16 1.295221e-01 3.950000e-01
0.000000e+00 1.320159e-01 3.960000e-01
1.110223e-16 1.345202e-01 3.970000e-01
2.220446e-16 1.370350e-01 3.980000e-01
1.110223e-16 1.395600e-01 3.990000e-01
1.110223e-16 1.420952e-01 4.000000e-01
2.220446e-16 1.446406e-01 4.010000e-01
1.110223e-16 1.471960e-01 4.020000e-01
2.220446e-16 1.497613e-01 4.030000e-01
0.000000e+00 1.523364e-01 4.040000e-01
2.220446e-16 1.549212e-01 4.050000e-01
1.110223e-16 1.575157e-01 4.060000e-01
0.000000e+00 1.601197e-01 4.070000e-01
0.000000e+00 1.627332e-01 4.080000e-01
0.000000e+00 1.653560e-01 4.090000e-01
2.220446e-16 1.679880e-01 4.100000e-01
2.220446e-16 1.706292e-01 4.110000e-01
0.000000e+00 1.732794e-01 4.120000e-01
0.000000e+00 1.759386e-01 4.130000e-01
1.110223e-16 1.786066e-01 4.140000e-01
0.000000e+00 1.812834e-01 4.150000e-01
0.000000e+00 1.839688e-01 4.160000e-01
1.110223e-16 1.866628e-01 4.170000e-01
1.110223e-16 1.893653e-01 4.180000e-01
1.110223e-16 1.920762e-01 4.190000e-01
1.110223e-16 1.947953e-01 4.200000e-01
0.000000e+00 1.975226e-01 4.210000e-01
0.000000e+00 2.002580e-01 4.220000e-01
1.110223e-16 2.030014e-01 4.230000e-01
1.110223e-16 2.057526e-01 4.240000e-01
1.110223e-16 2.085117e-01 4.250000e-01
2.220446e-16 2.112784e-01 4.260000e-01
4.440892e-16 2.140527e-01 4.270000e-01
1.110223e-16 2.168346e-01 4.280000e-01
1.110223e-16 2.196238e-01 4.290000e-01
2.220446e-16 2.224203e-01 4.300000e-01
1.110223e-16 2.252241e-01 4.310000e-01
1.110223e-16 2.280349e-01 4.320000e-01
1.110223e-16 2.308528e-01 4.330000e-01
1.110223e-16 2.336776e-01 4.340000e-01
3.330669e-16 2.365092e-01 4.350000e-01
1.110223e-16 2.393476e-01 4.360000e-01
1.110223e-16 2.421925e-01 4.370000e-01
2.220446e-16 2.450440e-01 4.380000e-01
2.220446e-16 2.479020e-01 4.390000e-01
1.110223e-16 2.507662e-01 4.400000e-01
1.110223e-16 2.536367e-01 4.410000e-01
1.110223e-16 2.565134e-01 4.420000e-01
3.330669e-16 2.593961e-01 4.430000e-01
1.110223e-16 2.622847e-01 4.440000e-01
0.000000e+00 2.651792e-01 4.450000e-01
1.110223e-16 2.680795e-01 4.460000e-01
0.000000e+00 2.709854e-01 4.470000e-01
0.000000e+00 2.738969e-01 4.480000e-01
1.110223e-16 2.768138e-01 4.490000e-01
1.110223e-16 2.797361e-01 4.500000e-01
3.330669e-16 2.826637e-01 4.510000e-01
1.110223e-16 2.855964e-01 4.520000e-01
0.000000e+00 2.885343e-01 4.530000e-01
1.110223e-16 2.914771e-01 4.540000e-01
0.000000e+00 2.944248e-01 4.550000e-01
3.330669e-16 2.973773e-01 4.560000e-01
2.220446e-16 3.003344e-01 4.570000e-01
1.110223e-16 3.032962e-01 4.580000e-01
2.220446e-16 3.062625e-01 4.590000e-01
1.110223e-16 3.092331e-01 4.600000e-01
0.000000e+00 3.122081e-01 4.610000e-01
0.000000e+00 3.151873e-01 4.620000e-01
0.000000e+00 3.181706e-01 4.630000e-01
0.000000e+00 3.211579e-01 4.640000e-01
3.330669e-16 3.241491e-01 4.650000e-01
2.220446e-16 3.271441e-01 4.660000e-01
3.330669e-16 3.301428e-01 4.670000e-01
1.110223e-16 3.331452e-01 4.680000e-01
0.000000e+00 3.361511e-01 4.690000e-01
0.000000e+00 3.391605e-01 4.700000e-01
0.000000e+00 3.421731e-01 4.710000e-01
2.220446e-16 3.451890e-01 4.720000e-01
0.000000e+00 3.482081e-01 4.730000e-01
0.000000e+00 3.512302e-01 4.740000e-01
3.330669e-16 3.542552e-01 4.750000e-01
2.220446e-16 3.572831e-01 4.760000e-01
1.110223e-16 3.603137e-01 4.770000e-01
1.110223e-16 3.633470e-01 4.780000e-01
1.110223e-16 3.663829e-01 4.790000e-01
1.110223e-16 3.694212e-01 4.800000e-01
0.000000e+00 3.724619e-01 4.810000e-01
1.110223e-16 3.755048e-01 4.820000e-01
3.330669e-16 3.785500e-01 4.830000e-01
1.110223e-16 3.815972e-01 4.840000e-01
0.000000e+00 3.846463e-01 4.850000e-01
0.000000e+00 3.876974e-01 4.860000e-01
2.220446e-16 3.907503e-01 4.870000e-01
1.110223e-16 3.938048e-01 4.880000e-01
1.110223e-16 3.968609e-01 4.890000e-01
2.220446e-16 3.999185e-01 4.900000e-01
2.220446e-16 4.029775e-01 4.910000e-01
1.110223e-16 4.060379e-01 4.920000e-01
0.000000e+00 4.090994e-01 4.930000e-01
0.000000e+00 4.121620e-01 4.940000e-01
2.220446e-16 4.152256e-01 4.950000e-01
1.110223e-16 4.182902e-01 4.960000e-01
3.330669e-16 4.213555e-01 4.970000e-01
0.000000e+00 4.244216e-01 4.980000e-01
2.220446e-16 4.274883e-01 4.990000e-01
2.220446e-16 4.305556e-01 5.000000e-01
2.220446e-16 4.336232e-01 5.010000e-01
2.220446e-16 4.366912e-01 5.020000e-01
1.110223e-16 4.397594e-01 5.030000e-01
2.220446e-16 4.428278e-01 5.040000e-01
1.110223e-16 4.458962e-01 5.050000e-01
2.220446e-16 4.489645e-01 5.060000e-01
3.330669e-16 4.520327e-01 5.070000e-01
4.440892e-16 4.551007e-01 5.080000e-01
0.000000e+00 4.581683e-01 5.090000e-01
0.000000e+00 4.612354e-01 5.100000e-01
1.110223e-16 4.643021e-01 5.110000e-01
3.330669e-16 4.673680e-01 5.120000e-01
1.110223e-16 4.704333e-01 5.130000e-01
2.220446e-16 4.734977e-01 5.140000e-01
0.000000e+00 4.765612e-01 5.150000e-01
3.330669e-16 4.796237e-01 5.160000e-01
2.220446e-16 4.826850e-01 5.170000e-01
1.110223e-16 4.857451e-01 5.180000e-01
1.110223e-16 4.888039e-01 5.190000e-01
3.330669e-16 4.918613e-01 5.200000e-01
0.000000e+00 4.949172e-01 5.210000e-01
1.110223e-16 4.979715e-01 5.220000e-01
2.220446e-16 5.010241e-01 5.230000e-01
3.330669e-16 5.040749e-01 5.240000e-01
2.220446e-16 5.071238e-01 5.250000e-01
0.000000e+00 5.101707e-01 5.260000e-01
0.000000e+00 5.132155e-01 5.270000e-01
1.110223e-16 5.162581e-01 5.280000e-01
2.220446e-16 5.192984e-01 5.290000e-01
4.440892e-16 5.223364e-01 5.300000e-01
3.330669e-16 5.253718e-01 5.310000e-01
4.440892e-16 5.284047e-01 5.320000e-01
2.220446e-16 5.314350e-01 5.330000e-01
2.220446e-16 5.344624e-01 5.340000e-01
2.220446e-16 5.374870e-01 5.350000e-01
0.000000e+00 5.405087e-01 5.360000e-01
4.440892e-16 5.435273e-01 5.370000e-01
2.220446e-16 5.465427e-01 5.380000e-01
4.440892e-16 5.495549e-01 5.390000e-01
4.440892e-16 5.525637e-01 5.400000e-01
0.000000e+00 5.555691e-01 5.410000e-01
1.110223e-16 5.585709e-01 5.420000e-01
0.000000e+00 5.615691e-01 5.430000e-01
1.110223e-16 5.645636e-01 5.440000e-01
1.110223e-16 5.675542e-01 5.450000e-01
0.000000e+00 5.705409e-01 5.460000e-01
2.220446e-16 5.735235e-01 5.470000e-01
1.110223e-16 5.765021e-01 5.480000e-01
1.110223e-16 5.794764e-01 5.490000e-01
3.330669e-16 5.824464e-01 5.500000e-01
0.000000e+00 5.854120e-01 5.510000e-01
0.000000e+00 5.883731e-01 5.520000e-01
2.220446e-16 5.913296e-01 5.530000e-01
2.220446e-16 5.942814e-01 5.540000e-01
4.440892e-16 5.972283e-01 5.550000e-01
2.220446e-16 6.001704e-01 5.560000e-01
0.000000e+00 6.031075e-01 5.570000e-01
0.000000e+00 6.060394e-01 5.580000e-01
0.000000e+00 6.089662e-01 5.590000e-01
4.440892e-16 6.118877e-01 5.600000e-01
1.110223e-16 6.148039e-01 5.610000e-01
2.220446e-16 6.177145e-01 5.620000e-01
1.110223e-16 6.206196e-01 5.630000e-01
2.220446e-16 6.235190e-01 5.640000e-01
0.000000e+00 6.264126e-01 5.650000e-01
2.220446e-16 6.293004e-01 5.660000e-01
2.220446e-16 6.321822e-01 5.670000e-01
2.220446e-16 6.350579e-01 5.680000e-01
1.110223e-16 6.379275e-01 5.690000e-01
2.220446e-16 6.407908e-01 5.700000e-01
0.000000e+00 6.436477e-01 5.710000e-01
4.440892e-16 6.464983e-01 5.720000e-01
1.110223e-16 6.493422e-01 5.730000e-01
0.000000e+00 6.521796e-01 5.740000e-01
3.330669e-16 6.550102e-01 5.750000e-01
1.110223e-16 6.578339e-01 5.760000e-01
1.110223e-16 6.606508e-01 5.770000e-01
2.220446e-16 6.634605e-01 5.780000e-01
2.220446e-16 6.662632e-01 5.790000e-01
0.000000e+00 6.690587e-01 5.800000e-01
2.220446e-16 6.718468e-01 5.810000e-01
2.220446e-16 6.746275e-01 5.820000e-01
2.220446e-16 6.774007e-01 5.830000e-01
2.220446e-16 6.801663e-01 5.840000e-01
0.000000e+00 6.829242e-01 5.850000e-01
0.000000e+00 6.856742e-01 5.860000e-01
0.000000e+00 6.884164e-01 5.870000e-01
4.440892e-16 6.911506e-01 5.880000e-01
2.220446e-16 6.938767e-01 5.890000e-01
2.220446e-16 6.965946e-01 5.900000e-01
2.220446e-16 6.993042e-01 5.910000e-01
4.440892e-16 7.020054e-01 5.920000e-01
0.000000e+00 7.046981e-01 5.930000e-01
0.000000e+00 7.073823e-01 5.940000e-01
0.000000e+00 7.100577e-01 5.950000e-01
2.220446e-16 7.127244e-01 5.960000e-01
0.000000e+00 7.153823e-01 5.970000e-01
2.220446e-16 7.180311e-01 5.980000e-01
0.000000e+00 7.206709e-01 5.990000e-01
4.440892e-16 7.233016e-01 6.000000e-01
0.000000e+00 7.259230e-01 6.010000e-01
2.220446e-16 7.285350e-01 6.020000e-01
0.000000e+00 7.311376e-01 6.030000e-01
4.440892e-16 7.337306e-01 6.040000e-01
2.220446e-16 7.363140e-01 6.050000e-01
0.000000e+00 7.388877e-01 6.060000e-01
0.000000e+00 7.414515e-01 6.070000e-01
2.220446e-16 7.440053e-01 6.080000e-01
4.440892e-16 7.465492e-01 6.090000e-01
2.220446e-16 7.490829e-01 6.100000e-01
0.000000e+00 7.516064e-01 6.110000e-01
0.000000e+00 7.541196e-01 6.120000e-01
0.000000e+00 7.566223e-01 6.130000e-01
2.220446e-16 7.591145e-01 6.140000e-01
0.000000e+00 7.615962e-01 6.150000e-01
0.000000e+00 7.640671e-01 6.160000e-01
2.220446e-16 7.665272e-01 6.170000e-01
0.000000e+00 7.689764e-01 6.180000e-01
2.220446e-16 7.714146e-01 6.190000e-01
0.000000e+00 7.738417e-01 6.200000e-01
0.000000e+00 7.762576e-01 6.210000e-01
0.000000e+00 7.786622e-01 6.220000e-01
2.220446e-16 7.810554e-01 6.230000e-01
0.000000e+00 7.834371e-01 6.240000e-01
0.000000e+00 7.858073e-01 6.250000e-01
0.000000e+00 7.881658e-01 6.260000e-01
2.220446e-16 7.905125e-01 6.270000e-01
2.220446e-16 7.928473e-01 6.280000e-01
2.220446e-16 7.951702e-01 6.290000e-01
4.440892e-16 7.974810e-01 6.300000e-01
0.000000e+00 7.997796e-01 6.310000e-01
2.220446e-16 8.020660e-01 6.320000e-01
2.220446e-16 8.043400e-01 6.330000e-01
2.220446e-16 8.066016e-01 6.340000e-01
0.000000e+00 8.088506e-01 6.350000e-01
2.220446e-16 8.110869e-01 6.360000e-01
2.220446e-16 8.133106e-01 6.370000e-01
4.440892e-16 8.155213e-01 6.380000e-01
2.220446e-16 8.177192e-01 6.390000e-01
0.000000e+00 8.199040e-01 6.400000e-01
0.000000e+00 8.220757e-01 6.410000e-01
2.220446e-16 8.242341e-01 6.420000e-01
4.440892e-16 8.263793e-01 6.430000e-01
2.220446e-16 8.285110e-01 6.440000e-01
2.220446e-16 8.306291e-01 6.450000e-01
0.000000e+00 8.327337e-01 6.460000e-01
0.000000e+00 8.348246e-01 6.470000e-01
0.000000e+00 8.369016e-01 6.480000e-01
0.000000e+00 8.389648e-01 6.490000e-01
0.000000e+00 8.410139e-01 6.500000e-01
2.220446e-16 8.430489e-01 6.510000e-01
0.000000e+00 8.450698e-01 6.520000e-01
4.440892e-16 8.470763e-01 6.530000e-01
0.000000e+00 8.490685e-01 6.540000e-01
2.220446e-16 8.510461e-01 6.550000e-01
0.000000e+00 8.530092e-01 6.560000e-01
2.220446e-16 8.549576e-01 6.570000e-01
0.000000e+00 8.568912e-01 6.580000e-01
2.220446e-16 8.588100e-01 6.590000e-01
4.440892e-16 8.607138e-01 6.600000e-01
2.220446e-16 8.626025e-01 6.610000e-01
0.000000e+00 8.644760e-01 6.620000e-01
0.000000e+00 8.663343e-01 6.630000e-01
4.440892e-16 8.681772e-01 6.640000e-01
2.220446e-16 8.700047e-01 6.650000e-01
4.440892e-16 8.718166e-01 6.660000e-01
4.440892e-16 8.736129e-01 6.670000e-01
6.661338e-16 8.753934e-01 6.680000e-01
2.220446e-16 8.771581e-01 6.690000e-01
2.220446e-16 8.789068e-01 6.700000e-01
2.220446e-16 8.806395e-01 6.710000e-01
2.220446e-16 8.823561e-01 6.720000e-01
4.440892e-16 8.840564e-01 6.730000e-01
2.220446e-16 8.857404e-01 6.740000e-01
4.440892e-16 8.874080e-01 6.750000e-01
4.440892e-16 8.890590e-01 6.760000e-01
4.440892e-16 8.906935e-01 6.770000e-01
2.220446e-16 8.923112e-01 6.780000e-01
0.000000e+00 8.939121e-01 6.790000e-01
2.220446e-16 8.954961e-01 6.800000e-01
0.000000e+00 8.970631e-01 6.810000e-01
2.220446e-16 8.986130e-01 6.820000e-01
0.000000e+00 9.001457e-01 6.830000e-01
2.220446e-16 9.016611e-01 6.840000e-01
2.220446e-16 9.031591e-01 6.850000e-01
0.000000e+00 9.046396e-01 6.860000e-01
2.220446e-16 9.061026e-01 6.870000e-01
2.220446e-16 9.075478e-01 6.880000e-01
2.220446e-16 9.089753e-01 6.890000e-01
0.000000e+00 9.103849e-01 6.900000e-01
4.440892e-16 9.117765e-01 6.910000e-01
2.220446e-16 9.131500e-01 6.920000e-01
0.000000e+00 9.145054e-01 6.930000e-01
4.440892e-16 9.158425e-01 6.940000e-01
2.220446e-16 9.171613e-01 6.950000e-01
2.220446e-16 9.184616e-01 6.960000e-01
0.000000e+00 9.197433e-01 6.970000e-01
2.220446e-16 9.210064e-01 6.980000e-01
6.661338e-16 9.222507e-01 6.990000e-01
2.220446e-16 9.234762e-01 7.000000e-01
6.661338e-16 9.246827e-01 7.010000e-01
2.220446e-16 9.258702e-01 7.020000e-01
2.220446e-16 9.270386e-01 7.030000e-01
4.440892e-16 9.281877e-01 7.040000e-01
2.220446e-16 9.293175e-01 7.050000e-01
2.220446e-16 9.304279e-01 7.060000e-01
8.881784e-16 9.315188e-01 7.070000e-01
6.661338e-16 9.325900e-01 7.080000e-01
2.220446e-16 9.336415e-01 7.090000e-01
2.220446e-16 9.346732e-01 7.100000e-01
0.000000e+00 9.356850e-01 7.110000e-01
4.440892e-16 9.366768e-01 7.120000e-01
4.440892e-16 9.376485e-01 7.130000e-01
4.440892e-16 9.385999e-01 7.140000e-01
6.661338e-16 9.395311e-01 7.150000e-01
2.220446e-16 9.404419e-01 7.160000e-01
0.000000e+00 9.413322e-01 7.170000e-01
4.440892e-16 9.422019e-01 7.180000e-01
2.220446e-16 9.430509e-01 7.190000e-01
4.440892e-16 9.438791e-01 7.200000e-01
0.000000e+00 9.446865e-01 7.210000e-01
4.440892e-16 9.454728e-01 7.220000e-01
0.000000e+00 9.462381e-01 7.230000e-01
4.440892e-16 9.469823e-01 7.240000e-01
4.440892e-16 9.477051e-01 7.250000e-01
0.000000e+00 9.484066e-01 7.260000e-01
4.440892e-16 9.490866e-01 7.270000e-01
6.661338e-16 9.497451e-01 7.280000e-01
0.000000e+00 9.503819e-01 7.290000e-01
0.000000e+00 9.509970e-01 7.300000e-01
4.440892e-16 9.515902e-01 7.310000e-01
2.220446e-16 9.521615e-01 7.320000e-01
4.440892e-16 9.527107e-01 7.330000e-01
0.000000e+00 9.532378e-01 7.340000e-01
0.000000e+00 9.537427e-01 7.350000e-01
4.440892e-16 9.542252e-01 7.360000e-01
0.000000e+00 9.546853e-01 7.370000e-01
2.220446e-16 9.551229e-01 7.380000e-01
4.440892e-16 9.555378e-01 7.390000e-01
6.661338e-16 9.559300e-01 7.400000e-01
0.000000e+00 9.562994e-01 7.410000e-01
0.000000e+00 9.566459e-01 7.420000e-01
0.000000e+00 9.569694e-01 7.430000e-01
0.000000e+00 9.572698e-01 7.440000e-01
0.000000e+00 9.575470e-01 7.450000e-01
0.000000e+00 9.578008e-01 7.460000e-01
1.110223e-15 9.580313e-01 7.470000e-01
0.000000e+00 9.582383e-01 7.480000e-01
4.440892e-16 9.584217e-01 7.490000e-01
4.440892e-16 9.585813e-01 7.500000e-01
6.661338e-16 9.587173e-01 7.510000e-01
4.440892e-16 9.588293e-01 7.520000e-01
0.000000e+00 9.589173e-01 7.530000e-01
2.220446e-16 9.589813e-01 7.540000e-01
8.881784e-16 9.590211e-01 7.550000e-01
4.440892e-16 9.590366e-01 7.560000e-01
4.440892e-16 9.590278e-01 7.570000e-01
0.000000e+00 9.589945e-01 7.580000e-01
0.000000e+00 9.589366e-01 7.590000e-01
2.220446e-16 9.588541e-01 7.600000e-01
0.000000e+00 9.587468e-01 7.610000e-01
4.440892e-16 9.586147e-01 7.620000e-01
8.881784e-16 9.584576e-01 7.630000e-01
2.220446e-16 9.582755e-01 7.640000e-01
0.000000e+00 9.580682e-01 7.650000e-01
4.440892e-16 9.578357e-01 7.660000e-01
4.440892e-16 9.575779e-01 7.670000e-01
0.000000e+00 9.572946e-01 7.680000e-01
2.220446e-16 9.569858e-01 7.690000e-01
0.000000e+00 9.566514e-01 7.700000e-01
4.440892e-16 9.562913e-01 7.710000e-01
0.000000e+00 9.559053e-01 7.720000e-01
6.661338e-16 9.554934e-01 7.730000e-01
2.220446e-16 9.550555e-01 7.740000e-01
4.440892e-16 9.545915e-01 7.750000e-01
2.220446e-16 9.541013e-01 7.760000e-01
6.661338e-16 9.535848e-01 7.770000e-01
0.000000e+00 9.530419e-01 7.780000e-01
6.661338e-16 9.524725e-01 7.790000e-01
4.440892e-16 9.518764e-01 7.800000e-01
2.220446e-16 9.512537e-01 7.810000e-01
2.220446e-16 9.506043e-01 7.820000e-01
4.440892e-16 9.499279e-01 7.830000e-01
2.220446e-16 9.492245e-01 7.840000e-01
2.220446e-16 9.484941e-01 7.850000e-01
6.661338e-16 9.477365e-01 7.860000e-01
4.440892e-16 9.469516e-01 7.870000e-01
0.000000e+00 9.461393e-01 7.880000e-01
0.000000e+00 9.452996e-01 7.890000e-01
0.000000e+00 9.444323e-01 7.900000e-01
6.661338e-16 9.435374e-01 7.910000e-01
2.220446e-16 9.426147e-01 7.920000e-01
2.220446e-16 9.416641e-01 7.930000e-01
8.881784e-16 9.406856e-01 7.940000e-01
1.554312e-15 9.396791e-01 7.950000e-01
6.661338e-16 9.386444e-01 7.960000e-01
2.220446e-16 9.375814e-01 7.970000e-01
4.440892e-16 9.364902e-01 7.980000e-01
4.440892e-16 9.353705e-01 7.990000e-01
8.881784e-16 9.342222e-01 8.000000e-01
2.220446e-16 9.330454e-01 8.010000e-01
0.000000e+00 9.318398e-01 8.020000e-01
4.440892e-16 9.306053e-01 8.030000e-01
4.440892e-16 9.293420e-01 8.040000e-01
4.440892e-16 9.280496e-01 8.050000e-01
4.440892e-16 9.267282e-01 8.060000e-01
4.440892e-16 9.253775e-01 8.070000e-01
4.440892e-16 9.239975e-01 8.080000e-01
4.440892e-16 9.225881e-01 8.090000e-01
2.220446e-16 9.211493e-01 8.100000e-01
6.661338e-16 9.196808e-01 8.110000e-01
2.220446e-16 9.181826e-01 8.120000e-01
4.440892e-16 9.166546e-01 8.130000e-01
0.000000e+00 9.150968e-01 8.140000e-01
2.220446e-16 9.135089e-01 8.150000e-01
6.661338e-16 9.118910e-01 8.160000e-01
2.220446e-16 9.102429e-01 8.170000e-01
0.000000e+00 9.085645e-01 8.180000e-01
1.332268e-15 9.068558e-01 8.190000e-01
4.440892e-16 9.051166e-01 8.200000e-01
2.220446e-16 9.033468e-01 8.210000e-01
4.440892e-16 9.015463e-01 8.220000e-01
8.881784e-16 8.997151e-01 8.230000e-01
0.000000e+00 8.978531e-01 8.240000e-01
4.440892e-16 8.959601e-01 8.250000e-01
8.881784e-16 8.940360e-01 8.260000e-01
0.000000e+00 8.920808e-01 8.270000e-01
0.000000e+00 8.900943e-01 8.280000e-01
4.440892e-16 8.880765e-01 8.290000e-01
4.440892e-16 8.860273e-01 8.300000e-01
8.881784e-16 8.839466e-01 8.310000e-01
4.440892e-16 8.818342e-01 8.320000e-01
4.440892e-16 8.796900e-01 8.330000e-01
0.000000e+00 8.775141e-01 8.340000e-01
8.881784e-16 8.753062e-01 8.350000e-01
4.440892e-16 8.730663e-01 8.360000e-01
0.000000e+00 8.707943e-01 8.370000e-01
0.000000e+00 8.684901e-01 8.380000e-01
8.881784e-16 8.661536e-01 8.390000e-01
4.440892e-16 8.637846e-01 8.400000e-01
4.440892e-16 8.613832e-01 8.410000e-01
4.440892e-16 8.589492e-01 8.420000e-01
0.000000e+00 8.564824e-01 8.430000e-01
8.881784e-16 8.539829e-01 8.440000e-01
0.000000e+00 8.514505e-01 8.450000e-01
0.000000e+00 8.488851e-01 8.460000e-01
1.332268e-15 8.462866e-01 8.470000e-01
4.440892e-16 8.436549e-01 8.480000e-01
4.440892e-16 8.409900e-01 8.490000e-01
4.440892e-16 8.382917e-01 8.500000e-01
8.881784e-16 8.355599e-01 8.510000e-01
0.000000e+00 8.327945e-01 8.520000e-01
0.000000e+00 8.299955e-01 8.530000e-01
4.440892e-16 8.271627e-01 8.540000e-01
4.440892e-16 8.242961e-01 8.550000e-01
4.440892e-16 8.213955e-01 8.560000e-01
4.440892e-16 8.184608e-01 8.570000e-01
0.000000e+00 8.154920e-01 8.580000e-01
8.881784e-16 8.124889e-01 8.590000e-01
0.000000e+00 8.094516e-01 8.600000e-01
4.440892e-16 8.063797e-01 8.610000e-01
4.440892e-16 8.032734e-01 8.620000e-01
0.000000e+00 8.001323e-01 8.630000e-01
0.000000e+00 7.969566e-01 8.640000e-01
4.440892e-16 7.937461e-01 8.650000e-01
4.440892e-16 7.905006e-01 8.660000e-01
8.881784e-16 7.872201e-01 8.670000e-01
4.440892e-16 7.839044e-01 8.680000e-01
8.881784e-16 7.805536e-01 8.690000e-01
0.000000e+00 7.771674e-01 8.700000e-01
8.881784e-16 7.737459e-01 8.710000e-01
4.440892e-16 7.702888e-01 8.720000e-01
4.440892e-16 7.667962e-01 8.730000e-01
4.440892e-16 7.632678e-01 8.740000e-01
1.332268e-15 7.597036e-01 8.750000e-01
0.000000e+00 7.561036e-01 8.760000e-01
4.440892e-16 7.524675e-01 8.770000e-01
4.440892e-16 7.487954e-01 8.780000e-01
0.000000e+00 7.450871e-01 8.790000e-01
4.440892e-16 7.413425e-01 8.800000e-01
4.440892e-16 7.375615e-01 8.810000e-01
4.440892e-16 7.337441e-01 8.820000e-01
4.440892e-16 7.298900e-01 8.830000e-01
4.440892e-16 7.259994e-01 8.840000e-01
4.440892e-16 7.220719e-01 8.850000e-01
4.440892e-16 7.181076e-01 8.860000e-01
1.332268e-15 7.141063e-01 8.870000e-01
4.440892e-16 7.100680e-01 8.880000e-01
4.440892e-16 7.059925e-01 8.890000e-01
4.440892e-16 7.018798e-01 8.900000e-01
8.881784e-16 6.977297e-01 8.910000e-01
4.440892e-16 6.935422e-01 8.920000e-01
4.440892e-16 6.893172e-01 8.930000e-01
0.000000e+00 6.850545e-01 8.940000e-01
0.000000e+00 6.807540e-01 8.950000e-01
4.440892e-16 6.764158e-01 8.960000e-01
0.000000e+00 6.720396e-01 8.970000e-01
4.440892e-16 6.676254e-01 8.980000e-01
8.881784e-16 6.631731e-01 8.990000e-01
4.440892e-16 6.586825e-01 9.000000e-01
0.000000e+00 6.541537e-01 9.010000e-01
8.881784e-16 6.495864e-01 9.020000e-01
0.000000e+00 6.449806e-01 9.030000e-01
4.440892e-16 6.403363e-01 9.040000e-01
4.440892e-16 6.356532e-01 9.050000e-01
4.440892e-16 6.309313e-01 9.060000e-01
8.881784e-16 6.261705e-01 9.070000e-01
0.000000e+00 6.213708e-01 9.080000e-01
8.881784e-16 6.165319e-01 9.090000e-01
4.440892e-16 6.116539e-01 9.100000e-01
8.881784e-16 6.067365e-01 9.110000e-01
0.000000e+00 6.017798e-01 9.120000e-01
4.440892e-16 5.967836e-01 9.130000e-01
8.881784e-16 5.917479e-01 9.140000e-01
8.881784e-16 5.866725e-01 9.150000e-01
4.440892e-16 5.815573e-01 9.160000e-01
8.881784e-16 5.764022e-01 9.170000e-01
8.881784e-16 5.712072e-01 9.180000e-01
0.000000e+00 5.659721e-01 9.190000e-01
4.440892e-16 5.606969e-01 9.200000e-01
4.440892e-16 5.553814e-01 9.210000e-01
0.000000e+00 5.500256e-01 9.220000e-01
1.332268e-15 5.446293e-01 9.230000e-01
0.000000e+00 5.391925e-01 9.240000e-01
4.440892e-16 5.337150e-01 9.250000e-01
8.881784e-16 5.281968e-01 9.260000e-01
8.881784e-16 5.226378e-01 9.270000e-01
4.440892e-16 5.170379e-01 9.280000e-01
8.881784e-16 5.113969e-01 9.290000e-01
0.000000e+00 5.057148e-01 9.300000e-01
4.440892e-16 4.999915e-01 9.310000e-01
4.440892e-16 4.942268e-01 9.320000e-01
4.440892e-16 4.884208e-01 9.330000e-01
4.440892e-16 4.825732e-01 9.340000e-01
1.332268e-15 4.766840e-01 9.350000e-01
4.440892e-16 4.707531e-01 9.360000e-01
0.000000e+00 4.647805e-01 9.370000e-01
0.000000e+00 4.587659e-01 9.380000e-01
8.881784e-16 4.527093e-01 9.390000e-01
0.000000e+00 4.466107e-01 9.400000e-01
0.000000e+00 4.404698e-01 9.410000e-01
0.000000e+00 4.342867e-01 9.420000e-01
1.776357e-15 4.280612e-01 9.430000e-01
4.440892e-16 4.217932e-01 9.440000e-01
0.000000e+00 4.154826e-01 9.450000e-01
0.000000e+00 4.091293e-01 9.460000e-01
1.332268e-15 4.027333e-01 9.470000e-01
0.000000e+00 3.962944e-01 9.480000e-01
4.440892e-16 3.898126e-01 9.490000e-01
8.881784e-16 3.832877e-01 9.500000e-01
0.000000e+00 3.767196e-01 9.510000e-01
1.776357e-15 3.701083e-01 9.520000e-01
0.000000e+00 3.634537e-01 9.530000e-01
8.881784e-16 3.567555e-01 9.540000e-01
8.881784e-16 3.500139e-01 9.550000e-01
0.000000e+00 3.432286e-01 9.560000e-01
0.000000e+00 3.363995e-01 9.570000e-01
8.881784e-16 3.295267e-01 9.580000e-01
0.000000e+00 3.226099e-01 9.590000e-01
0.000000e+00 3.156490e-01 9.600000e-01
1.776357e-15 3.086441e-01 9.610000e-01
8.881784e-16 3.015949e-01 9.620000e-01
0.000000e+00 2.945014e-01 9.630000e-01
8.881784e-16 2.873634e-01 9.640000e-01
0.000000e+00 2.801810e-01 9.650000e-01
8.881784e-16 2.729540e-01 9.660000e-01
8.881784e-16 2.656822e-01 9.670000e-01
0.000000e+00 2.583657e-01 9.680000e-01
0.000000e+00 2.510042e-01 9.690000e-01
8.881784e-16 2.435978e-01 9.700000e-01
8.881784e-16 2.361462e-01 9.710000e-01
8.881784e-16 2.286495e-01 9.720000e-01
0.000000e+00 2.211075e-01 9.730000e-01
0.000000e+00 2.135200e-01 9.740000e-01
0.000000e+00 2.058872e-01 9.750000e-01
8.881784e-16 1.982087e-01 9.760000e-01
8.881784e-16 1.904845e-01 9.770000e-01
8.881784e-16 1.827146e-01 9.780000e-01
0.000000e+00 1.748988e-01 9.790000e-01
8.881784e-16 1.670371e-01 9.800000e-01
8.881784e-16 1.591293e-01 9.810000e-01
8.881784e-16 1.511753e-01 9.820000e-01
8.881784e-16 1.431751e-01 9.830000e-01
0.000000e+00 1.351285e-01 9.840000e-01
8.881784e-16 1.270354e-01 9.850000e-01
1.776357e-15 1.188959e-01 9.860000e-01
1.776357e-15 1.107096e-01 9.870000e-01
8.881784e-16 1.024767e-01 9.880000e-01
8.881784e-16 9.419685e-02 9.890000e-01
8.881784e-16 8.587011e-02 9.900000e-01
0.000000e+00 7.749634e-02 9.910000e-01
0.000000e+00 6.907544e-02 9.920000e-01
0.000000e+00 6.060731e-02 9.930000e-01
0.000000e+00 5.209187e-02 9.940000e-01
8.881784e-16 4.352900e-02 9.950000e-01
0.000000e+00 3.491862e-02 9.960000e-01
0.000000e+00 2.626063e-02 9.970000e-01
8.881784e-16 1.755492e-02 9.980000e-01
0.000000e+00 8.801413e-03 9.990000e-01
