0.000000e+00 0.000000e+00 -1.000000e+00
8.130159e-06 7.354920e-05 -9.990000e-01
1.572339e-05 1.451102e-04 -9.980000e-01
2.280290e-05 2.146953e-04 -9.970000e-01
2.939113e-05 2.823168e-04 -9.960000e-01
3.550972e-05 3.479876e-04 -9.950000e-01
4.117961e-05 4.117207e-04 -9.940000e-01
4.642098e-05 4.735296e-04 -9.930000e-01
5.125332e-05 5.334278e-04 -9.920000e-01
5.569546e-05 5.914295e-04 -9.910000e-01
5.976555e-05 6.475487e-04 -9.900000e-01
6.348109e-05 7.018001e-04 -9.890000e-01
6.685897e-05 7.541984e-04 -9.880000e-01
6.991547e-05 8.047587e-04 -9.870000e-01
7.266629e-05 8.534963e-04 -9.860000e-01
7.512654e-05 9.004267e-04 -9.850000e-01
7.731080e-05 9.455658e-04 -9.840000e-01
7.923309e-05 9.889295e-04 -9.830000e-01
8.090693e-05 1.030534e-03 -9.820000e-01
8.234533e-05 1.070396e-03 -9.810000e-01
8.356079e-05 1.108532e-03 -9.800000e-01
8.456536e-05 1.144959e-03 -9.790000e-01
8.537063e-05 1.179694e-03 -9.780000e-01
8.598771e-05 1.212754e-03 -9.770000e-01
8.642731e-05 1.244158e-03 -9.760000e-01
8.669971e-05 1.273921e-03 -9.750000e-01
8.681478e-05 1.302063e-03 -9.740000e-01
8.678201e-05 1.328601e-03 -9.730000e-01
8.661049e-05 1.353554e-03 -9.720000e-01
8.630896e-05 1.376939e-03 -9.710000e-01
8.588577e-05 1.398775e-03 -9.700000e-01
8.534897e-05 1.419081e-03 -9.690000e-01
8.470624e-05 1.437875e-03 -9.680000e-01
8.396495e-05 1.455177e-03 -9.670000e-01
8.313215e-05 1.471005e-03 -9.660000e-01
8.221458e-05 1.485378e-03 -9.650000e-01
8.121872e-05 1.498316e-03 -9.640000e-01
8.015072e-05 1.509837e-03 -9.630000e-01
7.901650e-05 1.519961e-03 -9.620000e-01
7.782167e-05 1.528707e-03 -9.610000e-01
7.657163e-05 1.536095e-03 -9.600000e-01
7.527150e-05 1.542145e-03 -9.590000e-01
7.392616e-05 1.546876e-03 -9.580000e-01
7.254030e-05 1.550307e-03 -9.570000e-01
7.111833e-05 1.552459e-03 -9.560000e-01
6.966448e-05 1.553351e-03 -9.550000e-01
6.818278e-05 1.553002e-03 -9.540000e-01
6.667703e-05 1.551434e-03 -9.530000e-01
6.515086e-05 1.548664e-03 -9.520000e-01
6.360771e-05 1.544714e-03 -9.510000e-01
6.205083e-05 1.539603e-03 -9.500000e-01
6.048331e-05 1.533351e-03 -9.490000e-01
5.890807e-05 1.525977e-03 -9.480000e-01
5.732787e-05 1.517501e-03 -9.470000e-01
5.574531e-05 1.507944e-03 -9.460000e-01
5.416284e-05 1.497324e-03 -9.450000e-01
5.258279e-05 1.485662e-03 -9.440000e-01
5.100732e-05 1.472976e-03 -9.430000e-01
4.943849e-05 1.459287e-03 -9.420000e-01
4.787820e-05 1.444613e-03 -9.410000e-01
4.632826e-05 1.428975e-03 -9.400000e-01
4.479033e-05 1.412391e-03 -9.390000e-01
4.326600e-05 1.394881e-03 -9.380000e-01
4.175671e-05 1.376464e-03 -9.370000e-01
4.026382e-05 1.357158e-03 -9.360000e-01
3.878859e-05 1.336983e-03 -9.350000e-01
3.733217e-05 1.315957e-03 -9.340000e-01
3.589564e-05 1.294099e-03 -9.330000e-01
3.447997e-05 1.271427e-03 -9.320000e-01
3.308608e-05 1.247960e-03 -9.310000e-01
3.171477e-05 1.223716e-03 -9.300000e-01
3.036678e-05 1.198712e-03 -9.290000e-01
2.904280e-05 1.172968e-03 -9.280000e-01
2.774342e-05 1.146499e-03 -9.270000e-01
2.646917e-05 1.119325e-03 -9.260000e-01
2.522053e-05 1.091462e-03 -9.250000e-01
2.399790e-05 1.062926e-03 -9.240000e-01
2.280164e-05 1.033736e-03 -9.230000e-01
2.163205e-05 1.003908e-03 -9.220000e-01
2.048938e-05 9.734579e-04 -9.210000e-01
1.937381e-05 9.424022e-04 -9.200000e-01
1.828551e-05 9.107570e-04 -9.190000e-01
1.722458e-05 8.785378e-04 -9.180000e-01
1.619107e-05 8.457603e-04 -9.170000e-01
1.518503e-05 8.124396e-04 -9.160000e-01
1.420642e-05 7.785907e-04 -9.150000e-01
1.325521e-05 7.442283e-04 -9.140000e-01
1.233131e-05 7.093667e-04 -9.130000e-01
1.143460e-05 6.740202e-04 -9.120000e-01
1.056494e-05 6.382024e-04 -9.110000e-01
9.722157e-06 6.019269e-04 -9.100000e-01
8.906056e-06 5.652069e-04 -9.090000e-01
8.116410e-06 5.280553e-04 -9.080000e-01
7.352973e-06 4.904847e-04 -9.070000e-01
6.615478e-06 4.525071e-04 -9.060000e-01
5.903637e-06 4.141345e-04 -9.050000e-01
5.217143e-06 3.753785e-04 -9.040000e-01
4.555673e-06 3.362501e-04 -9.030000e-01
3.918888e-06 2.967602e-04 -9.020000e-01
3.306434e-06 2.569192e-04 -9.010000e-01
2.717943e-06 2.167372e-04 -9.000000e-01
2.153037e-06 1.762238e-04 -8.990000e-01
1.611323e-06 1.353882e-04 -8.980000e-01
1.092402e-06 9.423936e-05 -8.970000e-01
5.958639e-07 5.278572e-05 -8.960000e-01
1.212903e-07 1.103531e-05 -8.950000e-01
3.317436e-07 6.793393e-06 -8.940000e-01
7.636690e-07 1.624234e-05 -8.930000e-01
1.174923e-06 2.593014e-05 -8.920000e-01
1.565946e-06 3.582956e-05 -8.910000e-01
1.937184e-06 4.591380e-05 -8.900000e-01
2.289085e-06 5.615654e-05 -8.890000e-01
2.622099e-06 6.653191e-05 -8.880000e-01
2.936680e-06 7.701453e-05 -8.870000e-01
3.233280e-06 8.757948e-05 -8.860000e-01
3.512353e-06 9.820235e-05 -8.850000e-01
3.774353e-06 1.088592e-04 -8.840000e-01
4.019734e-06 1.195266e-04 -8.830000e-01
4.248947e-06 1.301817e-04 -8.820000e-01
4.462444e-06 1.408020e-04 -8.810000e-01
4.660672e-06 1.513658e-04 -8.800000e-01
4.844077e-06 1.618515e-04 -8.790000e-01
5.013103e-06 1.722385e-04 -8.780000e-01
5.168190e-06 1.825064e-04 -8.770000e-01
5.309772e-06 1.926355e-04 -8.760000e-01
5.438284e-06 2.026068e-04 -8.750000e-01
5.554151e-06 2.124015e-04 -8.740000e-01
5.657799e-06 2.220017e-04 -8.730000e-01
5.749644e-06 2.313900e-04 -8.720000e-01
5.830100e-06 2.405493e-04 -8.710000e-01
5.899575e-06 2.494636e-04 -8.700000e-01
5.958472e-06 2.581171e-04 -8.690000e-01
6.007187e-06 2.664947e-04 -8.680000e-01
6.046110e-06 2.745820e-04 -8.670000e-01
6.075625e-06 2.823651e-04 -8.660000e-01
6.096112e-06 2.898308e-04 -8.650000e-01
6.107941e-06 2.969666e-04 -8.640000e-01
6.111479e-06 3.037604e-04 -8.630000e-01
6.107082e-06 3.102010e-04 -8.620000e-01
6.095103e-06 3.162777e-04 -8.610000e-01
6.075888e-06 3.219804e-04 -8.600000e-01
6.049773e-06 3.272999e-04 -8.590000e-01
6.017090e-06 3.322275e-04 -8.580000e-01
5.978162e-06 3.367551e-04 -8.570000e-01
5.933307e-06 3.408754e-04 -8.560000e-01
5.882834e-06 3.445818e-04 -8.550000e-01
5.827045e-06 3.478683e-04 -8.540000e-01
5.766237e-06 3.507297e-04 -8.530000e-01
5.700697e-06 3.531615e-04 -8.520000e-01
5.630707e-06 3.551597e-04 -8.510000e-01
5.556539e-06 3.567212e-04 -8.500000e-01
5.478462e-06 3.578438e-04 -8.490000e-01
5.396734e-06 3.585256e-04 -8.480000e-01
5.311609e-06 3.587657e-04 -8.470000e-01
5.223331e-06 3.585640e-04 -8.460000e-01
5.132140e-06 3.579210e-04 -8.450000e-01
5.038266e-06 3.568379e-04 -8.440000e-01
4.941935e-06 3.553168e-04 -8.430000e-01
4.843365e-06 3.533605e-04 -8.420000e-01
4.742765e-06 3.509726e-04 -8.410000e-01
4.640342e-06 3.481574e-04 -8.400000e-01
4.536292e-06 3.449200e-04 -8.390000e-01
4.430806e-06 3.412663e-04 -8.380000e-01
4.324069e-06 3.372031e-04 -8.370000e-01
4.216259e-06 3.327377e-04 -8.360000e-01
4.107549e-06 3.278785e-04 -8.350000e-01
3.998103e-06 3.226345e-04 -8.340000e-01
3.888082e-06 3.170157e-04 -8.330000e-01
3.777638e-06 3.110326e-04 -8.320000e-01
3.666919e-06 3.046969e-04 -8.310000e-01
3.556067e-06 2.980208e-04 -8.300000e-01
3.445218e-06 2.910176e-04 -8.290000e-01
3.334501e-06 2.837011e-04 -8.280000e-01
3.224042e-06 2.760863e-04 -8.270000e-01
3.113960e-06 2.681888e-04 -8.260000e-01
3.004367e-06 2.600252e-04 -8.250000e-01
2.895374e-06 2.516127e-04 -8.240000e-01
2.787083e-06 2.429697e-04 -8.230000e-01
2.679593e-06 2.341151e-04 -8.220000e-01
2.572997e-06 2.250690e-04 -8.210000e-01
2.467383e-06 2.158521e-04 -8.200000e-01
2.362837e-06 2.064861e-04 -8.190000e-01
2.259436e-06 1.969936e-04 -8.180000e-01
2.157256e-06 1.873980e-04 -8.170000e-01
2.056367e-06 1.777236e-04 -8.160000e-01
1.956836e-06 1.679957e-04 -8.150000e-01
1.858724e-06 1.582403e-04 -8.140000e-01
1.762089e-06 1.484845e-04 -8.130000e-01
1.666985e-06 1.387561e-04 -8.120000e-01
1.573462e-06 1.290839e-04 -8.110000e-01
1.481567e-06 1.194976e-04 -8.100000e-01
1.391342e-06 1.100279e-04 -8.090000e-01
1.302826e-06 1.007063e-04 -8.080000e-01
1.216055e-06 9.156513e-05 -8.070000e-01
1.131062e-06 8.263790e-05 -8.060000e-01
1.047875e-06 7.395886e-05 -8.050000e-01
9.665204e-07 6.556321e-05 -8.040000e-01
8.870214e-07 5.748712e-05 -8.030000e-01
8.093980e-07 4.976766e-05 -8.020000e-01
7.336672e-07 4.244286e-05 -8.010000e-01
6.598437e-07 3.555169e-05 -8.000000e-01
5.879392e-07 2.913404e-05 -7.990000e-01
5.179629e-07 2.323076e-05 -7.980000e-01
4.499217e-07 1.788366e-05 -7.970000e-01
3.838200e-07 1.313549e-05 -7.960000e-01
3.196600e-07 9.029951e-06 -7.950000e-01
2.574416e-07 5.611708e-06 -7.940000e-01
1.971627e-07 2.926382e-06 -7.930000e-01
1.388192e-07 1.020558e-06 -7.920000e-01
8.240491e-08 5.821714e-08 -7.910000e-01
2.791198e-08 2.614272e-07 -7.900000e-01
2.466933e-08 4.585682e-07 -7.890000e-01
7.535044e-08 2.102244e-06 -7.880000e-01
1.241443e-07 4.619490e-06 -7.870000e-01
1.710656e-07 7.958643e-06 -7.860000e-01
2.161302e-07 1.206902e-05 -7.850000e-01
2.593557e-07 1.690091e-05 -7.840000e-01
3.007606e-07 2.240559e-05 -7.830000e-01
3.403650e-07 2.853532e-05 -7.820000e-01
3.781901e-07 3.524334e-05 -7.810000e-01
4.142580e-07 4.248388e-05 -7.800000e-01
4.485922e-07 5.021215e-05 -7.790000e-01
4.812169e-07 5.838437e-05 -7.780000e-01
5.121573e-07 6.695774e-05 -7.770000e-01
5.414395e-07 7.589043e-05 -7.760000e-01
5.690904e-07 8.514164e-05 -7.750000e-01
5.951377e-07 9.467155e-05 -7.740000e-01
6.196095e-07 1.044413e-04 -7.730000e-01
6.425349e-07 1.144131e-04 -7.720000e-01
6.639434e-07 1.245502e-04 -7.710000e-01
6.838650e-07 1.348165e-04 -7.700000e-01
7.023303e-07 1.451775e-04 -7.690000e-01
7.193702e-07 1.555992e-04 -7.680000e-01
7.350160e-07 1.660487e-04 -7.670000e-01
7.492995e-07 1.764943e-04 -7.660000e-01
7.622525e-07 1.869051e-04 -7.650000e-01
7.739073e-07 1.972514e-04 -7.640000e-01
7.842964e-07 2.075042e-04 -7.630000e-01
7.934523e-07 2.176358e-04 -7.620000e-01
8.014076e-07 2.276193e-04 -7.610000e-01
8.081954e-07 2.374291e-04 -7.600000e-01
8.138482e-07 2.470401e-04 -7.590000e-01
8.183992e-07 2.564287e-04 -7.580000e-01
8.218811e-07 2.655721e-04 -7.570000e-01
8.243267e-07 2.744484e-04 -7.560000e-01
8.257688e-07 2.830369e-04 -7.550000e-01
8.262400e-07 2.913178e-04 -7.540000e-01
8.257728e-07 2.992723e-04 -7.530000e-01
8.243996e-07 3.068827e-04 -7.520000e-01
8.221525e-07 3.141321e-04 -7.510000e-01
8.190634e-07 3.210048e-04 -7.500000e-01
8.151639e-07 3.274860e-04 -7.490000e-01
8.104857e-07 3.335619e-04 -7.480000e-01
8.050597e-07 3.392198e-04 -7.470000e-01
7.989169e-07 3.444479e-04 -7.460000e-01
7.920877e-07 3.492354e-04 -7.450000e-01
7.846024e-07 3.535726e-04 -7.440000e-01
7.764907e-07 3.574506e-04 -7.430000e-01
7.677820e-07 3.608617e-04 -7.420000e-01
7.585056e-07 3.637990e-04 -7.410000e-01
7.486898e-07 3.662568e-04 -7.400000e-01
7.383631e-07 3.682302e-04 -7.390000e-01
7.275532e-07 3.697154e-04 -7.380000e-01
7.162874e-07 3.707097e-04 -7.370000e-01
7.045927e-07 3.712110e-04 -7.360000e-01
6.924953e-07 3.712186e-04 -7.350000e-01
6.800213e-07 3.707326e-04 -7.340000e-01
6.671962e-07 3.697540e-04 -7.330000e-01
6.540448e-07 3.682850e-04 -7.320000e-01
6.405916e-07 3.663285e-04 -7.310000e-01
6.268607e-07 3.638887e-04 -7.300000e-01
6.128753e-07 3.609704e-04 -7.290000e-01
5.986585e-07 3.575797e-04 -7.280000e-01
5.842327e-07 3.537235e-04 -7.270000e-01
5.696196e-07 3.494096e-04 -7.260000e-01
5.548407e-07 3.446470e-04 -7.250000e-01
5.399167e-07 3.394454e-04 -7.240000e-01
5.248679e-07 3.338157e-04 -7.230000e-01
5.097140e-07 3.277695e-04 -7.220000e-01
4.944743e-07 3.213196e-04 -7.210000e-01
4.791673e-07 3.144795e-04 -7.200000e-01
4.638112e-07 3.072639e-04 -7.190000e-01
4.484236e-07 2.996882e-04 -7.180000e-01
4.330214e-07 2.917689e-04 -7.170000e-01
4.176213e-07 2.835234e-04 -7.160000e-01
4.022391e-07 2.749701e-04 -7.150000e-01
3.868903e-07 2.661282e-04 -7.140000e-01
3.715898e-07 2.570178e-04 -7.130000e-01
3.563521e-07 2.476602e-04 -7.120000e-01
3.411908e-07 2.380772e-04 -7.110000e-01
3.261195e-07 2.282919e-04 -7.100000e-01
3.111510e-07 2.183281e-04 -7.090000e-01
2.962974e-07 2.082106e-04 -7.080000e-01
2.815708e-07 1.979651e-04 -7.070000e-01
2.669823e-07 1.876180e-04 -7.060000e-01
2.525429e-07 1.771969e-04 -7.050000e-01
2.382628e-07 1.667302e-04 -7.040000e-01
2.241519e-07 1.562471e-04 -7.030000e-01
2.102195e-07 1.457776e-04 -7.020000e-01
1.964747e-07 1.353529e-04 -7.010000e-01
1.829258e-07 1.250049e-04 -7.000000e-01
1.695808e-07 1.147662e-04 -6.990000e-01
1.564473e-07 1.046705e-04 -6.980000e-01
1.435323e-07 9.475225e-05 -6.970000e-01
1.308426e-07 8.504689e-05 -6.960000e-01
1.183843e-07 7.559057e-05 -6.950000e-01
1.061632e-07 6.642033e-05 -6.940000e-01
9.418490e-08 5.757407e-05 -6.930000e-01
8.245424e-08 4.909052e-05 -6.920000e-01
7.097586e-08 4.100924e-05 -6.910000e-01
5.975398e-08 3.337063e-05 -6.900000e-01
4.879245e-08 2.621589e-05 -6.890000e-01
3.809472e-08 1.958706e-05 -6.880000e-01
2.766390e-08 1.352699e-05 -6.870000e-01
1.750274e-08 8.079325e-06 -6.860000e-01
7.613637e-09 3.288526e-06 -6.850000e-01
2.001332e-09 8.002851e-07 -6.840000e-01
1.134044e-08 4.164984e-06 -6.830000e-01
2.040226e-08 6.834204e-06 -6.820000e-01
2.918571e-08 8.842539e-06 -6.810000e-01
3.768997e-08 1.022381e-05 -6.800000e-01
4.591454e-08 1.101107e-05 -6.790000e-01
5.385921e-08 1.123660e-05 -6.780000e-01
6.152403e-08 1.093194e-05 -6.770000e-01
6.890933e-08 1.012788e-05 -6.760000e-01
7.601571e-08 8.854443e-06 -6.750000e-01
8.284401e-08 7.140939e-06 -6.740000e-01
8.939531e-08 5.015932e-06 -6.730000e-01
9.567093e-08 2.507267e-06 -6.720000e-01
1.016724e-07 3.579353e-07 -6.710000e-01
1.074016e-07 3.553265e-06 -6.700000e-01
1.128603e-07 7.053018e-06 -6.690000e-01
1.180509e-07 1.083219e-05 -6.680000e-01
1.229757e-07 1.486648e-05 -6.670000e-01
1.276372e-07 1.913225e-05 -6.660000e-01
1.320382e-07 2.360657e-05 -6.650000e-01
1.361816e-07 2.826717e-05 -6.640000e-01
1.400706e-07 3.309244e-05 -6.630000e-01
1.437082e-07 3.806145e-05 -6.620000e-01
1.470979e-07 4.315390e-05 -6.610000e-01
1.502433e-07 4.835014e-05 -6.600000e-01
1.531479e-07 5.363118e-05 -6.590000e-01
1.558157e-07 5.897863e-05 -6.580000e-01
1.582503e-07 6.437476e-05 -6.570000e-01
1.604560e-07 6.980242e-05 -6.560000e-01
1.624368e-07 7.524510e-05 -6.550000e-01
1.641968e-07 8.068687e-05 -6.540000e-01
1.657405e-07 8.611241e-05 -6.530000e-01
1.670723e-07 9.150699e-05 -6.520000e-01
1.681965e-07 9.685644e-05 -6.510000e-01
1.691177e-07 1.021472e-04 -6.500000e-01
1.698406e-07 1.073662e-04 -6.490000e-01
1.703698e-07 1.125010e-04 -6.480000e-01
1.707100e-07 1.175397e-04 -6.470000e-01
1.708660e-07 1.224710e-04 -6.460000e-01
1.708427e-07 1.272839e-04 -6.450000e-01
1.706448e-07 1.319683e-04 -6.440000e-01
1.702773e-07 1.365142e-04 -6.430000e-01
1.697450e-07 1.409124e-04 -6.420000e-01
1.690530e-07 1.451542e-04 -6.410000e-01
1.682061e-07 1.492311e-04 -6.400000e-01
1.672092e-07 1.531356e-04 -6.390000e-01
1.660675e-07 1.568601e-04 -6.380000e-01
1.647858e-07 1.603979e-04 -6.370000e-01
1.633690e-07 1.637426e-04 -6.360000e-01
1.618222e-07 1.668882e-04 -6.350000e-01
1.601503e-07 1.698293e-04 -6.340000e-01
1.583582e-07 1.725608e-04 -6.330000e-01
1.564508e-07 1.750780e-04 -6.320000e-01
1.544331e-07 1.773767e-04 -6.310000e-01
1.523098e-07 1.794532e-04 -6.300000e-01
1.500857e-07 1.813040e-04 -6.290000e-01
1.477658e-07 1.829261e-04 -6.280000e-01
1.453547e-07 1.843170e-04 -6.270000e-01
1.428571e-07 1.854743e-04 -6.260000e-01
1.402778e-07 1.863963e-04 -6.250000e-01
1.376212e-07 1.870813e-04 -6.240000e-01
1.348921e-07 1.875282e-04 -6.230000e-01
1.320950e-07 1.877361e-04 -6.220000e-01
1.292342e-07 1.877047e-04 -6.210000e-01
1.263142e-07 1.874336e-04 -6.200000e-01
1.233393e-07 1.869231e-04 -6.190000e-01
1.203139e-07 1.861736e-04 -6.180000e-01
1.172421e-07 1.851858e-04 -6.170000e-01
1.141281e-07 1.839607e-04 -6.160000e-01
1.109761e-07 1.824997e-04 -6.150000e-01
1.077899e-07 1.808043e-04 -6.140000e-01
1.045735e-07 1.788763e-04 -6.130000e-01
1.013308e-07 1.767179e-04 -6.120000e-01
9.806570e-08 1.743313e-04 -6.110000e-01
9.478176e-08 1.717191e-04 -6.100000e-01
9.148268e-08 1.688841e-04 -6.090000e-01
8.817202e-08 1.658292e-04 -6.080000e-01
8.485325e-08 1.625577e-04 -6.070000e-01
8.152978e-08 1.590729e-04 -6.060000e-01
7.820492e-08 1.553784e-04 -6.050000e-01
7.488191e-08 1.514780e-04 -6.040000e-01
7.156389e-08 1.473754e-04 -6.030000e-01
6.825394e-08 1.430749e-04 -6.020000e-01
6.495504e-08 1.385806e-04 -6.010000e-01
6.167008e-08 1.338968e-04 -6.000000e-01
5.840188e-08 1.290280e-04 -5.990000e-01
5.515316e-08 1.239789e-04 -5.980000e-01
5.192656e-08 1.187540e-04 -5.970000e-01
4.872464e-08 1.133582e-04 -5.960000e-01
4.554986e-08 1.077964e-04 -5.950000e-01
4.240461e-08 1.020735e-04 -5.940000e-01
3.929119e-08 9.619462e-05 -5.930000e-01
3.621180e-08 9.016473e-05 -5.920000e-01
3.316857e-08 8.398902e-05 -5.910000e-01
3.016354e-08 7.767264e-05 -5.900000e-01
2.719867e-08 7.122082e-05 -5.890000e-01
2.427581e-08 6.463875e-05 -5.880000e-01
2.139677e-08 5.793169e-05 -5.870000e-01
1.856324e-08 5.110486e-05 -5.860000e-01
1.577684e-08 4.416347e-05 -5.850000e-01
1.303912e-08 3.711273e-05 -5.840000e-01
1.035151e-08 2.995781e-05 -5.830000e-01
7.715412e-09 2.270384e-05 -5.820000e-01
5.132107e-09 1.535589e-05 -5.810000e-01
2.602814e-09 7.918983e-06 -5.800000e-01
1.286700e-10 3.980718e-07 -5.790000e-01
2.289264e-09 7.200639e-06 -5.780000e-01
4.650005e-09 1.486476e-05 -5.770000e-01
6.952644e-09 2.258019e-05 -5.760000e-01
9.196347e-09 3.033290e-05 -5.750000e-01
1.138035e-08 3.810901e-05 -5.740000e-01
1.350397e-08 4.589476e-05 -5.730000e-01
1.556659e-08 5.367653e-05 -5.720000e-01
1.756766e-08 6.144086e-05 -5.710000e-01
1.950669e-08 6.917443e-05 -5.700000e-01
2.138328e-08 7.686412e-05 -5.690000e-01
2.319709e-08 8.449696e-05 -5.680000e-01
2.494782e-08 9.206018e-05 -5.670000e-01
2.663527e-08 9.954123e-05 -5.660000e-01
2.825928e-08 1.069278e-04 -5.650000e-01
2.981975e-08 1.142076e-04 -5.640000e-01
3.131666e-08 1.213689e-04 -5.630000e-01
3.275001e-08 1.283999e-04 -5.620000e-01
3.411990e-08 1.352893e-04 -5.610000e-01
3.542645e-08 1.420260e-04 -5.600000e-01
3.666987e-08 1.485989e-04 -5.590000e-01
3.785038e-08 1.549976e-04 -5.580000e-01
3.896829e-08 1.612117e-04 -5.570000e-01
4.002393e-08 1.672312e-04 -5.560000e-01
4.101770e-08 1.730465e-04 -5.550000e-01
4.195003e-08 1.786481e-04 -5.540000e-01
4.282141e-08 1.840270e-04 -5.530000e-01
4.363236e-08 1.891745e-04 -5.520000e-01
4.438346e-08 1.940823e-04 -5.510000e-01
4.507531e-08 1.987424e-04 -5.500000e-01
4.570855e-08 2.031471e-04 -5.490000e-01
4.628389e-08 2.072893e-04 -5.480000e-01
4.680204e-08 2.111620e-04 -5.470000e-01
4.726376e-08 2.147589e-04 -5.460000e-01
4.766984e-08 2.180739e-04 -5.450000e-01
4.802111e-08 2.211015e-04 -5.440000e-01
4.831842e-08 2.238363e-04 -5.430000e-01
4.856267e-08 2.262738e-04 -5.420000e-01
4.875475e-08 2.284095e-04 -5.410000e-01
4.889561e-08 2.302398e-04 -5.400000e-01
4.898622e-08 2.317611e-04 -5.390000e-01
4.902756e-08 2.329708e-04 -5.380000e-01
4.902064e-08 2.338663e-04 -5.370000e-01
4.896649e-08 2.344458e-04 -5.360000e-01
4.886617e-08 2.347079e-04 -5.350000e-01
4.872074e-08 2.346518e-04 -5.340000e-01
4.853129e-08 2.342772e-04 -5.330000e-01
4.829893e-08 2.335842e-04 -5.320000e-01
4.802476e-08 2.325736e-04 -5.310000e-01
4.770992e-08 2.312468e-04 -5.300000e-01
4.735555e-08 2.296057e-04 -5.290000e-01
4.696280e-08 2.276526e-04 -5.280000e-01
4.653284e-08 2.253907e-04 -5.270000e-01
4.606683e-08 2.228237e-04 -5.260000e-01
4.556595e-08 2.199557e-04 -5.250000e-01
4.503138e-08 2.167917e-04 -5.240000e-01
4.446431e-08 2.133371e-04 -5.230000e-01
4.386594e-08 2.095981e-04 -5.220000e-01
4.323746e-08 2.055816e-04 -5.210000e-01
4.258006e-08 2.012948e-04 -5.200000e-01
4.189494e-08 1.967459e-04 -5.190000e-01
4.118329e-08 1.919437e-04 -5.180000e-01
4.044632e-08 1.868977e-04 -5.170000e-01
3.968521e-08 1.816179e-04 -5.160000e-01
3.890115e-08 1.761152e-04 -5.150000e-01
3.809532e-08 1.704012e-04 -5.140000e-01
3.726891e-08 1.644881e-04 -5.130000e-01
3.642309e-08 1.583890e-04 -5.120000e-01
3.555902e-08 1.521175e-04 -5.110000e-01
3.467787e-08 1.456882e-04 -5.100000e-01
3.378077e-08 1.391163e-04 -5.090000e-01
3.286888e-08 1.324178e-04 -5.080000e-01
3.194332e-08 1.256094e-04 -5.070000e-01
3.100521e-08 1.187088e-04 -5.060000e-01
3.005565e-08 1.117342e-04 -5.050000e-01
2.909575e-08 1.047048e-04 -5.040000e-01
2.812659e-08 9.764050e-05 -5.030000e-01
2.714923e-08 9.056217e-05 -5.020000e-01
2.616473e-08 8.349134e-05 -5.010000e-01
2.517413e-08 7.645044e-05 -5.000000e-01
2.417845e-08 6.946276e-05 -4.990000e-01
2.317870e-08 6.255239e-05 -4.980000e-01
2.217587e-08 5.574434e-05 -4.970000e-01
2.117094e-08 4.906443e-05 -4.960000e-01
2.016486e-08 4.253941e-05 -4.950000e-01
1.915858e-08 3.619686e-05 -4.940000e-01
1.815301e-08 3.006531e-05 -4.930000e-01
1.714906e-08 2.417415e-05 -4.920000e-01
1.614761e-08 1.855368e-05 -4.910000e-01
1.514952e-08 1.323516e-05 -4.900000e-01
1.415565e-08 8.250716e-06 -4.890000e-01
1.316681e-08 3.633454e-06 -4.880000e-01
1.218380e-08 5.825997e-07 -4.870000e-01
1.120742e-08 4.362464e-06 -4.860000e-01
1.023842e-08 7.670200e-06 -4.850000e-01
9.277551e-09 1.046891e-05 -4.840000e-01
8.325522e-09 1.272070e-05 -4.830000e-01
7.383036e-09 1.438674e-05 -4.820000e-01
6.450771e-09 1.542716e-05 -4.810000e-01
5.529381e-09 1.580113e-05 -4.800000e-01
4.619500e-09 1.546680e-05 -4.790000e-01
3.721738e-09 1.438131e-05 -4.780000e-01
2.836686e-09 1.250080e-05 -4.770000e-01
1.964910e-09 9.780352e-06 -4.760000e-01
1.106954e-09 6.174042e-06 -4.750000e-01
2.633428e-10 1.634892e-06 -4.740000e-01
5.654245e-10 3.879183e-06 -4.730000e-01
1.378870e-09 1.034652e-05 -4.720000e-01
2.176536e-09 1.770665e-05 -4.710000e-01
2.957991e-09 2.589955e-05 -4.700000e-01
3.722821e-09 3.486631e-05 -4.690000e-01
4.470637e-09 4.454908e-05 -4.680000e-01
5.201070e-09 5.489112e-05 -4.670000e-01
5.913776e-09 6.583676e-05 -4.660000e-01
6.608429e-09 7.733146e-05 -4.650000e-01
7.284726e-09 8.932176e-05 -4.640000e-01
7.942386e-09 1.017553e-04 -4.630000e-01
8.581148e-09 1.145810e-04 -4.620000e-01
9.200774e-09 1.277487e-04 -4.610000e-01
9.801043e-09 1.412094e-04 -4.600000e-01
1.038176e-08 1.549154e-04 -4.590000e-01
1.094274e-08 1.688199e-04 -4.580000e-01
1.148384e-08 1.828776e-04 -4.570000e-01
1.200491e-08 1.970440e-04 -4.560000e-01
1.250584e-08 2.112761e-04 -4.550000e-01
1.298653e-08 2.255317e-04 -4.540000e-01
1.344689e-08 2.397701e-04 -4.530000e-01
1.388688e-08 2.539516e-04 -4.520000e-01
1.430644e-08 2.680377e-04 -4.510000e-01
1.470556e-08 2.819913e-04 -4.500000e-01
1.508423e-08 2.957762e-04 -4.490000e-01
1.544246e-08 3.093577e-04 -4.480000e-01
1.578028e-08 3.227019e-04 -4.470000e-01
1.609773e-08 3.357767e-04 -4.460000e-01
1.639489e-08 3.485506e-04 -4.450000e-01
1.667183e-08 3.609938e-04 -4.440000e-01
1.692864e-08 3.730775e-04 -4.430000e-01
1.716545e-08 3.847742e-04 -4.420000e-01
1.738236e-08 3.960576e-04 -4.410000e-01
1.757953e-08 4.069028e-04 -4.400000e-01
1.775711e-08 4.172859e-04 -4.390000e-01
1.791527e-08 4.271844e-04 -4.380000e-01
1.805419e-08 4.365771e-04 -4.370000e-01
1.817407e-08 4.454439e-04 -4.360000e-01
1.827513e-08 4.537663e-04 -4.350000e-01
1.835757e-08 4.615267e-04 -4.340000e-01
1.842164e-08 4.687090e-04 -4.330000e-01
1.846758e-08 4.752982e-04 -4.320000e-01
1.849566e-08 4.812808e-04 -4.310000e-01
1.850613e-08 4.866446e-04 -4.300000e-01
1.849928e-08 4.913784e-04 -4.290000e-01
1.847539e-08 4.954726e-04 -4.280000e-01
1.843477e-08 4.989187e-04 -4.270000e-01
1.837772e-08 5.017097e-04 -4.260000e-01
1.830456e-08 5.038397e-04 -4.250000e-01
1.821561e-08 5.053044e-04 -4.240000e-01
1.811121e-08 5.061005e-04 -4.230000e-01
1.799170e-08 5.062261e-04 -4.220000e-01
1.785743e-08 5.056809e-04 -4.210000e-01
1.770875e-08 5.044655e-04 -4.200000e-01
1.754603e-08 5.025822e-04 -4.190000e-01
1.736963e-08 5.000343e-04 -4.180000e-01
1.717992e-08 4.968267e-04 -4.170000e-01
1.697729e-08 4.929656e-04 -4.160000e-01
1.676211e-08 4.884584e-04 -4.150000e-01
1.653478e-08 4.833140e-04 -4.140000e-01
1.629569e-08 4.775426e-04 -4.130000e-01
1.604523e-08 4.711557e-04 -4.120000e-01
1.578380e-08 4.641661e-04 -4.110000e-01
1.551181e-08 4.565881e-04 -4.100000e-01
1.522966e-08 4.484373e-04 -4.090000e-01
1.493775e-08 4.397307e-04 -4.080000e-01
1.463650e-08 4.304866e-04 -4.070000e-01
1.432631e-08 4.207246e-04 -4.060000e-01
1.400759e-08 4.104657e-04 -4.050000e-01
1.368077e-08 3.997325e-04 -4.040000e-01
1.334625e-08 3.885486e-04 -4.030000e-01
1.300443e-08 3.769393e-04 -4.020000e-01
1.265575e-08 3.649310e-04 -4.010000e-01
1.230060e-08 3.525516e-04 -4.000000e-01
1.193940e-08 3.398305e-04 -3.990000e-01
1.157256e-08 3.267981e-04 -3.980000e-01
1.120048e-08 3.134866e-04 -3.970000e-01
1.082357e-08 2.999294e-04 -3.960000e-01
1.044224e-08 2.861612e-04 -3.950000e-01
1.005689e-08 2.722181e-04 -3.940000e-01
9.667914e-09 2.581378e-04 -3.930000e-01
9.275712e-09 2.439591e-04 -3.920000e-01
8.880675e-09 2.297224e-04 -3.910000e-01
8.483193e-09 2.154693e-04 -3.900000e-01
8.083651e-09 2.012428e-04 -3.890000e-01
7.682431e-09 1.870875e-04 -3.880000e-01
7.279910e-09 1.730492e-04 -3.870000e-01
6.876460e-09 1.591750e-04 -3.860000e-01
6.472449e-09 1.455137e-04 -3.850000e-01
6.068242e-09 1.321151e-04 -3.840000e-01
5.664194e-09 1.190306e-04 -3.830000e-01
5.260658e-09 1.063131e-04 -3.820000e-01
4.857982e-09 9.401658e-05 -3.810000e-01
4.456506e-09 8.219662e-05 -3.800000e-01
4.056564e-09 7.091012e-05 -3.790000e-01
3.658487e-09 6.021536e-05 -3.780000e-01
3.262596e-09 5.017201e-05 -3.770000e-01
2.869207e-09 4.084112e-05 -3.760000e-01
2.478630e-09 3.228512e-05 -3.750000e-01
2.091166e-09 2.456780e-05 -3.740000e-01
1.707113e-09 1.775437e-05 -3.730000e-01
1.326757e-09 1.191137e-05 -3.720000e-01
9.503810e-10 7.106753e-06 -3.710000e-01
5.782580e-10 3.409822e-06 -3.700000e-01
2.106550e-10 8.912649e-07 -3.690000e-01
1.521693e-10 3.786532e-07 -3.680000e-01
5.099638e-10 3.899839e-07 -3.670000e-01
8.624843e-10 7.927668e-07 -3.660000e-01
1.209496e-09 3.101804e-06 -3.650000e-01
1.550770e-09 6.470697e-06 -3.640000e-01
1.886087e-09 1.083438e-05 -3.630000e-01
2.215235e-09 1.612914e-05 -3.620000e-01
2.538011e-09 2.229264e-05 -3.610000e-01
2.854218e-09 2.926387e-05 -3.600000e-01
3.163670e-09 3.698321e-05 -3.590000e-01
3.466186e-09 4.539236e-05 -3.580000e-01
3.761596e-09 5.443440e-05 -3.570000e-01
4.049738e-09 6.405372e-05 -3.560000e-01
4.330457e-09 7.419608e-05 -3.550000e-01
4.603606e-09 8.480857e-05 -3.540000e-01
4.869049e-09 9.583964e-05 -3.530000e-01
5.126654e-09 1.072390e-04 -3.520000e-01
5.376301e-09 1.189579e-04 -3.510000e-01
5.617877e-09 1.309486e-04 -3.500000e-01
5.851276e-09 1.431649e-04 -3.490000e-01
6.076404e-09 1.555619e-04 -3.480000e-01
6.293169e-09 1.680960e-04 -3.470000e-01
6.501493e-09 1.807249e-04 -3.460000e-01
6.701304e-09 1.934076e-04 -3.450000e-01
6.892536e-09 2.061045e-04 -3.440000e-01
7.075134e-09 2.187772e-04 -3.430000e-01
7.249049e-09 2.313886e-04 -3.420000e-01
7.414242e-09 2.439029e-04 -3.410000e-01
7.570678e-09 2.562858e-04 -3.400000e-01
7.718333e-09 2.685039e-04 -3.390000e-01
7.857191e-09 2.805255e-04 -3.380000e-01
7.987240e-09 2.923199e-04 -3.370000e-01
8.108479e-09 3.038576e-04 -3.360000e-01
8.220912e-09 3.151108e-04 -3.350000e-01
8.324551e-09 3.260525e-04 -3.340000e-01
8.419416e-09 3.366571e-04 -3.330000e-01
8.505534e-09 3.469005e-04 -3.320000e-01
8.582937e-09 3.567596e-04 -3.310000e-01
8.651666e-09 3.662126e-04 -3.300000e-01
8.711767e-09 3.752389e-04 -3.290000e-01
8.763294e-09 3.838192e-04 -3.280000e-01
8.806306e-09 3.919355e-04 -3.270000e-01
8.840870e-09 3.995709e-04 -3.260000e-01
8.867057e-09 4.067097e-04 -3.250000e-01
8.884947e-09 4.133375e-04 -3.240000e-01
8.894624e-09 4.194413e-04 -3.230000e-01
8.896176e-09 4.250088e-04 -3.220000e-01
8.889701e-09 4.300294e-04 -3.210000e-01
8.875299e-09 4.344934e-04 -3.200000e-01
8.853076e-09 4.383924e-04 -3.190000e-01
8.823145e-09 4.417191e-04 -3.180000e-01
8.785622e-09 4.444676e-04 -3.170000e-01
8.740627e-09 4.466329e-04 -3.160000e-01
8.688289e-09 4.482112e-04 -3.150000e-01
8.628737e-09 4.492000e-04 -3.140000e-01
8.562106e-09 4.495978e-04 -3.130000e-01
8.488537e-09 4.494045e-04 -3.120000e-01
8.408172e-09 4.486208e-04 -3.110000e-01
8.321160e-09 4.472486e-04 -3.100000e-01
8.227650e-09 4.452912e-04 -3.090000e-01
8.127799e-09 4.427528e-04 -3.080000e-01
8.021765e-09 4.396386e-04 -3.070000e-01
7.909708e-09 4.359552e-04 -3.060000e-01
7.791794e-09 4.317100e-04 -3.050000e-01
7.668190e-09 4.269116e-04 -3.040000e-01
7.539067e-09 4.215699e-04 -3.030000e-01
7.404597e-09 4.156955e-04 -3.020000e-01
7.264956e-09 4.093003e-04 -3.010000e-01
7.120321e-09 4.023973e-04 -3.000000e-01
6.970873e-09 3.950003e-04 -2.990000e-01
6.816792e-09 3.871244e-04 -2.980000e-01
6.658262e-09 3.787856e-04 -2.970000e-01
6.495469e-09 3.700010e-04 -2.960000e-01
6.328599e-09 3.607887e-04 -2.950000e-01
6.157839e-09 3.511678e-04 -2.940000e-01
5.983379e-09 3.411584e-04 -2.930000e-01
5.805407e-09 3.307817e-04 -2.920000e-01
5.624117e-09 3.200596e-04 -2.910000e-01
5.439697e-09 3.090154e-04 -2.900000e-01
5.252340e-09 2.976730e-04 -2.890000e-01
5.062239e-09 2.860575e-04 -2.880000e-01
4.869584e-09 2.741949e-04 -2.870000e-01
4.674570e-09 2.621120e-04 -2.860000e-01
4.477388e-09 2.498369e-04 -2.850000e-01
4.278229e-09 2.373981e-04 -2.840000e-01
4.077285e-09 2.248256e-04 -2.830000e-01
3.874748e-09 2.121498e-04 -2.820000e-01
3.670807e-09 1.994024e-04 -2.810000e-01
3.465652e-09 1.866158e-04 -2.800000e-01
3.259471e-09 1.738234e-04 -2.790000e-01
3.052451e-09 1.610592e-04 -2.780000e-01
2.844777e-09 1.483584e-04 -2.770000e-01
2.636636e-09 1.357569e-04 -2.760000e-01
2.428209e-09 1.232916e-04 -2.750000e-01
2.219678e-09 1.110000e-04 -2.740000e-01
2.011222e-09 9.892053e-05 -2.730000e-01
1.803020e-09 8.709257e-05 -2.720000e-01
1.595246e-09 7.555617e-05 -2.710000e-01
1.388075e-09 6.435225e-05 -2.700000e-01
1.181677e-09 5.352250e-05 -2.690000e-01
9.762215e-10 4.310938e-05 -2.680000e-01
7.718749e-10 3.315618e-05 -2.670000e-01
5.688007e-10 2.370689e-05 -2.660000e-01
3.671604e-10 1.480631e-05 -2.650000e-01
1.671124e-10 6.499955e-06 -2.640000e-01
3.118819e-11 1.165958e-06 -2.630000e-01
2.275884e-10 8.163831e-06 -2.620000e-01
4.219388e-10 1.451395e-05 -2.610000e-01
6.140932e-10 2.024340e-05 -2.600000e-01
8.039081e-10 2.537858e-05 -2.590000e-01
9.912438e-10 2.994521e-05 -2.580000e-01
1.175964e-09 3.396832e-05 -2.570000e-01
1.357936e-09 3.747227e-05 -2.560000e-01
1.537030e-09 4.048078e-05 -2.550000e-01
1.713119e-09 4.301691e-05 -2.540000e-01
1.886082e-09 4.510311e-05 -2.530000e-01
2.055801e-09 4.676118e-05 -2.520000e-01
2.222160e-09 4.801231e-05 -2.510000e-01
2.385049e-09 4.887709e-05 -2.500000e-01
2.544359e-09 4.937554e-05 -2.490000e-01
2.699990e-09 4.952706e-05 -2.480000e-01
2.851839e-09 4.935050e-05 -2.470000e-01
2.999814e-09 4.886416e-05 -2.460000e-01
3.143822e-09 4.808575e-05 -2.450000e-01
3.283777e-09 4.703250e-05 -2.440000e-01
3.419596e-09 4.572105e-05 -2.430000e-01
3.551199e-09 4.416758e-05 -2.420000e-01
3.678511e-09 4.238772e-05 -2.410000e-01
3.801463e-09 4.039662e-05 -2.400000e-01
3.919988e-09 3.820897e-05 -2.390000e-01
4.034024e-09 3.583894e-05 -2.380000e-01
4.143512e-09 3.330028e-05 -2.370000e-01
4.248399e-09 3.060627e-05 -2.360000e-01
4.348636e-09 2.776976e-05 -2.350000e-01
4.444177e-09 2.480315e-05 -2.340000e-01
4.534981e-09 2.171845e-05 -2.330000e-01
4.621011e-09 1.852725e-05 -2.320000e-01
4.702235e-09 1.524076e-05 -2.310000e-01
4.778623e-09 1.186977e-05 -2.300000e-01
4.850153e-09 8.424755e-06 -2.290000e-01
4.916803e-09 4.915783e-06 -2.280000e-01
4.978557e-09 1.352593e-06 -2.270000e-01
5.035405e-09 2.255413e-06 -2.260000e-01
5.087337e-09 5.899164e-06 -2.250000e-01
5.134350e-09 9.569898e-06 -2.240000e-01
5.176444e-09 1.325916e-05 -2.230000e-01
5.213624e-09 1.695878e-05 -2.220000e-01
5.245898e-09 2.066087e-05 -2.210000e-01
5.273279e-09 2.435781e-05 -2.200000e-01
5.295781e-09 2.804223e-05 -2.190000e-01
5.313426e-09 3.170703e-05 -2.180000e-01
5.326235e-09 3.534529e-05 -2.170000e-01
5.334239e-09 3.895037e-05 -2.160000e-01
5.337466e-09 4.251580e-05 -2.150000e-01
5.335951e-09 4.603531e-05 -2.140000e-01
5.329735e-09 4.950283e-05 -2.130000e-01
5.318857e-09 5.291246e-05 -2.120000e-01
5.303363e-09 5.625845e-05 -2.110000e-01
5.283301e-09 5.953521e-05 -2.100000e-01
5.258725e-09 6.273728e-05 -2.090000e-01
5.229688e-09 6.585933e-05 -2.080000e-01
5.196249e-09 6.889615e-05 -2.070000e-01
5.158471e-09 7.184262e-05 -2.060000e-01
5.116417e-09 7.469371e-05 -2.050000e-01
5.070154e-09 7.744448e-05 -2.040000e-01
5.019753e-09 8.009005e-05 -2.030000e-01
4.965289e-09 8.262558e-05 -2.020000e-01
4.906836e-09 8.504630e-05 -2.010000e-01
4.844473e-09 8.734744e-05 -2.000000e-01
4.778282e-09 8.952427e-05 -1.990000e-01
4.708346e-09 9.157205e-05 -1.980000e-01
4.634751e-09 9.348605e-05 -1.970000e-01
4.557587e-09 9.526150e-05 -1.960000e-01
4.476942e-09 9.689361e-05 -1.950000e-01
4.392912e-09 9.837757e-05 -1.940000e-01
4.305590e-09 9.970847e-05 -1.930000e-01
4.215073e-09 1.008814e-04 -1.920000e-01
4.121461e-09 1.018912e-04 -1.910000e-01
4.024854e-09 1.027329e-04 -1.900000e-01
3.925354e-09 1.034013e-04 -1.890000e-01
3.823065e-09 1.038909e-04 -1.880000e-01
3.718094e-09 1.041963e-04 -1.870000e-01
3.610546e-09 1.043119e-04 -1.860000e-01
3.500530e-09 1.042319e-04 -1.850000e-01
3.388155e-09 1.039505e-04 -1.840000e-01
3.273534e-09 1.034615e-04 -1.830000e-01
3.156776e-09 1.027586e-04 -1.820000e-01
3.037996e-09 1.018354e-04 -1.810000e-01
2.917305e-09 1.006851e-04 -1.800000e-01
2.794820e-09 9.930091e-05 -1.790000e-01
2.670655e-09 9.767556e-05 -1.780000e-01
2.544925e-09 9.580169e-05 -1.770000e-01
2.417747e-09 9.367162e-05 -1.760000e-01
2.289238e-09 9.127743e-05 -1.750000e-01
2.159515e-09 8.861089e-05 -1.740000e-01
2.028693e-09 8.566349e-05 -1.730000e-01
1.896892e-09 8.242640e-05 -1.720000e-01
1.764228e-09 7.889048e-05 -1.710000e-01
1.630818e-09 7.504625e-05 -1.700000e-01
1.496781e-09 7.088390e-05 -1.690000e-01
1.362232e-09 6.639324e-05 -1.680000e-01
1.227288e-09 6.156374e-05 -1.670000e-01
1.092065e-09 5.638447e-05 -1.660000e-01
9.566795e-10 5.084411e-05 -1.650000e-01
8.212462e-10 4.493096e-05 -1.640000e-01
6.858798e-10 3.863287e-05 -1.630000e-01
5.506933e-10 3.193729e-05 -1.620000e-01
4.158000e-10 2.483122e-05 -1.610000e-01
2.813123e-10 1.730120e-05 -1.600000e-01
1.473408e-10 9.333339e-06 -1.590000e-01
1.399580e-11 9.132366e-07 -1.580000e-01
1.186146e-10 7.967712e-06 -1.570000e-01
2.503825e-10 1.728419e-05 -1.560000e-01
3.812017e-10 2.699964e-05 -1.550000e-01
5.109674e-10 3.707799e-05 -1.540000e-01
6.395757e-10 4.748372e-05 -1.530000e-01
7.669251e-10 5.818185e-05 -1.520000e-01
8.929155e-10 6.913795e-05 -1.510000e-01
1.017448e-09 8.031817e-05 -1.500000e-01
1.140425e-09 9.168922e-05 -1.490000e-01
1.261753e-09 1.032184e-04 -1.480000e-01
1.381337e-09 1.148736e-04 -1.470000e-01
1.499087e-09 1.266235e-04 -1.460000e-01
1.614913e-09 1.384370e-04 -1.450000e-01
1.728727e-09 1.502840e-04 -1.440000e-01
1.840444e-09 1.621350e-04 -1.430000e-01
1.949982e-09 1.739610e-04 -1.420000e-01
2.057259e-09 1.857337e-04 -1.410000e-01
2.162196e-09 1.974257e-04 -1.400000e-01
2.264717e-09 2.090100e-04 -1.390000e-01
2.364749e-09 2.204605e-04 -1.380000e-01
2.462218e-09 2.317517e-04 -1.370000e-01
2.557057e-09 2.428588e-04 -1.360000e-01
2.649198e-09 2.537580e-04 -1.350000e-01
2.738577e-09 2.644258e-04 -1.340000e-01
2.825131e-09 2.748399e-04 -1.330000e-01
2.908803e-09 2.849785e-04 -1.320000e-01
2.989536e-09 2.948207e-04 -1.310000e-01
3.067275e-09 3.043463e-04 -1.300000e-01
3.141969e-09 3.135359e-04 -1.290000e-01
3.213569e-09 3.223710e-04 -1.280000e-01
3.282031e-09 3.308339e-04 -1.270000e-01
3.347310e-09 3.389077e-04 -1.260000e-01
3.409367e-09 3.465764e-04 -1.250000e-01
3.468163e-09 3.538246e-04 -1.240000e-01
3.523664e-09 3.606382e-04 -1.230000e-01
3.575839e-09 3.670037e-04 -1.220000e-01
3.624657e-09 3.729084e-04 -1.210000e-01
3.670094e-09 3.783407e-04 -1.200000e-01
3.712123e-09 3.832899e-04 -1.190000e-01
3.750727e-09 3.877460e-04 -1.180000e-01
3.785887e-09 3.917001e-04 -1.170000e-01
3.817588e-09 3.951443e-04 -1.160000e-01
3.845816e-09 3.980715e-04 -1.150000e-01
3.870565e-09 4.004755e-04 -1.140000e-01
3.891826e-09 4.023512e-04 -1.130000e-01
3.909597e-09 4.036946e-04 -1.120000e-01
3.923876e-09 4.045023e-04 -1.110000e-01
3.934666e-09 4.047723e-04 -1.100000e-01
3.941972e-09 4.045033e-04 -1.090000e-01
3.945801e-09 4.036952e-04 -1.080000e-01
3.946163e-09 4.023488e-04 -1.070000e-01
3.943072e-09 4.004661e-04 -1.060000e-01
3.936543e-09 3.980499e-04 -1.050000e-01
3.926596e-09 3.951042e-04 -1.040000e-01
3.913251e-09 3.916341e-04 -1.030000e-01
3.896532e-09 3.876457e-04 -1.020000e-01
3.876465e-09 3.831462e-04 -1.010000e-01
3.853080e-09 3.781439e-04 -1.000000e-01
3.826409e-09 3.726480e-04 -9.900000e-02
3.796485e-09 3.666692e-04 -9.800000e-02
3.763345e-09 3.602190e-04 -9.700000e-02
3.727028e-09 3.533102e-04 -9.600000e-02
3.687576e-09 3.459565e-04 -9.500000e-02
3.645033e-09 3.381729e-04 -9.400000e-02
3.599445e-09 3.299757e-04 -9.300000e-02
3.550860e-09 3.213821e-04 -9.200000e-02
3.499328e-09 3.124105e-04 -9.100000e-02
3.444904e-09 3.030807e-04 -9.000000e-02
3.387642e-09 2.934133e-04 -8.900000e-02
3.327599e-09 2.834306e-04 -8.800000e-02
3.264835e-09 2.731555e-04 -8.700000e-02
3.199410e-09 2.626126e-04 -8.600000e-02
3.131388e-09 2.518275e-04 -8.500000e-02
3.060834e-09 2.408271e-04 -8.400000e-02
2.987814e-09 2.296394e-04 -8.300000e-02
2.912398e-09 2.182938e-04 -8.200000e-02
2.834655e-09 2.068209e-04 -8.100000e-02
2.754659e-09 1.952524e-04 -8.000000e-02
2.672482e-09 1.836214e-04 -7.900000e-02
2.588198e-09 1.719624e-04 -7.800000e-02
2.501885e-09 1.603109e-04 -7.700000e-02
2.413623e-09 1.487040e-04 -7.600000e-02
2.323488e-09 1.371797e-04 -7.500000e-02
2.231562e-09 1.257775e-04 -7.400000e-02
2.137928e-09 1.145384e-04 -7.300000e-02
2.042666e-09 1.035045e-04 -7.200000e-02
1.945863e-09 9.271907e-05 -7.100000e-02
1.847603e-09 8.222703e-05 -7.000000e-02
1.747973e-09 7.207444e-05 -6.900000e-02
1.647058e-09 6.230876e-05 -6.800000e-02
1.544947e-09 5.297877e-05 -6.700000e-02
1.441728e-09 4.413461e-05 -6.600000e-02
1.337491e-09 3.582779e-05 -6.500000e-02
1.232325e-09 2.811117e-05 -6.400000e-02
1.126320e-09 2.103900e-05 -6.300000e-02
1.019567e-09 1.466689e-05 -6.200000e-02
9.121587e-10 9.051847e-06 -6.100000e-02
8.041833e-10 4.252252e-06 -6.000000e-02
6.957356e-10 3.278957e-07 -5.900000e-02
5.869059e-10 2.660034e-06 -5.800000e-02
4.777870e-10 4.648942e-06 -5.700000e-02
3.684696e-10 5.574820e-06 -5.600000e-02
2.590473e-10 5.372243e-06 -5.500000e-02
1.496103e-10 3.974359e-06 -5.400000e-02
4.025169e-11 1.312891e-06 -5.300000e-02
6.893630e-11 2.675511e-06 -5.200000e-02
1.778655e-10 7.971349e-06 -5.100000e-02
2.864430e-10 1.449688e-05 -5.000000e-02
3.945786e-10 2.217454e-05 -4.900000e-02
5.021835e-10 3.092822e-05 -4.800000e-02
6.091663e-10 4.068329e-05 -4.700000e-02
7.154414e-10 5.136655e-05 -4.600000e-02
8.209182e-10 6.290630e-05 -4.500000e-02
9.255119e-10 7.523230e-05 -4.400000e-02
1.029135e-09 8.827579e-05 -4.300000e-02
1.131702e-09 1.019695e-04 -4.200000e-02
1.233129e-09 1.162476e-04 -4.100000e-02
1.333334e-09 1.310458e-04 -4.000000e-02
1.432233e-09 1.463013e-04 -3.900000e-02
1.529746e-09 1.619528e-04 -3.800000e-02
1.625793e-09 1.779405e-04 -3.700000e-02
1.720296e-09 1.942061e-04 -3.600000e-02
1.813176e-09 2.106928e-04 -3.500000e-02
1.904360e-09 2.273453e-04 -3.400000e-02
1.993772e-09 2.441099e-04 -3.300000e-02
2.081339e-09 2.609343e-04 -3.200000e-02
2.166991e-09 2.777678e-04 -3.100000e-02
2.250658e-09 2.945613e-04 -3.000000e-02
2.332272e-09 3.112670e-04 -2.900000e-02
2.411767e-09 3.278388e-04 -2.800000e-02
2.489077e-09 3.442322e-04 -2.700000e-02
2.564143e-09 3.604041e-04 -2.600000e-02
2.636901e-09 3.763130e-04 -2.500000e-02
2.707293e-09 3.919189e-04 -2.400000e-02
2.775262e-09 4.071834e-04 -2.300000e-02
2.840755e-09 4.220697e-04 -2.200000e-02
2.903716e-09 4.365424e-04 -2.100000e-02
2.964098e-09 4.505678e-04 -2.000000e-02
3.021848e-09 4.641136e-04 -1.900000e-02
3.076923e-09 4.771493e-04 -1.800000e-02
3.129277e-09 4.896457e-04 -1.700000e-02
3.178869e-09 5.015752e-04 -1.600000e-02
3.225657e-09 5.129121e-04 -1.500000e-02
3.269605e-09 5.236317e-04 -1.400000e-02
3.310678e-09 5.337114e-04 -1.300000e-02
3.348841e-09 5.431298e-04 -1.200000e-02
3.384066e-09 5.518673e-04 -1.100000e-02
3.416323e-09 5.599057e-04 -1.000000e-02
3.445586e-09 5.672285e-04 -9.000000e-03
3.471833e-09 5.738207e-04 -8.000000e-03
3.495041e-09 5.796689e-04 -7.000000e-03
3.515194e-09 5.847613e-04 -6.000000e-03
3.532272e-09 5.890876e-04 -5.000000e-03
3.546265e-09 5.926392e-04 -4.000000e-03
3.557159e-09 5.954089e-04 -3.000000e-03
3.564947e-09 5.973912e-04 -2.000000e-03
3.569622e-09 5.985822e-04 -1.000000e-03
3.571181e-09 5.989795e-04 8.812395e-16
3.569622e-09 5.985823e-04 1.000000e-03
3.564947e-09 5.973915e-04 2.000000e-03
3.557159e-09 5.954093e-04 3.000000e-03
3.546265e-09 5.926397e-04 4.000000e-03
3.532272e-09 5.890883e-04 5.000000e-03
3.515193e-09 5.847622e-04 6.000000e-03
3.495041e-09 5.796699e-04 7.000000e-03
3.471833e-09 5.738219e-04 8.000000e-03
3.445586e-09 5.672298e-04 9.000000e-03
3.416322e-09 5.599071e-04 1.000000e-02
3.384066e-09 5.518689e-04 1.100000e-02
3.348841e-09 5.431315e-04 1.200000e-02
3.310678e-09 5.337132e-04 1.300000e-02
3.269605e-09 5.236337e-04 1.400000e-02
3.225657e-09 5.129141e-04 1.500000e-02
3.178868e-09 5.015774e-04 1.600000e-02
3.129278e-09 4.896479e-04 1.700000e-02
3.076923e-09 4.771516e-04 1.800000e-02
3.021848e-09 4.641161e-04 1.900000e-02
2.964098e-09 4.505703e-04 2.000000e-02
2.903717e-09 4.365450e-04 2.100000e-02
2.840755e-09 4.220724e-04 2.200000e-02
2.775262e-09 4.071862e-04 2.300000e-02
2.707293e-09 3.919217e-04 2.400000e-02
2.636901e-09 3.763158e-04 2.500000e-02
2.564142e-09 3.604070e-04 2.600000e-02
2.489078e-09 3.442351e-04 2.700000e-02
2.411767e-09 3.278418e-04 2.800000e-02
2.332272e-09 3.112700e-04 2.900000e-02
2.250657e-09 2.945643e-04 3.000000e-02
2.166991e-09 2.777708e-04 3.100000e-02
2.081339e-09 2.609373e-04 3.200000e-02
1.993771e-09 2.441129e-04 3.300000e-02
1.904359e-09 2.273483e-04 3.400000e-02
1.813176e-09 2.106957e-04 3.500000e-02
1.720295e-09 1.942090e-04 3.600000e-02
1.625793e-09 1.779433e-04 3.700000e-02
1.529746e-09 1.619555e-04 3.800000e-02
1.432233e-09 1.463039e-04 3.900000e-02
1.333334e-09 1.310483e-04 4.000000e-02
1.233129e-09 1.162500e-04 4.100000e-02
1.131702e-09 1.019717e-04 4.200000e-02
1.029135e-09 8.827791e-05 4.300000e-02
9.255111e-10 7.523427e-05 4.400000e-02
8.209182e-10 6.290810e-05 4.500000e-02
7.154412e-10 5.136816e-05 4.600000e-02
6.091664e-10 4.068470e-05 4.700000e-02
5.021824e-10 3.092942e-05 4.800000e-02
3.945780e-10 2.217551e-05 4.900000e-02
2.864429e-10 1.449760e-05 5.000000e-02
1.778657e-10 7.971810e-06 5.100000e-02
6.893708e-11 2.675695e-06 5.200000e-02
4.025191e-11 1.313001e-06 5.300000e-02
1.496102e-10 3.974781e-06 5.400000e-02
2.590472e-10 5.372991e-06 5.500000e-02
3.684703e-10 5.575911e-06 5.600000e-02
4.777874e-10 4.650390e-06 5.700000e-02
5.869062e-10 2.661853e-06 5.800000e-02
6.957359e-10 3.256916e-07 5.900000e-02
8.041839e-10 4.249650e-06 6.000000e-02
9.121580e-10 9.048836e-06 6.100000e-02
1.019568e-09 1.466346e-05 6.200000e-02
1.126320e-09 2.103514e-05 6.300000e-02
1.232325e-09 2.810687e-05 6.400000e-02
1.337491e-09 3.582303e-05 6.500000e-02
1.441728e-09 4.412939e-05 6.600000e-02
1.544947e-09 5.297308e-05 6.700000e-02
1.647058e-09 6.230259e-05 6.800000e-02
1.747973e-09 7.206779e-05 6.900000e-02
1.847604e-09 8.221989e-05 7.000000e-02
1.945863e-09 9.271143e-05 7.100000e-02
2.042666e-09 1.034963e-04 7.200000e-02
2.137927e-09 1.145298e-04 7.300000e-02
2.231562e-09 1.257684e-04 7.400000e-02
2.323488e-09 1.371700e-04 7.500000e-02
2.413623e-09 1.486938e-04 7.600000e-02
2.501886e-09 1.603002e-04 7.700000e-02
2.588198e-09 1.719512e-04 7.800000e-02
2.672482e-09 1.836097e-04 7.900000e-02
2.754660e-09 1.952401e-04 8.000000e-02
2.834655e-09 2.068081e-04 8.100000e-02
2.912398e-09 2.182805e-04 8.200000e-02
2.987814e-09 2.296256e-04 8.300000e-02
3.060834e-09 2.408128e-04 8.400000e-02
3.131388e-09 2.518127e-04 8.500000e-02
3.199410e-09 2.625973e-04 8.600000e-02
3.264835e-09 2.731397e-04 8.700000e-02
3.327599e-09 2.834142e-04 8.800000e-02
3.387642e-09 2.933965e-04 8.900000e-02
3.444904e-09 3.030634e-04 9.000000e-02
3.499328e-09 3.123928e-04 9.100000e-02
3.550860e-09 3.213638e-04 9.200000e-02
3.599445e-09 3.299570e-04 9.300000e-02
3.645034e-09 3.381538e-04 9.400000e-02
3.687577e-09 3.459369e-04 9.500000e-02
3.727029e-09 3.532901e-04 9.600000e-02
3.763345e-09 3.601986e-04 9.700000e-02
3.796485e-09 3.666484e-04 9.800000e-02
3.826409e-09 3.726268e-04 9.900000e-02
3.853081e-09 3.781222e-04 1.000000e-01
3.876465e-09 3.831242e-04 1.010000e-01
3.896532e-09 3.876234e-04 1.020000e-01
3.913251e-09 3.916114e-04 1.030000e-01
3.926597e-09 3.950812e-04 1.040000e-01
3.936543e-09 3.980265e-04 1.050000e-01
3.943072e-09 4.004424e-04 1.060000e-01
3.946163e-09 4.023249e-04 1.070000e-01
3.945801e-09 4.036710e-04 1.080000e-01
3.941972e-09 4.044789e-04 1.090000e-01
3.934667e-09 4.047477e-04 1.100000e-01
3.923876e-09 4.044775e-04 1.110000e-01
3.909597e-09 4.036696e-04 1.120000e-01
3.891826e-09 4.023261e-04 1.130000e-01
3.870565e-09 4.004502e-04 1.140000e-01
3.845816e-09 3.980461e-04 1.150000e-01
3.817587e-09 3.951188e-04 1.160000e-01
3.785887e-09 3.916746e-04 1.170000e-01
3.750728e-09 3.877204e-04 1.180000e-01
3.712124e-09 3.832643e-04 1.190000e-01
3.670093e-09 3.783151e-04 1.200000e-01
3.624657e-09 3.728828e-04 1.210000e-01
3.575839e-09 3.669782e-04 1.220000e-01
3.523664e-09 3.606128e-04 1.230000e-01
3.468163e-09 3.537993e-04 1.240000e-01
3.409367e-09 3.465512e-04 1.250000e-01
3.347310e-09 3.388827e-04 1.260000e-01
3.282031e-09 3.308092e-04 1.270000e-01
3.213570e-09 3.223465e-04 1.280000e-01
3.141969e-09 3.135116e-04 1.290000e-01
3.067275e-09 3.043223e-04 1.300000e-01
2.989535e-09 2.947971e-04 1.310000e-01
2.908804e-09 2.849553e-04 1.320000e-01
2.825131e-09 2.748171e-04 1.330000e-01
2.738576e-09 2.644034e-04 1.340000e-01
2.649198e-09 2.537360e-04 1.350000e-01
2.557057e-09 2.428374e-04 1.360000e-01
2.462218e-09 2.317308e-04 1.370000e-01
2.364749e-09 2.204402e-04 1.380000e-01
2.264717e-09 2.089903e-04 1.390000e-01
2.162196e-09 1.974067e-04 1.400000e-01
2.057259e-09 1.857154e-04 1.410000e-01
1.949982e-09 1.739434e-04 1.420000e-01
1.840444e-09 1.621182e-04 1.430000e-01
1.728727e-09 1.502680e-04 1.440000e-01
1.614913e-09 1.384219e-04 1.450000e-01
1.499087e-09 1.266092e-04 1.460000e-01
1.381337e-09 1.148604e-04 1.470000e-01
1.261753e-09 1.032061e-04 1.480000e-01
1.140425e-09 9.167796e-05 1.490000e-01
1.017448e-09 8.030799e-05 1.500000e-01
8.929156e-10 6.912890e-05 1.510000e-01
7.669253e-10 5.817397e-05 1.520000e-01
6.395759e-10 4.747706e-05 1.530000e-01
5.109670e-10 3.707259e-05 1.540000e-01
3.812018e-10 2.699555e-05 1.550000e-01
2.503826e-10 1.728147e-05 1.560000e-01
1.186143e-10 7.966405e-06 1.570000e-01
1.399536e-11 9.130802e-07 1.580000e-01
1.473410e-10 9.331669e-06 1.590000e-01
2.813122e-10 1.729797e-05 1.600000e-01
4.157998e-10 2.482638e-05 1.610000e-01
5.506935e-10 3.193080e-05 1.620000e-01
6.858795e-10 3.862469e-05 1.630000e-01
8.212460e-10 4.492104e-05 1.640000e-01
9.566798e-10 5.083243e-05 1.650000e-01
1.092066e-09 5.637098e-05 1.660000e-01
1.227287e-09 6.154842e-05 1.670000e-01
1.362232e-09 6.637605e-05 1.680000e-01
1.496781e-09 7.086481e-05 1.690000e-01
1.630819e-09 7.502525e-05 1.700000e-01
1.764228e-09 7.886753e-05 1.710000e-01
1.896893e-09 8.240149e-05 1.720000e-01
2.028694e-09 8.563659e-05 1.730000e-01
2.159515e-09 8.858199e-05 1.740000e-01
2.289238e-09 9.124652e-05 1.750000e-01
2.417747e-09 9.363868e-05 1.760000e-01
2.544925e-09 9.576671e-05 1.770000e-01
2.670655e-09 9.763854e-05 1.780000e-01
2.794820e-09 9.926184e-05 1.790000e-01
2.917305e-09 1.006440e-04 1.800000e-01
3.037996e-09 1.017922e-04 1.810000e-01
3.156776e-09 1.027134e-04 1.820000e-01
3.273534e-09 1.034142e-04 1.830000e-01
3.388156e-09 1.039012e-04 1.840000e-01
3.500530e-09 1.041806e-04 1.850000e-01
3.610546e-09 1.042585e-04 1.860000e-01
3.718093e-09 1.041409e-04 1.870000e-01
3.823065e-09 1.038335e-04 1.880000e-01
3.925354e-09 1.033419e-04 1.890000e-01
4.024854e-09 1.026716e-04 1.900000e-01
4.121461e-09 1.018279e-04 1.910000e-01
4.215074e-09 1.008162e-04 1.920000e-01
4.305590e-09 9.964137e-05 1.930000e-01
4.392912e-09 9.830860e-05 1.940000e-01
4.476942e-09 9.682282e-05 1.950000e-01
4.557587e-09 9.518890e-05 1.960000e-01
4.634752e-09 9.341168e-05 1.970000e-01
4.708346e-09 9.149596e-05 1.980000e-01
4.778282e-09 8.944649e-05 1.990000e-01
4.844473e-09 8.726801e-05 2.000000e-01
4.906836e-09 8.496527e-05 2.010000e-01
4.965289e-09 8.254299e-05 2.020000e-01
5.019754e-09 8.000595e-05 2.030000e-01
5.070154e-09 7.735893e-05 2.040000e-01
5.116416e-09 7.460675e-05 2.050000e-01
5.158471e-09 7.175431e-05 2.060000e-01
5.196249e-09 6.880655e-05 2.070000e-01
5.229688e-09 6.576850e-05 2.080000e-01
5.258725e-09 6.264527e-05 2.090000e-01
5.283302e-09 5.944210e-05 2.100000e-01
5.303363e-09 5.616430e-05 2.110000e-01
5.318857e-09 5.281734e-05 2.120000e-01
5.329735e-09 4.940681e-05 2.130000e-01
5.335952e-09 4.593846e-05 2.140000e-01
5.337466e-09 4.241820e-05 2.150000e-01
5.334239e-09 3.885210e-05 2.160000e-01
5.326236e-09 3.524643e-05 2.170000e-01
5.313426e-09 3.160765e-05 2.180000e-01
5.295781e-09 2.794243e-05 2.190000e-01
5.273279e-09 2.425766e-05 2.200000e-01
5.245899e-09 2.056047e-05 2.210000e-01
5.213625e-09 1.685822e-05 2.220000e-01
5.176445e-09 1.315853e-05 2.230000e-01
5.134350e-09 9.469299e-06 2.240000e-01
5.087336e-09 5.798692e-06 2.250000e-01
5.035405e-09 2.155168e-06 2.260000e-01
4.978557e-09 1.452510e-06 2.270000e-01
4.916803e-09 5.015265e-06 2.280000e-01
4.850153e-09 8.523697e-06 2.290000e-01
4.778624e-09 1.196807e-05 2.300000e-01
4.702235e-09 1.533829e-05 2.310000e-01
4.621011e-09 1.862391e-05 2.320000e-01
4.534981e-09 2.181412e-05 2.330000e-01
4.444177e-09 2.489771e-05 2.340000e-01
4.348636e-09 2.786308e-05 2.350000e-01
4.248399e-09 3.069825e-05 2.360000e-01
4.143512e-09 3.339078e-05 2.370000e-01
4.034024e-09 3.592784e-05 2.380000e-01
3.919988e-09 3.829613e-05 2.390000e-01
3.801463e-09 4.048192e-05 2.400000e-01
3.678511e-09 4.247101e-05 2.410000e-01
3.551199e-09 4.424874e-05 2.420000e-01
3.419596e-09 4.579994e-05 2.430000e-01
3.283777e-09 4.710897e-05 2.440000e-01
3.143823e-09 4.815967e-05 2.450000e-01
2.999814e-09 4.893537e-05 2.460000e-01
2.851840e-09 4.941887e-05 2.470000e-01
2.699990e-09 4.959242e-05 2.480000e-01
2.544360e-09 4.943775e-05 2.490000e-01
2.385049e-09 4.893600e-05 2.500000e-01
2.222160e-09 4.806775e-05 2.510000e-01
2.055801e-09 4.681300e-05 2.520000e-01
1.886083e-09 4.515115e-05 2.530000e-01
1.713119e-09 4.306101e-05 2.540000e-01
1.537030e-09 4.052077e-05 2.550000e-01
1.357936e-09 3.750798e-05 2.560000e-01
1.175964e-09 3.399958e-05 2.570000e-01
9.912441e-10 2.997186e-05 2.580000e-01
8.039081e-10 2.540044e-05 2.590000e-01
6.140931e-10 2.026028e-05 2.600000e-01
4.219387e-10 1.452568e-05 2.610000e-01
2.275886e-10 8.170232e-06 2.620000e-01
3.118808e-11 1.166846e-06 2.630000e-01
1.671120e-10 6.504766e-06 2.640000e-01
3.671603e-10 1.481700e-05 2.650000e-01
5.688008e-10 2.372363e-05 2.660000e-01
7.718747e-10 3.317912e-05 2.670000e-01
9.762211e-10 4.313869e-05 2.680000e-01
1.181677e-09 5.355832e-05 2.690000e-01
1.388075e-09 6.439472e-05 2.700000e-01
1.595246e-09 7.560542e-05 2.710000e-01
1.803020e-09 8.714870e-05 2.720000e-01
2.011222e-09 9.898367e-05 2.730000e-01
2.219678e-09 1.110702e-04 2.740000e-01
2.428209e-09 1.233690e-04 2.750000e-01
2.636636e-09 1.358417e-04 2.760000e-01
2.844778e-09 1.484505e-04 2.770000e-01
3.052451e-09 1.611588e-04 2.780000e-01
3.259471e-09 1.739304e-04 2.790000e-01
3.465652e-09 1.867305e-04 2.800000e-01
3.670807e-09 1.995247e-04 2.810000e-01
3.874748e-09 2.122797e-04 2.820000e-01
4.077286e-09 2.249631e-04 2.830000e-01
4.278229e-09 2.375434e-04 2.840000e-01
4.477388e-09 2.499898e-04 2.850000e-01
4.674570e-09 2.622727e-04 2.860000e-01
4.869584e-09 2.743632e-04 2.870000e-01
5.062238e-09 2.862336e-04 2.880000e-01
5.252340e-09 2.978567e-04 2.890000e-01
5.439697e-09 3.092067e-04 2.900000e-01
5.624117e-09 3.202586e-04 2.910000e-01
5.805408e-09 3.309882e-04 2.920000e-01
5.983379e-09 3.413724e-04 2.930000e-01
6.157839e-09 3.513892e-04 2.940000e-01
6.328599e-09 3.610175e-04 2.950000e-01
6.495469e-09 3.702371e-04 2.960000e-01
6.658262e-09 3.790289e-04 2.970000e-01
6.816792e-09 3.873747e-04 2.980000e-01
6.970873e-09 3.952576e-04 2.990000e-01
7.120322e-09 4.026615e-04 3.000000e-01
7.264957e-09 4.095713e-04 3.010000e-01
7.404598e-09 4.159731e-04 3.020000e-01
7.539067e-09 4.218540e-04 3.030000e-01
7.668190e-09 4.272021e-04 3.040000e-01
7.791795e-09 4.320066e-04 3.050000e-01
7.909708e-09 4.362578e-04 3.060000e-01
8.021765e-09 4.399471e-04 3.070000e-01
8.127799e-09 4.430670e-04 3.080000e-01
8.227651e-09 4.456109e-04 3.090000e-01
8.321160e-09 4.475736e-04 3.100000e-01
8.408172e-09 4.489508e-04 3.110000e-01
8.488537e-09 4.497394e-04 3.120000e-01
8.562106e-09 4.499374e-04 3.130000e-01
8.628737e-09 4.495439e-04 3.140000e-01
8.688289e-09 4.485593e-04 3.150000e-01
8.740628e-09 4.469849e-04 3.160000e-01
8.785622e-09 4.448233e-04 3.170000e-01
8.823145e-09 4.420783e-04 3.180000e-01
8.853077e-09 4.387546e-04 3.190000e-01
8.875299e-09 4.348585e-04 3.200000e-01
8.889701e-09 4.303971e-04 3.210000e-01
8.896176e-09 4.253788e-04 3.220000e-01
8.894624e-09 4.198132e-04 3.230000e-01
8.884947e-09 4.137111e-04 3.240000e-01
8.867058e-09 4.070846e-04 3.250000e-01
8.840870e-09 3.999468e-04 3.260000e-01
8.806306e-09 3.923121e-04 3.270000e-01
8.763294e-09 3.841961e-04 3.280000e-01
8.711767e-09 3.756157e-04 3.290000e-01
8.651666e-09 3.665890e-04 3.300000e-01
8.582937e-09 3.571353e-04 3.310000e-01
8.505534e-09 3.472750e-04 3.320000e-01
8.419417e-09 3.370301e-04 3.330000e-01
8.324551e-09 3.264235e-04 3.340000e-01
8.220912e-09 3.154794e-04 3.350000e-01
8.108479e-09 3.042235e-04 3.360000e-01
7.987240e-09 2.926826e-04 3.370000e-01
7.857191e-09 2.808846e-04 3.380000e-01
7.718334e-09 2.688590e-04 3.390000e-01
7.570678e-09 2.566363e-04 3.400000e-01
7.414242e-09 2.442485e-04 3.410000e-01
7.249050e-09 2.317287e-04 3.420000e-01
7.075134e-09 2.191114e-04 3.430000e-01
6.892536e-09 2.064323e-04 3.440000e-01
6.701304e-09 1.937286e-04 3.450000e-01
6.501494e-09 1.810385e-04 3.460000e-01
6.293169e-09 1.684017e-04 3.470000e-01
6.076404e-09 1.558593e-04 3.480000e-01
5.851277e-09 1.434533e-04 3.490000e-01
5.617877e-09 1.312276e-04 3.500000e-01
5.376301e-09 1.192269e-04 3.510000e-01
5.126654e-09 1.074976e-04 3.520000e-01
4.869049e-09 9.608708e-05 3.530000e-01
4.603607e-09 8.504437e-05 3.540000e-01
4.330457e-09 7.441965e-05 3.550000e-01
4.049738e-09 6.426449e-05 3.560000e-01
3.761597e-09 5.463178e-05 3.570000e-01
3.466186e-09 4.557576e-05 3.580000e-01
3.163669e-09 3.715201e-05 3.590000e-01
2.854218e-09 2.941747e-05 3.600000e-01
2.538011e-09 2.243040e-05 3.610000e-01
2.215235e-09 1.625044e-05 3.620000e-01
1.886087e-09 1.093858e-05 3.630000e-01
1.550770e-09 6.557147e-06 3.640000e-01
1.209496e-09 3.169848e-06 3.650000e-01
8.624844e-10 8.417406e-07 3.660000e-01
5.099636e-10 3.607535e-07 3.670000e-01
1.521693e-10 3.698475e-07 3.680000e-01
2.106550e-10 8.789575e-07 3.690000e-01
5.782581e-10 3.375727e-06 3.700000e-01
9.503810e-10 7.050226e-06 3.710000e-01
1.326757e-09 1.183180e-05 3.720000e-01
1.707113e-09 1.765117e-05 3.730000e-01
2.091166e-09 2.444043e-05 3.740000e-01
2.478630e-09 3.213304e-05 3.750000e-01
2.869207e-09 4.066387e-05 3.760000e-01
3.262596e-09 4.996912e-05 3.770000e-01
3.658487e-09 5.998640e-05 3.780000e-01
4.056565e-09 7.065469e-05 3.790000e-01
4.456506e-09 8.191437e-05 3.800000e-01
4.857982e-09 9.370717e-05 3.810000e-01
5.260658e-09 1.059762e-04 3.820000e-01
5.664194e-09 1.186660e-04 3.830000e-01
6.068242e-09 1.317225e-04 3.840000e-01
6.472450e-09 1.450929e-04 3.850000e-01
6.876460e-09 1.587259e-04 3.860000e-01
7.279910e-09 1.725716e-04 3.870000e-01
7.682431e-09 1.865813e-04 3.880000e-01
8.083651e-09 2.007079e-04 3.890000e-01
8.483193e-09 2.149056e-04 3.900000e-01
8.880675e-09 2.291300e-04 3.910000e-01
9.275712e-09 2.433380e-04 3.920000e-01
9.667915e-09 2.574879e-04 3.930000e-01
1.005689e-08 2.715396e-04 3.940000e-01
1.044224e-08 2.854541e-04 3.950000e-01
1.082357e-08 2.991939e-04 3.960000e-01
1.120048e-08 3.127229e-04 3.970000e-01
1.157256e-08 3.260064e-04 3.980000e-01
1.193940e-08 3.390109e-04 3.990000e-01
1.230060e-08 3.517045e-04 4.000000e-01
1.265575e-08 3.640566e-04 4.010000e-01
1.300444e-08 3.760380e-04 4.020000e-01
1.334625e-08 3.876207e-04 4.030000e-01
1.368077e-08 3.987784e-04 4.040000e-01
1.400759e-08 4.094858e-04 4.050000e-01
1.432631e-08 4.197193e-04 4.060000e-01
1.463650e-08 4.294565e-04 4.070000e-01
1.493775e-08 4.386763e-04 4.080000e-01
1.522966e-08 4.473591e-04 4.090000e-01
1.551181e-08 4.554866e-04 4.100000e-01
1.578380e-08 4.630419e-04 4.110000e-01
1.604523e-08 4.700095e-04 4.120000e-01
1.629569e-08 4.763751e-04 4.130000e-01
1.653478e-08 4.821259e-04 4.140000e-01
1.676211e-08 4.872504e-04 4.150000e-01
1.697729e-08 4.917384e-04 4.160000e-01
1.717992e-08 4.955811e-04 4.170000e-01
1.736963e-08 4.987711e-04 4.180000e-01
1.754603e-08 5.013023e-04 4.190000e-01
1.770875e-08 5.031698e-04 4.200000e-01
1.785743e-08 5.043703e-04 4.210000e-01
1.799170e-08 5.049016e-04 4.220000e-01
1.811121e-08 5.047630e-04 4.230000e-01
1.821561e-08 5.039549e-04 4.240000e-01
1.830456e-08 5.024793e-04 4.250000e-01
1.837772e-08 5.003394e-04 4.260000e-01
1.843477e-08 4.975396e-04 4.270000e-01
1.847539e-08 4.940859e-04 4.280000e-01
1.849928e-08 4.899852e-04 4.290000e-01
1.850613e-08 4.852462e-04 4.300000e-01
1.849566e-08 4.798784e-04 4.310000e-01
1.846759e-08 4.738929e-04 4.320000e-01
1.842164e-08 4.673022e-04 4.330000e-01
1.835757e-08 4.601197e-04 4.340000e-01
1.827513e-08 4.523605e-04 4.350000e-01
1.817407e-08 4.440407e-04 4.360000e-01
1.805419e-08 4.351778e-04 4.370000e-01
1.791527e-08 4.257905e-04 4.380000e-01
1.775711e-08 4.158988e-04 4.390000e-01
1.757953e-08 4.055241e-04 4.400000e-01
1.738236e-08 3.946889e-04 4.410000e-01
1.716545e-08 3.834170e-04 4.420000e-01
1.692865e-08 3.717334e-04 4.430000e-01
1.667183e-08 3.596644e-04 4.440000e-01
1.639489e-08 3.472376e-04 4.450000e-01
1.609773e-08 3.344817e-04 4.460000e-01
1.578028e-08 3.214268e-04 4.470000e-01
1.544246e-08 3.081041e-04 4.480000e-01
1.508423e-08 2.945460e-04 4.490000e-01
1.470556e-08 2.807862e-04 4.500000e-01
1.430644e-08 2.668596e-04 4.510000e-01
1.388688e-08 2.528023e-04 4.520000e-01
1.344689e-08 2.386516e-04 4.530000e-01
1.298653e-08 2.244460e-04 4.540000e-01
1.250584e-08 2.102251e-04 4.550000e-01
1.200491e-08 1.960298e-04 4.560000e-01
1.148384e-08 1.819021e-04 4.570000e-01
1.094274e-08 1.678853e-04 4.580000e-01
1.038176e-08 1.540236e-04 4.590000e-01
9.801043e-09 1.403627e-04 4.600000e-01
9.200774e-09 1.269492e-04 4.610000e-01
8.581148e-09 1.138309e-04 4.620000e-01
7.942386e-09 1.010569e-04 4.630000e-01
7.284726e-09 8.867715e-05 4.640000e-01
6.608429e-09 7.674300e-05 4.650000e-01
5.913776e-09 6.530678e-05 4.660000e-01
5.201071e-09 5.442196e-05 4.670000e-01
4.470636e-09 4.414313e-05 4.680000e-01
3.722821e-09 3.452597e-05 4.690000e-01
2.957991e-09 2.562726e-05 4.700000e-01
2.176536e-09 1.750488e-05 4.710000e-01
1.378870e-09 1.021779e-05 4.720000e-01
5.654247e-10 3.826007e-06 4.730000e-01
2.633428e-10 1.609942e-06 4.740000e-01
1.106954e-09 6.068424e-06 4.750000e-01
1.964910e-09 9.591632e-06 4.760000e-01
2.836686e-09 1.222666e-05 4.770000e-01
3.721738e-09 1.401955e-05 4.780000e-01
4.619499e-09 1.501533e-05 4.790000e-01
5.529381e-09 1.525799e-05 4.800000e-01
6.450771e-09 1.479049e-05 4.810000e-01
7.383036e-09 1.365481e-05 4.820000e-01
8.325522e-09 1.189189e-05 4.830000e-01
9.277551e-09 9.541711e-06 4.840000e-01
1.023842e-08 6.643233e-06 4.850000e-01
1.120742e-08 3.234453e-06 4.860000e-01
1.218381e-08 6.476092e-07 4.870000e-01
1.316681e-08 4.966899e-06 4.880000e-01
1.415565e-08 9.688320e-06 4.890000e-01
1.514952e-08 1.477772e-05 4.900000e-01
1.614761e-08 2.020191e-05 4.910000e-01
1.714906e-08 2.592859e-05 4.920000e-01
1.815301e-08 3.192644e-05 4.930000e-01
1.915858e-08 3.816502e-05 4.940000e-01
2.016486e-08 4.461481e-05 4.950000e-01
2.117094e-08 5.124719e-05 4.960000e-01
2.217587e-08 5.803445e-05 4.970000e-01
2.317870e-08 6.494973e-05 4.980000e-01
2.417845e-08 7.196707e-05 4.990000e-01
2.517413e-08 7.906139e-05 5.000000e-01
2.616473e-08 8.620843e-05 5.010000e-01
2.714923e-08 9.338482e-05 5.020000e-01
2.812659e-08 1.005680e-04 5.030000e-01
2.909575e-08 1.077363e-04 5.040000e-01
3.005565e-08 1.148688e-04 5.050000e-01
3.100521e-08 1.219455e-04 5.060000e-01
3.194332e-08 1.289470e-04 5.070000e-01
3.286888e-08 1.358549e-04 5.080000e-01
3.378077e-08 1.426516e-04 5.090000e-01
3.467787e-08 1.493202e-04 5.100000e-01
3.555902e-08 1.558445e-04 5.110000e-01
3.642309e-08 1.622093e-04 5.120000e-01
3.726891e-08 1.683998e-04 5.130000e-01
3.809532e-08 1.744023e-04 5.140000e-01
3.890115e-08 1.802036e-04 5.150000e-01
3.968521e-08 1.857914e-04 5.160000e-01
4.044632e-08 1.911539e-04 5.170000e-01
4.118329e-08 1.962803e-04 5.180000e-01
4.189494e-08 2.011602e-04 5.190000e-01
4.258006e-08 2.057842e-04 5.200000e-01
4.323746e-08 2.101432e-04 5.210000e-01
4.386594e-08 2.142291e-04 5.220000e-01
4.446431e-08 2.180344e-04 5.230000e-01
4.503138e-08 2.215522e-04 5.240000e-01
4.556595e-08 2.247761e-04 5.250000e-01
4.606683e-08 2.277006e-04 5.260000e-01
4.653284e-08 2.303207e-04 5.270000e-01
4.696280e-08 2.326320e-04 5.280000e-01
4.735555e-08 2.346307e-04 5.290000e-01
4.770992e-08 2.363137e-04 5.300000e-01
4.802476e-08 2.376784e-04 5.310000e-01
4.829893e-08 2.387228e-04 5.320000e-01
4.853129e-08 2.394454e-04 5.330000e-01
4.872074e-08 2.398453e-04 5.340000e-01
4.886617e-08 2.399223e-04 5.350000e-01
4.896649e-08 2.396765e-04 5.360000e-01
4.902064e-08 2.391086e-04 5.370000e-01
4.902756e-08 2.382200e-04 5.380000e-01
4.898622e-08 2.370124e-04 5.390000e-01
4.889561e-08 2.354880e-04 5.400000e-01
4.875475e-08 2.336496e-04 5.410000e-01
4.856267e-08 2.315005e-04 5.420000e-01
4.831842e-08 2.290443e-04 5.430000e-01
4.802111e-08 2.262852e-04 5.440000e-01
4.766984e-08 2.232279e-04 5.450000e-01
4.726376e-08 2.198774e-04 5.460000e-01
4.680204e-08 2.162391e-04 5.470000e-01
4.628389e-08 2.123191e-04 5.480000e-01
4.570855e-08 2.081236e-04 5.490000e-01
4.507531e-08 2.036594e-04 5.500000e-01
4.438346e-08 1.989336e-04 5.510000e-01
4.363237e-08 1.939536e-04 5.520000e-01
4.282141e-08 1.887274e-04 5.530000e-01
4.195003e-08 1.832631e-04 5.540000e-01
4.101770e-08 1.775694e-04 5.550000e-01
4.002393e-08 1.716552e-04 5.560000e-01
3.896829e-08 1.655297e-04 5.570000e-01
3.785038e-08 1.592026e-04 5.580000e-01
3.666987e-08 1.526836e-04 5.590000e-01
3.542646e-08 1.459831e-04 5.600000e-01
3.411990e-08 1.391114e-04 5.610000e-01
3.275001e-08 1.320794e-04 5.620000e-01
3.131666e-08 1.248980e-04 5.630000e-01
2.981975e-08 1.175786e-04 5.640000e-01
2.825928e-08 1.101328e-04 5.650000e-01
2.663527e-08 1.025722e-04 5.660000e-01
2.494782e-08 9.490897e-05 5.670000e-01
2.319709e-08 8.715528e-05 5.680000e-01
2.138328e-08 7.932360e-05 5.690000e-01
1.950669e-08 7.142658e-05 5.700000e-01
1.756766e-08 6.347705e-05 5.710000e-01
1.556659e-08 5.548804e-05 5.720000e-01
1.350397e-08 4.747274e-05 5.730000e-01
1.138035e-08 3.944450e-05 5.740000e-01
9.196347e-09 3.141683e-05 5.750000e-01
6.952644e-09 2.340335e-05 5.760000e-01
4.650005e-09 1.541786e-05 5.770000e-01
2.289264e-09 7.474231e-06 5.780000e-01
1.286699e-10 4.135245e-07 5.790000e-01
2.602814e-09 8.233033e-06 5.800000e-01
5.132107e-09 1.597773e-05 5.810000e-01
7.715413e-09 2.364224e-05 5.820000e-01
1.035151e-08 3.122110e-05 5.830000e-01
1.303912e-08 3.870880e-05 5.840000e-01
1.577684e-08 4.609978e-05 5.850000e-01
1.856324e-08 5.338844e-05 5.860000e-01
2.139677e-08 6.056913e-05 5.870000e-01
2.427581e-08 6.763622e-05 5.880000e-01
2.719867e-08 7.458402e-05 5.890000e-01
3.016354e-08 8.140689e-05 5.900000e-01
3.316857e-08 8.809916e-05 5.910000e-01
3.621180e-08 9.465519e-05 5.920000e-01
3.929119e-08 1.010694e-04 5.930000e-01
4.240462e-08 1.073362e-04 5.940000e-01
4.554986e-08 1.134500e-04 5.950000e-01
4.872464e-08 1.194055e-04 5.960000e-01
5.192656e-08 1.251972e-04 5.970000e-01
5.515316e-08 1.308198e-04 5.980000e-01
5.840188e-08 1.362681e-04 5.990000e-01
6.167008e-08 1.415369e-04 6.000000e-01
6.495504e-08 1.466213e-04 6.010000e-01
6.825394e-08 1.515163e-04 6.020000e-01
7.156389e-08 1.562172e-04 6.030000e-01
7.488191e-08 1.607193e-04 6.040000e-01
7.820492e-08 1.650181e-04 6.050000e-01
8.152978e-08 1.691092e-04 6.060000e-01
8.485325e-08 1.729886e-04 6.070000e-01
8.817202e-08 1.766522e-04 6.080000e-01
9.148268e-08 1.800962e-04 6.090000e-01
9.478176e-08 1.833169e-04 6.100000e-01
9.806570e-08 1.863110e-04 6.110000e-01
1.013308e-07 1.890752e-04 6.120000e-01
1.045735e-07 1.916066e-04 6.130000e-01
1.077899e-07 1.939024e-04 6.140000e-01
1.109761e-07 1.959601e-04 6.150000e-01
1.141281e-07 1.977774e-04 6.160000e-01
1.172421e-07 1.993523e-04 6.170000e-01
1.203139e-07 2.006831e-04 6.180000e-01
1.233393e-07 2.017683e-04 6.190000e-01
1.263142e-07 2.026068e-04 6.200000e-01
1.292342e-07 2.031977e-04 6.210000e-01
1.320950e-07 2.035404e-04 6.220000e-01
1.348921e-07 2.036346e-04 6.230000e-01
1.376212e-07 2.034804e-04 6.240000e-01
1.402778e-07 2.030782e-04 6.250000e-01
1.428571e-07 2.024288e-04 6.260000e-01
1.453547e-07 2.015332e-04 6.270000e-01
1.477658e-07 2.003928e-04 6.280000e-01
1.500857e-07 1.990095e-04 6.290000e-01
1.523098e-07 1.973855e-04 6.300000e-01
1.544331e-07 1.955234e-04 6.310000e-01
1.564508e-07 1.934260e-04 6.320000e-01
1.583582e-07 1.910968e-04 6.330000e-01
1.601503e-07 1.885396e-04 6.340000e-01
1.618222e-07 1.857585e-04 6.350000e-01
1.633690e-07 1.827582e-04 6.360000e-01
1.647858e-07 1.795437e-04 6.370000e-01
1.660675e-07 1.761205e-04 6.380000e-01
1.672092e-07 1.724947e-04 6.390000e-01
1.682061e-07 1.686725e-04 6.400000e-01
1.690530e-07 1.646609e-04 6.410000e-01
1.697450e-07 1.604673e-04 6.420000e-01
1.702773e-07 1.560996e-04 6.430000e-01
1.706448e-07 1.515659e-04 6.440000e-01
1.708427e-07 1.468753e-04 6.450000e-01
1.708660e-07 1.420371e-04 6.460000e-01
1.707100e-07 1.370611e-04 6.470000e-01
1.703698e-07 1.319578e-04 6.480000e-01
1.698406e-07 1.267380e-04 6.490000e-01
1.691177e-07 1.214133e-04 6.500000e-01
1.681965e-07 1.159957e-04 6.510000e-01
1.670723e-07 1.104978e-04 6.520000e-01
1.657405e-07 1.049327e-04 6.530000e-01
1.641968e-07 9.931415e-05 6.540000e-01
1.624368e-07 9.365646e-05 6.550000e-01
1.604560e-07 8.797450e-05 6.560000e-01
1.582503e-07 8.228378e-05 6.570000e-01
1.558157e-07 7.660037e-05 6.580000e-01
1.531480e-07 7.094098e-05 6.590000e-01
1.502433e-07 6.532292e-05 6.600000e-01
1.470979e-07 5.976413e-05 6.610000e-01
1.437082e-07 5.428319e-05 6.620000e-01
1.400706e-07 4.889929e-05 6.630000e-01
1.361816e-07 4.363231e-05 6.640000e-01
1.320382e-07 3.850274e-05 6.650000e-01
1.276372e-07 3.353176e-05 6.660000e-01
1.229757e-07 2.874120e-05 6.670000e-01
1.180509e-07 2.415357e-05 6.680000e-01
1.128603e-07 1.979206e-05 6.690000e-01
1.074016e-07 1.568054e-05 6.700000e-01
1.016724e-07 1.184359e-05 6.710000e-01
9.567093e-08 8.306462e-06 6.720000e-01
8.939531e-08 5.095146e-06 6.730000e-01
8.284401e-08 2.236327e-06 6.740000e-01
7.601571e-08 2.425884e-07 6.750000e-01
6.890933e-08 2.313465e-06 6.760000e-01
6.152403e-08 3.947437e-06 6.770000e-01
5.385921e-08 5.114900e-06 6.780000e-01
4.591454e-08 5.785505e-06 6.790000e-01
3.768997e-08 5.928154e-06 6.800000e-01
2.918571e-08 5.510990e-06 6.810000e-01
2.040226e-08 4.501397e-06 6.820000e-01
1.134044e-08 2.865988e-06 6.830000e-01
2.001333e-09 5.706019e-07 6.840000e-01
7.613637e-09 2.413127e-06 6.850000e-01
1.750274e-08 6.064098e-06 6.860000e-01
2.766390e-08 1.033880e-05 6.870000e-01
3.809472e-08 1.519441e-05 6.880000e-01
4.879245e-08 2.058888e-05 6.890000e-01
5.975398e-08 2.648098e-05 6.900000e-01
7.097586e-08 3.283032e-05 6.910000e-01
8.245424e-08 3.959728e-05 6.920000e-01
9.418490e-08 4.674311e-05 6.930000e-01
1.061632e-07 5.422985e-05 6.940000e-01
1.183843e-07 6.202039e-05 6.950000e-01
1.308426e-07 7.007847e-05 6.960000e-01
1.435323e-07 7.836866e-05 6.970000e-01
1.564473e-07 8.685637e-05 6.980000e-01
1.695808e-07 9.550788e-05 6.990000e-01
1.829258e-07 1.042903e-04 7.000000e-01
1.964747e-07 1.131717e-04 7.010000e-01
2.102195e-07 1.221208e-04 7.020000e-01
2.241519e-07 1.311075e-04 7.030000e-01
2.382628e-07 1.401023e-04 7.040000e-01
2.525429e-07 1.490767e-04 7.050000e-01
2.669823e-07 1.580030e-04 7.060000e-01
2.815708e-07 1.668547e-04 7.070000e-01
2.962974e-07 1.756057e-04 7.080000e-01
3.111510e-07 1.842311e-04 7.090000e-01
3.261195e-07 1.927070e-04 7.100000e-01
3.411908e-07 2.010101e-04 7.110000e-01
3.563521e-07 2.091182e-04 7.120000e-01
3.715898e-07 2.170100e-04 7.130000e-01
3.868903e-07 2.246651e-04 7.140000e-01
4.022391e-07 2.320640e-04 7.150000e-01
4.176213e-07 2.391882e-04 7.160000e-01
4.330214e-07 2.460199e-04 7.170000e-01
4.484236e-07 2.525425e-04 7.180000e-01
4.638112e-07 2.587403e-04 7.190000e-01
4.791673e-07 2.645983e-04 7.200000e-01
4.944743e-07 2.701027e-04 7.210000e-01
5.097140e-07 2.752405e-04 7.220000e-01
5.248679e-07 2.799997e-04 7.230000e-01
5.399167e-07 2.843693e-04 7.240000e-01
5.548407e-07 2.883391e-04 7.250000e-01
5.696196e-07 2.919000e-04 7.260000e-01
5.842327e-07 2.950438e-04 7.270000e-01
5.986585e-07 2.977632e-04 7.280000e-01
6.128753e-07 3.000520e-04 7.290000e-01
6.268607e-07 3.019049e-04 7.300000e-01
6.405916e-07 3.033175e-04 7.310000e-01
6.540448e-07 3.042865e-04 7.320000e-01
6.671962e-07 3.048094e-04 7.330000e-01
6.800213e-07 3.048849e-04 7.340000e-01
6.924953e-07 3.045124e-04 7.350000e-01
7.045927e-07 3.036925e-04 7.360000e-01
7.162874e-07 3.024267e-04 7.370000e-01
7.275532e-07 3.007175e-04 7.380000e-01
7.383632e-07 2.985684e-04 7.390000e-01
7.486898e-07 2.959838e-04 7.400000e-01
7.585055e-07 2.929692e-04 7.410000e-01
7.677820e-07 2.895310e-04 7.420000e-01
7.764907e-07 2.856767e-04 7.430000e-01
7.846024e-07 2.814145e-04 7.440000e-01
7.920877e-07 2.767541e-04 7.450000e-01
7.989169e-07 2.717057e-04 7.460000e-01
8.050597e-07 2.662808e-04 7.470000e-01
8.104857e-07 2.604917e-04 7.480000e-01
8.151640e-07 2.543519e-04 7.490000e-01
8.190634e-07 2.478757e-04 7.500000e-01
8.221525e-07 2.410786e-04 7.510000e-01
8.243996e-07 2.339769e-04 7.520000e-01
8.257728e-07 2.265880e-04 7.530000e-01
8.262400e-07 2.189303e-04 7.540000e-01
8.257688e-07 2.110233e-04 7.550000e-01
8.243267e-07 2.028873e-04 7.560000e-01
8.218811e-07 1.945437e-04 7.570000e-01
8.183992e-07 1.860149e-04 7.580000e-01
8.138482e-07 1.773244e-04 7.590000e-01
8.081954e-07 1.684965e-04 7.600000e-01
8.014076e-07 1.595567e-04 7.610000e-01
7.934523e-07 1.505314e-04 7.620000e-01
7.842964e-07 1.414480e-04 7.630000e-01
7.739073e-07 1.323349e-04 7.640000e-01
7.622525e-07 1.232217e-04 7.650000e-01
7.492995e-07 1.141387e-04 7.660000e-01
7.350160e-07 1.051173e-04 7.670000e-01
7.193702e-07 9.619007e-05 7.680000e-01
7.023303e-07 8.739040e-05 7.690000e-01
6.838650e-07 7.875275e-05 7.700000e-01
6.639434e-07 7.031256e-05 7.710000e-01
6.425349e-07 6.210628e-05 7.720000e-01
6.196095e-07 5.417138e-05 7.730000e-01
5.951377e-07 4.654629e-05 7.740000e-01
5.690905e-07 3.927046e-05 7.750000e-01
5.414395e-07 3.238435e-05 7.760000e-01
5.121573e-07 2.592939e-05 7.770000e-01
4.812169e-07 1.994802e-05 7.780000e-01
4.485922e-07 1.448366e-05 7.790000e-01
4.142580e-07 9.580748e-06 7.800000e-01
3.781901e-07 5.284686e-06 7.810000e-01
3.403650e-07 1.641880e-06 7.820000e-01
3.007606e-07 1.300281e-06 7.830000e-01
2.593557e-07 3.493420e-06 7.840000e-01
2.161303e-07 4.888175e-06 7.850000e-01
1.710656e-07 5.434200e-06 7.860000e-01
1.241443e-07 5.080172e-06 7.870000e-01
7.535044e-08 3.773783e-06 7.880000e-01
2.466933e-08 1.461751e-06 7.890000e-01
2.791198e-08 1.907466e-06 7.900000e-01
8.240491e-08 6.331032e-06 7.910000e-01
1.388192e-07 1.175539e-05 7.920000e-01
1.971627e-07 1.812600e-05 7.930000e-01
2.574416e-07 2.538924e-05 7.940000e-01
3.196600e-07 3.349251e-05 7.950000e-01
3.838200e-07 4.238412e-05 7.960000e-01
4.499217e-07 5.201338e-05 7.970000e-01
5.179629e-07 6.233053e-05 7.980000e-01
5.879392e-07 7.328678e-05 7.990000e-01
6.598437e-07 8.483429e-05 8.000000e-01
7.336672e-07 9.692615e-05 8.010000e-01
8.093980e-07 1.095164e-04 8.020000e-01
8.870214e-07 1.225601e-04 8.030000e-01
9.665204e-07 1.360131e-04 8.040000e-01
1.047875e-06 1.498323e-04 8.050000e-01
1.131062e-06 1.639755e-04 8.060000e-01
1.216055e-06 1.784015e-04 8.070000e-01
1.302826e-06 1.930699e-04 8.080000e-01
1.391342e-06 2.079413e-04 8.090000e-01
1.481567e-06 2.229772e-04 8.100000e-01
1.573462e-06 2.381400e-04 8.110000e-01
1.666985e-06 2.533931e-04 8.120000e-01
1.762089e-06 2.687007e-04 8.130000e-01
1.858724e-06 2.840280e-04 8.140000e-01
1.956836e-06 2.993410e-04 8.150000e-01
2.056367e-06 3.146068e-04 8.160000e-01
2.157256e-06 3.297931e-04 8.170000e-01
2.259436e-06 3.448687e-04 8.180000e-01
2.362837e-06 3.598033e-04 8.190000e-01
2.467383e-06 3.745673e-04 8.200000e-01
2.572997e-06 3.891321e-04 8.210000e-01
2.679593e-06 4.034701e-04 8.220000e-01
2.787083e-06 4.175544e-04 8.230000e-01
2.895374e-06 4.313590e-04 8.240000e-01
3.004367e-06 4.448588e-04 8.250000e-01
3.113960e-06 4.580295e-04 8.260000e-01
3.224042e-06 4.708476e-04 8.270000e-01
3.334501e-06 4.832908e-04 8.280000e-01
3.445218e-06 4.953371e-04 8.290000e-01
3.556067e-06 5.069658e-04 8.300000e-01
3.666919e-06 5.181568e-04 8.310000e-01
3.777638e-06 5.288909e-04 8.320000e-01
3.888082e-06 5.391498e-04 8.330000e-01
3.998103e-06 5.489158e-04 8.340000e-01
4.107549e-06 5.581723e-04 8.350000e-01
4.216259e-06 5.669033e-04 8.360000e-01
4.324069e-06 5.750936e-04 8.370000e-01
4.430806e-06 5.827290e-04 8.380000e-01
4.536292e-06 5.897960e-04 8.390000e-01
4.640342e-06 5.962818e-04 8.400000e-01
4.742766e-06 6.021745e-04 8.410000e-01
4.843365e-06 6.074628e-04 8.420000e-01
4.941936e-06 6.121365e-04 8.430000e-01
5.038266e-06 6.161860e-04 8.440000e-01
5.132140e-06 6.196023e-04 8.450000e-01
5.223331e-06 6.223774e-04 8.460000e-01
5.311609e-06 6.245039e-04 8.470000e-01
5.396734e-06 6.259753e-04 8.480000e-01
5.478462e-06 6.267858e-04 8.490000e-01
5.556539e-06 6.269301e-04 8.500000e-01
5.630707e-06 6.264041e-04 8.510000e-01
5.700697e-06 6.252039e-04 8.520000e-01
5.766237e-06 6.233268e-04 8.530000e-01
5.827046e-06 6.207704e-04 8.540000e-01
5.882834e-06 6.175334e-04 8.550000e-01
5.933307e-06 6.136149e-04 8.560000e-01
5.978162e-06 6.090148e-04 8.570000e-01
6.017090e-06 6.037337e-04 8.580000e-01
6.049773e-06 5.977729e-04 8.590000e-01
6.075888e-06 5.911343e-04 8.600000e-01
6.095103e-06 5.838207e-04 8.610000e-01
6.107082e-06 5.758352e-04 8.620000e-01
6.111479e-06 5.671820e-04 8.630000e-01
6.107941e-06 5.578654e-04 8.640000e-01
6.096112e-06 5.478910e-04 8.650000e-01
6.075625e-06 5.372645e-04 8.660000e-01
6.046110e-06 5.259925e-04 8.670000e-01
6.007187e-06 5.140822e-04 8.680000e-01
5.958472e-06 5.015414e-04 8.690000e-01
5.899575e-06 4.883785e-04 8.700000e-01
5.830100e-06 4.746025e-04 8.710000e-01
5.749644e-06 4.602230e-04 8.720000e-01
5.657799e-06 4.452503e-04 8.730000e-01
5.554151e-06 4.296953e-04 8.740000e-01
5.438284e-06 4.135692e-04 8.750000e-01
5.309772e-06 3.968841e-04 8.760000e-01
5.168190e-06 3.796526e-04 8.770000e-01
5.013103e-06 3.618877e-04 8.780000e-01
4.844077e-06 3.436031e-04 8.790000e-01
4.660672e-06 3.248130e-04 8.800000e-01
4.462444e-06 3.055323e-04 8.810000e-01
4.248947e-06 2.857761e-04 8.820000e-01
4.019734e-06 2.655604e-04 8.830000e-01
3.774353e-06 2.449015e-04 8.840000e-01
3.512353e-06 2.238162e-04 8.850000e-01
3.233280e-06 2.023219e-04 8.860000e-01
2.936680e-06 1.804366e-04 8.870000e-01
2.622099e-06 1.581786e-04 8.880000e-01
2.289085e-06 1.355667e-04 8.890000e-01
1.937184e-06 1.126204e-04 8.900000e-01
1.565946e-06 8.935931e-05 8.910000e-01
1.174923e-06 6.580387e-05 8.920000e-01
7.636690e-07 4.197477e-05 8.930000e-01
3.317436e-07 1.789322e-05 8.940000e-01
1.212903e-07 6.419167e-06 8.950000e-01
5.958639e-07 3.094363e-05 8.960000e-01
1.092402e-06 5.566711e-05 8.970000e-01
1.611323e-06 8.057680e-05 8.980000e-01
2.153037e-06 1.056595e-04 8.990000e-01
2.717943e-06 1.309015e-04 9.000000e-01
3.306434e-06 1.562889e-04 9.010000e-01
3.918888e-06 1.818071e-04 9.020000e-01
4.555673e-06 2.074415e-04 9.030000e-01
5.217143e-06 2.331767e-04 9.040000e-01
5.903637e-06 2.589973e-04 9.050000e-01
6.615478e-06 2.848872e-04 9.060000e-01
7.352973e-06 3.108303e-04 9.070000e-01
8.116410e-06 3.368098e-04 9.080000e-01
8.906056e-06 3.628089e-04 9.090000e-01
9.722157e-06 3.888101e-04 9.100000e-01
1.056494e-05 4.147959e-04 9.110000e-01
1.143460e-05 4.407482e-04 9.120000e-01
1.233131e-05 4.666489e-04 9.130000e-01
1.325521e-05 4.924793e-04 9.140000e-01
1.420642e-05 5.182205e-04 9.150000e-01
1.518503e-05 5.438534e-04 9.160000e-01
1.619107e-05 5.693586e-04 9.170000e-01
1.722458e-05 5.947163e-04 9.180000e-01
1.828551e-05 6.199065e-04 9.190000e-01
1.937381e-05 6.449090e-04 9.200000e-01
2.048938e-05 6.697032e-04 9.210000e-01
2.163205e-05 6.942685e-04 9.220000e-01
2.280164e-05 7.185838e-04 9.230000e-01
2.399790e-05 7.426279e-04 9.240000e-01
2.522053e-05 7.663795e-04 9.250000e-01
2.646917e-05 7.898168e-04 9.260000e-01
2.774342e-05 8.129179e-04 9.270000e-01
2.904280e-05 8.356610e-04 9.280000e-01
3.036678e-05 8.580236e-04 9.290000e-01
3.171477e-05 8.799833e-04 9.300000e-01
3.308608e-05 9.015176e-04 9.310000e-01
3.447997e-05 9.226037e-04 9.320000e-01
3.589564e-05 9.432186e-04 9.330000e-01
3.733217e-05 9.633393e-04 9.340000e-01
3.878859e-05 9.829425e-04 9.350000e-01
4.026382e-05 1.002005e-03 9.360000e-01
4.175671e-05 1.020503e-03 9.370000e-01
4.326600e-05 1.038413e-03 9.380000e-01
4.479033e-05 1.055711e-03 9.390000e-01
4.632826e-05 1.072374e-03 9.400000e-01
4.787820e-05 1.088377e-03 9.410000e-01
4.943849e-05 1.103697e-03 9.420000e-01
5.100732e-05 1.118309e-03 9.430000e-01
5.258279e-05 1.132189e-03 9.440000e-01
5.416284e-05 1.145313e-03 9.450000e-01
5.574531e-05 1.157656e-03 9.460000e-01
5.732787e-05 1.169195e-03 9.470000e-01
5.890807e-05 1.179904e-03 9.480000e-01
6.048331e-05 1.189759e-03 9.490000e-01
6.205083e-05 1.198736e-03 9.500000e-01
6.360771e-05 1.206810e-03 9.510000e-01
6.515086e-05 1.213957e-03 9.520000e-01
6.667703e-05 1.220152e-03 9.530000e-01
6.818278e-05 1.225370e-03 9.540000e-01
6.966448e-05 1.229588e-03 9.550000e-01
7.111833e-05 1.232779e-03 9.560000e-01
7.254030e-05 1.234920e-03 9.570000e-01
7.392616e-05 1.235987e-03 9.580000e-01
7.527150e-05 1.235955e-03 9.590000e-01
7.657163e-05 1.234799e-03 9.600000e-01
7.782167e-05 1.232495e-03 9.610000e-01
7.901650e-05 1.229019e-03 9.620000e-01
8.015072e-05 1.224347e-03 9.630000e-01
8.121872e-05 1.218453e-03 9.640000e-01
8.221458e-05 1.211315e-03 9.650000e-01
8.313215e-05 1.202909e-03 9.660000e-01
8.396495e-05 1.193209e-03 9.670000e-01
8.470624e-05 1.182193e-03 9.680000e-01
8.534897e-05 1.169837e-03 9.690000e-01
8.588577e-05 1.156118e-03 9.700000e-01
8.630896e-05 1.141010e-03 9.710000e-01
8.661049e-05 1.124493e-03 9.720000e-01
8.678201e-05 1.106541e-03 9.730000e-01
8.681478e-05 1.087132e-03 9.740000e-01
8.669971e-05 1.066244e-03 9.750000e-01
8.642731e-05 1.043853e-03 9.760000e-01
8.598771e-05 1.019937e-03 9.770000e-01
8.537063e-05 9.944737e-04 9.780000e-01
8.456537e-05 9.674403e-04 9.790000e-01
8.356079e-05 9.388151e-04 9.800000e-01
8.234533e-05 9.085762e-04 9.810000e-01
8.090693e-05 8.767019e-04 9.820000e-01
7.923309e-05 8.431708e-04 9.830000e-01
7.731080e-05 8.079616e-04 9.840000e-01
7.512654e-05 7.710534e-04 9.850000e-01
7.266629e-05 7.324253e-04 9.860000e-01
6.991547e-05 6.920567e-04 9.870000e-01
6.685897e-05 6.499275e-04 9.880000e-01
6.348109e-05 6.060174e-04 9.890000e-01
5.976555e-05 5.603066e-04 9.900000e-01
5.569546e-05 5.127757e-04 9.910000e-01
5.125332e-05 4.634053e-04 9.920000e-01
4.642098e-05 4.121765e-04 9.930000e-01
4.117961e-05 3.590704e-04 9.940000e-01
3.550972e-05 3.040686e-04 9.950000e-01
2.939113e-05 2.471530e-04 9.960000e-01
2.280290e-05 1.883058e-04 9.970000e-01
1.572339e-05 1.275093e-04 9.980000e-01
8.130159e-06 6.474633e-05 9.990000e-01
