-5.000000e+00 -1.000000e+00
-4.979024e+00 -9.990000e-01
-4.958096e+00 -9.980000e-01
-4.937216e+00 -9.970000e-01
-4.916383e+00 -9.960000e-01
-4.895599e+00 -9.950000e-01
-4.874862e+00 -9.940000e-01
-4.854173e+00 -9.930000e-01
-4.833532e+00 -9.920000e-01
-4.812938e+00 -9.910000e-01
-4.792392e+00 -9.900000e-01
-4.771893e+00 -9.890000e-01
-4.751442e+00 -9.880000e-01
-4.731038e+00 -9.870000e-01
-4.710682e+00 -9.860000e-01
-4.690373e+00 -9.850000e-01
-4.670111e+00 -9.840000e-01
-4.649897e+00 -9.830000e-01
-4.629729e+00 -9.820000e-01
-4.609609e+00 -9.810000e-01
-4.589536e+00 -9.800000e-01
-4.569510e+00 -9.790000e-01
-4.549531e+00 -9.780000e-01
-4.529599e+00 -9.770000e-01
-4.509713e+00 -9.760000e-01
-4.489875e+00 -9.750000e-01
-4.470083e+00 -9.740000e-01
-4.450339e+00 -9.730000e-01
-4.430640e+00 -9.720000e-01
-4.410989e+00 -9.710000e-01
-4.391384e+00 -9.700000e-01
-4.371826e+00 -9.690000e-01
-4.352314e+00 -9.680000e-01
-4.332849e+00 -9.670000e-01
-4.313430e+00 -9.660000e-01
-4.294057e+00 -9.650000e-01
-4.274731e+00 -9.640000e-01
-4.255451e+00 -9.630000e-01
-4.236217e+00 -9.620000e-01
-4.217029e+00 -9.610000e-01
-4.197888e+00 -9.600000e-01
-4.178793e+00 -9.590000e-01
-4.159743e+00 -9.580000e-01
-4.140740e+00 -9.570000e-01
-4.121783e+00 -9.560000e-01
-4.102871e+00 -9.550000e-01
-4.084005e+00 -9.540000e-01
-4.065185e+00 -9.530000e-01
-4.046411e+00 -9.520000e-01
-4.027683e+00 -9.510000e-01
-4.009000e+00 -9.500000e-01
-3.990363e+00 -9.490000e-01
-3.971771e+00 -9.480000e-01
-3.953225e+00 -9.470000e-01
-3.934724e+00 -9.460000e-01
-3.916269e+00 -9.450000e-01
-3.897859e+00 -9.440000e-01
-3.879494e+00 -9.430000e-01
-3.861175e+00 -9.420000e-01
-3.842901e+00 -9.410000e-01
-3.824672e+00 -9.400000e-01
-3.806488e+00 -9.390000e-01
-3.788349e+00 -9.380000e-01
-3.770256e+00 -9.370000e-01
-3.752207e+00 -9.360000e-01
-3.734203e+00 -9.350000e-01
-3.716244e+00 -9.340000e-01
-3.698330e+00 -9.330000e-01
-3.680461e+00 -9.320000e-01
-3.662636e+00 -9.310000e-01
-3.644856e+00 -9.300000e-01
-3.627121e+00 -9.290000e-01
-3.609430e+00 -9.280000e-01
-3.591784e+00 -9.270000e-01
-3.574182e+00 -9.260000e-01
-3.556625e+00 -9.250000e-01
-3.539112e+00 -9.240000e-01
-3.521644e+00 -9.230000e-01
-3.504220e+00 -9.220000e-01
-3.486840e+00 -9.210000e-01
-3.469504e+00 -9.200000e-01
-3.452212e+00 -9.190000e-01
-3.434965e+00 -9.180000e-01
-3.417762e+00 -9.170000e-01
-3.400602e+00 -9.160000e-01
-3.383487e+00 -9.150000e-01
-3.366416e+00 -9.140000e-01
-3.349388e+00 -9.130000e-01
-3.332404e+00 -9.120000e-01
-3.315464e+00 -9.110000e-01
-3.298568e+00 -9.100000e-01
-3.281715e+00 -9.090000e-01
-3.264906e+00 -9.080000e-01
-3.248141e+00 -9.070000e-01
-3.231419e+00 -9.060000e-01
-3.214741e+00 -9.050000e-01
-3.198106e+00 -9.040000e-01
-3.181515e+00 -9.030000e-01
-3.164966e+00 -9.020000e-01
-3.148462e+00 -9.010000e-01
-3.132000e+00 -9.000000e-01
-3.115582e+00 -8.990000e-01
-3.099206e+00 -8.980000e-01
-3.082874e+00 -8.970000e-01
-3.066585e+00 -8.960000e-01
-3.050339e+00 -8.950000e-01
-3.034136e+00 -8.940000e-01
-3.017976e+00 -8.930000e-01
-3.001858e+00 -8.920000e-01
-2.985784e+00 -8.910000e-01
-2.969752e+00 -8.900000e-01
-2.953763e+00 -8.890000e-01
-2.937817e+00 -8.880000e-01
-2.921913e+00 -8.870000e-01
-2.906052e+00 -8.860000e-01
-2.890233e+00 -8.850000e-01
-2.874457e+00 -8.840000e-01
-2.858723e+00 -8.830000e-01
-2.843032e+00 -8.820000e-01
-2.827383e+00 -8.810000e-01
-2.811776e+00 -8.800000e-01
-2.796212e+00 -8.790000e-01
-2.780689e+00 -8.780000e-01
-2.765209e+00 -8.770000e-01
-2.749771e+00 -8.760000e-01
-2.734375e+00 -8.750000e-01
-2.719021e+00 -8.740000e-01
-2.703709e+00 -8.730000e-01
-2.688439e+00 -8.720000e-01
-2.673210e+00 -8.710000e-01
-2.658024e+00 -8.700000e-01
-2.642879e+00 -8.690000e-01
-2.627776e+00 -8.680000e-01
-2.612715e+00 -8.670000e-01
-2.597695e+00 -8.660000e-01
-2.582717e+00 -8.650000e-01
-2.567780e+00 -8.640000e-01
-2.552885e+00 -8.630000e-01
-2.538031e+00 -8.620000e-01
-2.523219e+00 -8.610000e-01
-2.508448e+00 -8.600000e-01
-2.493718e+00 -8.590000e-01
-2.479030e+00 -8.580000e-01
-2.464382e+00 -8.570000e-01
-2.449776e+00 -8.560000e-01
-2.435211e+00 -8.550000e-01
-2.420687e+00 -8.540000e-01
-2.406204e+00 -8.530000e-01
-2.391762e+00 -8.520000e-01
-2.377360e+00 -8.510000e-01
-2.363000e+00 -8.500000e-01
-2.348680e+00 -8.490000e-01
-2.334402e+00 -8.480000e-01
-2.320163e+00 -8.470000e-01
-2.305966e+00 -8.460000e-01
-2.291809e+00 -8.450000e-01
-2.277693e+00 -8.440000e-01
-2.263617e+00 -8.430000e-01
-2.249582e+00 -8.420000e-01
-2.235587e+00 -8.410000e-01
-2.221632e+00 -8.400000e-01
-2.207718e+00 -8.390000e-01
-2.193844e+00 -8.380000e-01
-2.180010e+00 -8.370000e-01
-2.166216e+00 -8.360000e-01
-2.152463e+00 -8.350000e-01
-2.138750e+00 -8.340000e-01
-2.125076e+00 -8.330000e-01
-2.111443e+00 -8.320000e-01
-2.097850e+00 -8.310000e-01
-2.084296e+00 -8.300000e-01
-2.070782e+00 -8.290000e-01
-2.057308e+00 -8.280000e-01
-2.043874e+00 -8.270000e-01
-2.030480e+00 -8.260000e-01
-2.017125e+00 -8.250000e-01
-2.003810e+00 -8.240000e-01
-1.990534e+00 -8.230000e-01
-1.977298e+00 -8.220000e-01
-1.964101e+00 -8.210000e-01
-1.950944e+00 -8.200000e-01
-1.937826e+00 -8.190000e-01
-1.924747e+00 -8.180000e-01
-1.911708e+00 -8.170000e-01
-1.898708e+00 -8.160000e-01
-1.885747e+00 -8.150000e-01
-1.872825e+00 -8.140000e-01
-1.859942e+00 -8.130000e-01
-1.847099e+00 -8.120000e-01
-1.834294e+00 -8.110000e-01
-1.821528e+00 -8.100000e-01
-1.808801e+00 -8.090000e-01
-1.796113e+00 -8.080000e-01
-1.783464e+00 -8.070000e-01
-1.770853e+00 -8.060000e-01
-1.758281e+00 -8.050000e-01
-1.745748e+00 -8.040000e-01
-1.733253e+00 -8.030000e-01
-1.720797e+00 -8.020000e-01
-1.708379e+00 -8.010000e-01
-1.696000e+00 -8.000000e-01
-1.683659e+00 -7.990000e-01
-1.671357e+00 -7.980000e-01
-1.659093e+00 -7.970000e-01
-1.646867e+00 -7.960000e-01
-1.634679e+00 -7.950000e-01
-1.622529e+00 -7.940000e-01
-1.610418e+00 -7.930000e-01
-1.598345e+00 -7.920000e-01
-1.586309e+00 -7.910000e-01
-1.574312e+00 -7.900000e-01
-1.562353e+00 -7.890000e-01
-1.550431e+00 -7.880000e-01
-1.538547e+00 -7.870000e-01
-1.526701e+00 -7.860000e-01
-1.514893e+00 -7.850000e-01
-1.503122e+00 -7.840000e-01
-1.491389e+00 -7.830000e-01
-1.479694e+00 -7.820000e-01
-1.468036e+00 -7.810000e-01
-1.456416e+00 -7.800000e-01
-1.444833e+00 -7.790000e-01
-1.433288e+00 -7.780000e-01
-1.421779e+00 -7.770000e-01
-1.410309e+00 -7.760000e-01
-1.398875e+00 -7.750000e-01
-1.387479e+00 -7.740000e-01
-1.376119e+00 -7.730000e-01
-1.364797e+00 -7.720000e-01
-1.353512e+00 -7.710000e-01
-1.342264e+00 -7.700000e-01
-1.331053e+00 -7.690000e-01
-1.319879e+00 -7.680000e-01
-1.308741e+00 -7.670000e-01
-1.297641e+00 -7.660000e-01
-1.286577e+00 -7.650000e-01
-1.275550e+00 -7.640000e-01
-1.264560e+00 -7.630000e-01
-1.253606e+00 -7.620000e-01
-1.242689e+00 -7.610000e-01
-1.231808e+00 -7.600000e-01
-1.220964e+00 -7.590000e-01
-1.210156e+00 -7.580000e-01
-1.199385e+00 -7.570000e-01
-1.188650e+00 -7.560000e-01
-1.177951e+00 -7.550000e-01
-1.167289e+00 -7.540000e-01
-1.156662e+00 -7.530000e-01
-1.146072e+00 -7.520000e-01
-1.135518e+00 -7.510000e-01
-1.125000e+00 -7.500000e-01
-1.114518e+00 -7.490000e-01
-1.104072e+00 -7.480000e-01
-1.093662e+00 -7.470000e-01
-1.083287e+00 -7.460000e-01
-1.072949e+00 -7.450000e-01
-1.062646e+00 -7.440000e-01
-1.052379e+00 -7.430000e-01
-1.042148e+00 -7.420000e-01
-1.031952e+00 -7.410000e-01
-1.021792e+00 -7.400000e-01
-1.011667e+00 -7.390000e-01
-1.001578e+00 -7.380000e-01
-9.915244e-01 -7.370000e-01
-9.815060e-01 -7.360000e-01
-9.715230e-01 -7.350000e-01
-9.615752e-01 -7.340000e-01
-9.516627e-01 -7.330000e-01
-9.417853e-01 -7.320000e-01
-9.319431e-01 -7.310000e-01
-9.221360e-01 -7.300000e-01
-9.123639e-01 -7.290000e-01
-9.026268e-01 -7.280000e-01
-8.929247e-01 -7.270000e-01
-8.832574e-01 -7.260000e-01
-8.736250e-01 -7.250000e-01
-8.640274e-01 -7.240000e-01
-8.544645e-01 -7.230000e-01
-8.449364e-01 -7.220000e-01
-8.354429e-01 -7.210000e-01
-8.259840e-01 -7.200000e-01
-8.165597e-01 -7.190000e-01
-8.071699e-01 -7.180000e-01
-7.978145e-01 -7.170000e-01
-7.884936e-01 -7.160000e-01
-7.792070e-01 -7.150000e-01
-7.699548e-01 -7.140000e-01
-7.607368e-01 -7.130000e-01
-7.515530e-01 -7.120000e-01
-7.424034e-01 -7.110000e-01
-7.332880e-01 -7.100000e-01
-7.242066e-01 -7.090000e-01
-7.151593e-01 -7.080000e-01
-7.061459e-01 -7.070000e-01
-6.971665e-01 -7.060000e-01
-6.882210e-01 -7.050000e-01
-6.793093e-01 -7.040000e-01
-6.704314e-01 -7.030000e-01
-6.615873e-01 -7.020000e-01
-6.527768e-01 -7.010000e-01
-6.440000e-01 -7.000000e-01
-6.352568e-01 -6.990000e-01
-6.265471e-01 -6.980000e-01
-6.178710e-01 -6.970000e-01
-6.092283e-01 -6.960000e-01
-6.006190e-01 -6.950000e-01
-5.920431e-01 -6.940000e-01
-5.835005e-01 -6.930000e-01
-5.749911e-01 -6.920000e-01
-5.665150e-01 -6.910000e-01
-5.580720e-01 -6.900000e-01
-5.496622e-01 -6.890000e-01
-5.412854e-01 -6.880000e-01
-5.329416e-01 -6.870000e-01
-5.246308e-01 -6.860000e-01
-5.163530e-01 -6.850000e-01
-5.081080e-01 -6.840000e-01
-4.998959e-01 -6.830000e-01
-4.917165e-01 -6.820000e-01
-4.835699e-01 -6.810000e-01
-4.754560e-01 -6.800000e-01
-4.673747e-01 -6.790000e-01
-4.593260e-01 -6.780000e-01
-4.513099e-01 -6.770000e-01
-4.433262e-01 -6.760000e-01
-4.353750e-01 -6.750000e-01
-4.274562e-01 -6.740000e-01
-4.195697e-01 -6.730000e-01
-4.117156e-01 -6.720000e-01
-4.038937e-01 -6.710000e-01
-3.961040e-01 -6.700000e-01
-3.883465e-01 -6.690000e-01
-3.806211e-01 -6.680000e-01
-3.729277e-01 -6.670000e-01
-3.652664e-01 -6.660000e-01
-3.576370e-01 -6.650000e-01
-3.500396e-01 -6.640000e-01
-3.424740e-01 -6.630000e-01
-3.349402e-01 -6.620000e-01
-3.274382e-01 -6.610000e-01
-3.199680e-01 -6.600000e-01
-3.125294e-01 -6.590000e-01
-3.051225e-01 -6.580000e-01
-2.977471e-01 -6.570000e-01
-2.904033e-01 -6.560000e-01
-2.830910e-01 -6.550000e-01
-2.758101e-01 -6.540000e-01
-2.685606e-01 -6.530000e-01
-2.613425e-01 -6.520000e-01
-2.541556e-01 -6.510000e-01
-2.470000e-01 -6.500000e-01
-2.398756e-01 -6.490000e-01
-2.327823e-01 -6.480000e-01
-2.257202e-01 -6.470000e-01
-2.186891e-01 -6.460000e-01
-2.116890e-01 -6.450000e-01
-2.047199e-01 -6.440000e-01
-1.977817e-01 -6.430000e-01
-1.908743e-01 -6.420000e-01
-1.839978e-01 -6.410000e-01
-1.771520e-01 -6.400000e-01
-1.703370e-01 -6.390000e-01
-1.635526e-01 -6.380000e-01
-1.567988e-01 -6.370000e-01
-1.500756e-01 -6.360000e-01
-1.433830e-01 -6.350000e-01
-1.367208e-01 -6.340000e-01
-1.300891e-01 -6.330000e-01
-1.234877e-01 -6.320000e-01
-1.169167e-01 -6.310000e-01
-1.103760e-01 -6.300000e-01
-1.038655e-01 -6.290000e-01
-9.738522e-02 -6.280000e-01
-9.093506e-02 -6.270000e-01
-8.451501e-02 -6.260000e-01
-7.812500e-02 -6.250000e-01
-7.176499e-02 -6.240000e-01
-6.543494e-02 -6.230000e-01
-5.913478e-02 -6.220000e-01
-5.286449e-02 -6.210000e-01
-4.662400e-02 -6.200000e-01
-4.041327e-02 -6.190000e-01
-3.423226e-02 -6.180000e-01
-2.808090e-02 -6.170000e-01
-2.195917e-02 -6.160000e-01
-1.586700e-02 -6.150000e-01
-9.804352e-03 -6.140000e-01
-3.771176e-03 -6.130000e-01
2.232576e-03 -6.120000e-01
8.206952e-03 -6.110000e-01
1.415200e-02 -6.100000e-01
2.006777e-02 -6.090000e-01
2.595430e-02 -6.080000e-01
3.181166e-02 -6.070000e-01
3.763987e-02 -6.060000e-01
4.343900e-02 -6.050000e-01
4.920909e-02 -6.040000e-01
5.495018e-02 -6.030000e-01
6.066234e-02 -6.020000e-01
6.634559e-02 -6.010000e-01
7.200000e-02 -6.000000e-01
7.762561e-02 -5.990000e-01
8.322246e-02 -5.980000e-01
8.879062e-02 -5.970000e-01
9.433011e-02 -5.960000e-01
9.984100e-02 -5.950000e-01
1.053233e-01 -5.940000e-01
1.107771e-01 -5.930000e-01
1.162025e-01 -5.920000e-01
1.215994e-01 -5.910000e-01
1.269680e-01 -5.900000e-01
1.323082e-01 -5.890000e-01
1.376202e-01 -5.880000e-01
1.429040e-01 -5.870000e-01
1.481596e-01 -5.860000e-01
1.533870e-01 -5.850000e-01
1.585864e-01 -5.840000e-01
1.637577e-01 -5.830000e-01
1.689011e-01 -5.820000e-01
1.740165e-01 -5.810000e-01
1.791040e-01 -5.800000e-01
1.841637e-01 -5.790000e-01
1.891956e-01 -5.780000e-01
1.941997e-01 -5.770000e-01
1.991762e-01 -5.760000e-01
2.041250e-01 -5.750000e-01
2.090462e-01 -5.740000e-01
2.139399e-01 -5.730000e-01
2.188060e-01 -5.720000e-01
2.236447e-01 -5.710000e-01
2.284560e-01 -5.700000e-01
2.332399e-01 -5.690000e-01
2.379965e-01 -5.680000e-01
2.427259e-01 -5.670000e-01
2.474280e-01 -5.660000e-01
2.521030e-01 -5.650000e-01
2.567508e-01 -5.640000e-01
2.613716e-01 -5.630000e-01
2.659654e-01 -5.620000e-01
2.705322e-01 -5.610000e-01
2.750720e-01 -5.600000e-01
2.795850e-01 -5.590000e-01
2.840711e-01 -5.580000e-01
2.885305e-01 -5.570000e-01
2.929631e-01 -5.560000e-01
2.973690e-01 -5.550000e-01
3.017483e-01 -5.540000e-01
3.061010e-01 -5.530000e-01
3.104271e-01 -5.520000e-01
3.147268e-01 -5.510000e-01
3.190000e-01 -5.500000e-01
3.232468e-01 -5.490000e-01
3.274673e-01 -5.480000e-01
3.316614e-01 -5.470000e-01
3.358293e-01 -5.460000e-01
3.399710e-01 -5.450000e-01
3.440865e-01 -5.440000e-01
3.481759e-01 -5.430000e-01
3.522393e-01 -5.420000e-01
3.562766e-01 -5.410000e-01
3.602880e-01 -5.400000e-01
3.642734e-01 -5.390000e-01
3.682330e-01 -5.380000e-01
3.721668e-01 -5.370000e-01
3.760748e-01 -5.360000e-01
3.799570e-01 -5.350000e-01
3.838136e-01 -5.340000e-01
3.876445e-01 -5.330000e-01
3.914499e-01 -5.320000e-01
3.952297e-01 -5.310000e-01
3.989840e-01 -5.300000e-01
4.027129e-01 -5.290000e-01
4.064164e-01 -5.280000e-01
4.100945e-01 -5.270000e-01
4.137474e-01 -5.260000e-01
4.173750e-01 -5.250000e-01
4.209774e-01 -5.240000e-01
4.245547e-01 -5.230000e-01
4.281068e-01 -5.220000e-01
4.316339e-01 -5.210000e-01
4.351360e-01 -5.200000e-01
4.386131e-01 -5.190000e-01
4.420653e-01 -5.180000e-01
4.454927e-01 -5.170000e-01
4.488952e-01 -5.160000e-01
4.522730e-01 -5.150000e-01
4.556260e-01 -5.140000e-01
4.589544e-01 -5.130000e-01
4.622582e-01 -5.120000e-01
4.655374e-01 -5.110000e-01
4.687920e-01 -5.100000e-01
4.720222e-01 -5.090000e-01
4.752279e-01 -5.080000e-01
4.784093e-01 -5.070000e-01
4.815663e-01 -5.060000e-01
4.846990e-01 -5.050000e-01
4.878075e-01 -5.040000e-01
4.908918e-01 -5.030000e-01
4.939519e-01 -5.020000e-01
4.969880e-01 -5.010000e-01
5.000000e-01 -5.000000e-01
5.029880e-01 -4.990000e-01
5.059521e-01 -4.980000e-01
5.088922e-01 -4.970000e-01
5.118085e-01 -4.960000e-01
5.147010e-01 -4.950000e-01
5.175697e-01 -4.940000e-01
5.204147e-01 -4.930000e-01
5.232361e-01 -4.920000e-01
5.260338e-01 -4.910000e-01
5.288080e-01 -4.900000e-01
5.315586e-01 -4.890000e-01
5.342858e-01 -4.880000e-01
5.369896e-01 -4.870000e-01
5.396700e-01 -4.860000e-01
5.423270e-01 -4.850000e-01
5.449608e-01 -4.840000e-01
5.475713e-01 -4.830000e-01
5.501587e-01 -4.820000e-01
5.527229e-01 -4.810000e-01
5.552640e-01 -4.800000e-01
5.577821e-01 -4.790000e-01
5.602772e-01 -4.780000e-01
5.627493e-01 -4.770000e-01
5.651986e-01 -4.760000e-01
5.676250e-01 -4.750000e-01
5.700286e-01 -4.740000e-01
5.724095e-01 -4.730000e-01
5.747676e-01 -4.720000e-01
5.771031e-01 -4.710000e-01
5.794160e-01 -4.700000e-01
5.817063e-01 -4.690000e-01
5.839741e-01 -4.680000e-01
5.862195e-01 -4.670000e-01
5.884424e-01 -4.660000e-01
5.906430e-01 -4.650000e-01
5.928212e-01 -4.640000e-01
5.949772e-01 -4.630000e-01
5.971110e-01 -4.620000e-01
5.992226e-01 -4.610000e-01
6.013120e-01 -4.600000e-01
6.033794e-01 -4.590000e-01
6.054247e-01 -4.580000e-01
6.074481e-01 -4.570000e-01
6.094495e-01 -4.560000e-01
6.114290e-01 -4.550000e-01
6.133867e-01 -4.540000e-01
6.153226e-01 -4.530000e-01
6.172367e-01 -4.520000e-01
6.191292e-01 -4.510000e-01
6.210000e-01 -4.500000e-01
6.228492e-01 -4.490000e-01
6.246769e-01 -4.480000e-01
6.264830e-01 -4.470000e-01
6.282677e-01 -4.460000e-01
6.300310e-01 -4.450000e-01
6.317729e-01 -4.440000e-01
6.334935e-01 -4.430000e-01
6.351929e-01 -4.420000e-01
6.368710e-01 -4.410000e-01
6.385280e-01 -4.400000e-01
6.401638e-01 -4.390000e-01
6.417786e-01 -4.380000e-01
6.433724e-01 -4.370000e-01
6.449452e-01 -4.360000e-01
6.464970e-01 -4.350000e-01
6.480280e-01 -4.340000e-01
6.495381e-01 -4.330000e-01
6.510275e-01 -4.320000e-01
6.524961e-01 -4.310000e-01
6.539440e-01 -4.300000e-01
6.553713e-01 -4.290000e-01
6.567780e-01 -4.280000e-01
6.581641e-01 -4.270000e-01
6.595298e-01 -4.260000e-01
6.608750e-01 -4.250000e-01
6.621998e-01 -4.240000e-01
6.635043e-01 -4.230000e-01
6.647884e-01 -4.220000e-01
6.660523e-01 -4.210000e-01
6.672960e-01 -4.200000e-01
6.685195e-01 -4.190000e-01
6.697229e-01 -4.180000e-01
6.709063e-01 -4.170000e-01
6.720696e-01 -4.160000e-01
6.732130e-01 -4.150000e-01
6.743364e-01 -4.140000e-01
6.754400e-01 -4.130000e-01
6.765238e-01 -4.120000e-01
6.775878e-01 -4.110000e-01
6.786320e-01 -4.100000e-01
6.796566e-01 -4.090000e-01
6.806615e-01 -4.080000e-01
6.816469e-01 -4.070000e-01
6.826127e-01 -4.060000e-01
6.835590e-01 -4.050000e-01
6.844859e-01 -4.040000e-01
6.853934e-01 -4.030000e-01
6.862815e-01 -4.020000e-01
6.871504e-01 -4.010000e-01
6.880000e-01 -4.000000e-01
6.888304e-01 -3.990000e-01
6.896417e-01 -3.980000e-01
6.904338e-01 -3.970000e-01
6.912069e-01 -3.960000e-01
6.919610e-01 -3.950000e-01
6.926961e-01 -3.940000e-01
6.934123e-01 -3.930000e-01
6.941097e-01 -3.920000e-01
6.947882e-01 -3.910000e-01
6.954480e-01 -3.900000e-01
6.960890e-01 -3.890000e-01
6.967114e-01 -3.880000e-01
6.973152e-01 -3.870000e-01
6.979004e-01 -3.860000e-01
6.984670e-01 -3.850000e-01
6.990152e-01 -3.840000e-01
6.995449e-01 -3.830000e-01
7.000563e-01 -3.820000e-01
7.005493e-01 -3.810000e-01
7.010240e-01 -3.800000e-01
7.014805e-01 -3.790000e-01
7.019188e-01 -3.780000e-01
7.023389e-01 -3.770000e-01
7.027410e-01 -3.760000e-01
7.031250e-01 -3.750000e-01
7.034910e-01 -3.740000e-01
7.038391e-01 -3.730000e-01
7.041692e-01 -3.720000e-01
7.044815e-01 -3.710000e-01
7.047760e-01 -3.700000e-01
7.050527e-01 -3.690000e-01
7.053117e-01 -3.680000e-01
7.055531e-01 -3.670000e-01
7.057768e-01 -3.660000e-01
7.059830e-01 -3.650000e-01
7.061716e-01 -3.640000e-01
7.063428e-01 -3.630000e-01
7.064966e-01 -3.620000e-01
7.066330e-01 -3.610000e-01
7.067520e-01 -3.600000e-01
7.068538e-01 -3.590000e-01
7.069383e-01 -3.580000e-01
7.070057e-01 -3.570000e-01
7.070559e-01 -3.560000e-01
7.070890e-01 -3.550000e-01
7.071051e-01 -3.540000e-01
7.071042e-01 -3.530000e-01
7.070863e-01 -3.520000e-01
7.070516e-01 -3.510000e-01
7.070000e-01 -3.500000e-01
7.069316e-01 -3.490000e-01
7.068465e-01 -3.480000e-01
7.067446e-01 -3.470000e-01
7.066261e-01 -3.460000e-01
7.064910e-01 -3.450000e-01
7.063393e-01 -3.440000e-01
7.061711e-01 -3.430000e-01
7.059865e-01 -3.420000e-01
7.057854e-01 -3.410000e-01
7.055680e-01 -3.400000e-01
7.053342e-01 -3.390000e-01
7.050842e-01 -3.380000e-01
7.048180e-01 -3.370000e-01
7.045356e-01 -3.360000e-01
7.042370e-01 -3.350000e-01
7.039224e-01 -3.340000e-01
7.035917e-01 -3.330000e-01
7.032451e-01 -3.320000e-01
7.028825e-01 -3.310000e-01
7.025040e-01 -3.300000e-01
7.021097e-01 -3.290000e-01
7.016996e-01 -3.280000e-01
7.012737e-01 -3.270000e-01
7.008322e-01 -3.260000e-01
7.003750e-01 -3.250000e-01
6.999022e-01 -3.240000e-01
6.994139e-01 -3.230000e-01
6.989100e-01 -3.220000e-01
6.983907e-01 -3.210000e-01
6.978560e-01 -3.200000e-01
6.973059e-01 -3.190000e-01
6.967405e-01 -3.180000e-01
6.961599e-01 -3.170000e-01
6.955640e-01 -3.160000e-01
6.949530e-01 -3.150000e-01
6.943268e-01 -3.140000e-01
6.936856e-01 -3.130000e-01
6.930294e-01 -3.120000e-01
6.923582e-01 -3.110000e-01
6.916720e-01 -3.100000e-01
6.909710e-01 -3.090000e-01
6.902551e-01 -3.080000e-01
6.895245e-01 -3.070000e-01
6.887791e-01 -3.060000e-01
6.880190e-01 -3.050000e-01
6.872443e-01 -3.040000e-01
6.864550e-01 -3.030000e-01
6.856511e-01 -3.020000e-01
6.848328e-01 -3.010000e-01
6.840000e-01 -3.000000e-01
6.831528e-01 -2.990000e-01
6.822913e-01 -2.980000e-01
6.814154e-01 -2.970000e-01
6.805253e-01 -2.960000e-01
6.796210e-01 -2.950000e-01
6.787025e-01 -2.940000e-01
6.777699e-01 -2.930000e-01
6.768233e-01 -2.920000e-01
6.758626e-01 -2.910000e-01
6.748880e-01 -2.900000e-01
6.738994e-01 -2.890000e-01
6.728970e-01 -2.880000e-01
6.718808e-01 -2.870000e-01
6.708508e-01 -2.860000e-01
6.698070e-01 -2.850000e-01
6.687496e-01 -2.840000e-01
6.676785e-01 -2.830000e-01
6.665939e-01 -2.820000e-01
6.654957e-01 -2.810000e-01
6.643840e-01 -2.800000e-01
6.632589e-01 -2.790000e-01
6.621204e-01 -2.780000e-01
6.609685e-01 -2.770000e-01
6.598034e-01 -2.760000e-01
6.586250e-01 -2.750000e-01
6.574334e-01 -2.740000e-01
6.562287e-01 -2.730000e-01
6.550108e-01 -2.720000e-01
6.537799e-01 -2.710000e-01
6.525360e-01 -2.700000e-01
6.512791e-01 -2.690000e-01
6.500093e-01 -2.680000e-01
6.487267e-01 -2.670000e-01
6.474312e-01 -2.660000e-01
6.461230e-01 -2.650000e-01
6.448020e-01 -2.640000e-01
6.434684e-01 -2.630000e-01
6.421222e-01 -2.620000e-01
6.407634e-01 -2.610000e-01
6.393920e-01 -2.600000e-01
6.380082e-01 -2.590000e-01
6.366119e-01 -2.580000e-01
6.352033e-01 -2.570000e-01
6.337823e-01 -2.560000e-01
6.323490e-01 -2.550000e-01
6.309035e-01 -2.540000e-01
6.294458e-01 -2.530000e-01
6.279759e-01 -2.520000e-01
6.264940e-01 -2.510000e-01
6.250000e-01 -2.500000e-01
6.234940e-01 -2.490000e-01
6.219761e-01 -2.480000e-01
6.204462e-01 -2.470000e-01
6.189045e-01 -2.460000e-01
6.173510e-01 -2.450000e-01
6.157857e-01 -2.440000e-01
6.142087e-01 -2.430000e-01
6.126201e-01 -2.420000e-01
6.110198e-01 -2.410000e-01
6.094080e-01 -2.400000e-01
6.077846e-01 -2.390000e-01
6.061498e-01 -2.380000e-01
6.045036e-01 -2.370000e-01
6.028460e-01 -2.360000e-01
6.011770e-01 -2.350000e-01
5.994968e-01 -2.340000e-01
5.978053e-01 -2.330000e-01
5.961027e-01 -2.320000e-01
5.943889e-01 -2.310000e-01
5.926640e-01 -2.300000e-01
5.909281e-01 -2.290000e-01
5.891812e-01 -2.280000e-01
5.874233e-01 -2.270000e-01
5.856546e-01 -2.260000e-01
5.838750e-01 -2.250000e-01
5.820846e-01 -2.240000e-01
5.802835e-01 -2.230000e-01
5.784716e-01 -2.220000e-01
5.766491e-01 -2.210000e-01
5.748160e-01 -2.200000e-01
5.729723e-01 -2.190000e-01
5.711181e-01 -2.180000e-01
5.692535e-01 -2.170000e-01
5.673784e-01 -2.160000e-01
5.654930e-01 -2.150000e-01
5.635972e-01 -2.140000e-01
5.616912e-01 -2.130000e-01
5.597750e-01 -2.120000e-01
5.578486e-01 -2.110000e-01
5.559120e-01 -2.100000e-01
5.539654e-01 -2.090000e-01
5.520087e-01 -2.080000e-01
5.500421e-01 -2.070000e-01
5.480655e-01 -2.060000e-01
5.460790e-01 -2.050000e-01
5.440827e-01 -2.040000e-01
5.420766e-01 -2.030000e-01
5.400607e-01 -2.020000e-01
5.380352e-01 -2.010000e-01
5.360000e-01 -2.000000e-01
5.339552e-01 -1.990000e-01
5.319009e-01 -1.980000e-01
5.298370e-01 -1.970000e-01
5.277637e-01 -1.960000e-01
5.256810e-01 -1.950000e-01
5.235889e-01 -1.940000e-01
5.214875e-01 -1.930000e-01
5.193769e-01 -1.920000e-01
5.172570e-01 -1.910000e-01
5.151280e-01 -1.900000e-01
5.129898e-01 -1.890000e-01
5.108426e-01 -1.880000e-01
5.086864e-01 -1.870000e-01
5.065212e-01 -1.860000e-01
5.043470e-01 -1.850000e-01
5.021640e-01 -1.840000e-01
4.999721e-01 -1.830000e-01
4.977715e-01 -1.820000e-01
4.955621e-01 -1.810000e-01
4.933440e-01 -1.800000e-01
4.911173e-01 -1.790000e-01
4.888820e-01 -1.780000e-01
4.866381e-01 -1.770000e-01
4.843858e-01 -1.760000e-01
4.821250e-01 -1.750000e-01
4.798558e-01 -1.740000e-01
4.775783e-01 -1.730000e-01
4.752924e-01 -1.720000e-01
4.729983e-01 -1.710000e-01
4.706960e-01 -1.700000e-01
4.683855e-01 -1.690000e-01
4.660669e-01 -1.680000e-01
4.637403e-01 -1.670000e-01
4.614056e-01 -1.660000e-01
4.590630e-01 -1.650000e-01
4.567124e-01 -1.640000e-01
4.543540e-01 -1.630000e-01
4.519878e-01 -1.620000e-01
4.496138e-01 -1.610000e-01
4.472320e-01 -1.600000e-01
4.448426e-01 -1.590000e-01
4.424455e-01 -1.580000e-01
4.400409e-01 -1.570000e-01
4.376287e-01 -1.560000e-01
4.352090e-01 -1.550000e-01
4.327819e-01 -1.540000e-01
4.303474e-01 -1.530000e-01
4.279055e-01 -1.520000e-01
4.254564e-01 -1.510000e-01
4.230000e-01 -1.500000e-01
4.205364e-01 -1.490000e-01
4.180657e-01 -1.480000e-01
4.155878e-01 -1.470000e-01
4.131029e-01 -1.460000e-01
4.106110e-01 -1.450000e-01
4.081121e-01 -1.440000e-01
4.056063e-01 -1.430000e-01
4.030937e-01 -1.420000e-01
4.005742e-01 -1.410000e-01
3.980480e-01 -1.400000e-01
3.955150e-01 -1.390000e-01
3.929754e-01 -1.380000e-01
3.904292e-01 -1.370000e-01
3.878764e-01 -1.360000e-01
3.853170e-01 -1.350000e-01
3.827512e-01 -1.340000e-01
3.801789e-01 -1.330000e-01
3.776003e-01 -1.320000e-01
3.750153e-01 -1.310000e-01
3.724240e-01 -1.300000e-01
3.698265e-01 -1.290000e-01
3.672228e-01 -1.280000e-01
3.646129e-01 -1.270000e-01
3.619970e-01 -1.260000e-01
3.593750e-01 -1.250000e-01
3.567470e-01 -1.240000e-01
3.541131e-01 -1.230000e-01
3.514732e-01 -1.220000e-01
3.488275e-01 -1.210000e-01
3.461760e-01 -1.200000e-01
3.435187e-01 -1.190000e-01
3.408557e-01 -1.180000e-01
3.381871e-01 -1.170000e-01
3.355128e-01 -1.160000e-01
3.328330e-01 -1.150000e-01
3.301476e-01 -1.140000e-01
3.274568e-01 -1.130000e-01
3.247606e-01 -1.120000e-01
3.220590e-01 -1.110000e-01
3.193520e-01 -1.100000e-01
3.166398e-01 -1.090000e-01
3.139223e-01 -1.080000e-01
3.111997e-01 -1.070000e-01
3.084719e-01 -1.060000e-01
3.057390e-01 -1.050000e-01
3.030011e-01 -1.040000e-01
3.002582e-01 -1.030000e-01
2.975103e-01 -1.020000e-01
2.947576e-01 -1.010000e-01
2.920000e-01 -1.000000e-01
2.892376e-01 -9.900000e-02
2.864705e-01 -9.800000e-02
2.836986e-01 -9.700000e-02
2.809221e-01 -9.600000e-02
2.781410e-01 -9.500000e-02
2.753553e-01 -9.400000e-02
2.725651e-01 -9.300000e-02
2.697705e-01 -9.200000e-02
2.669714e-01 -9.100000e-02
2.641680e-01 -9.000000e-02
2.613602e-01 -8.900000e-02
2.585482e-01 -8.800000e-02
2.557320e-01 -8.700000e-02
2.529116e-01 -8.600000e-02
2.500870e-01 -8.500000e-02
2.472584e-01 -8.400000e-02
2.444257e-01 -8.300000e-02
2.415891e-01 -8.200000e-02
2.387485e-01 -8.100000e-02
2.359040e-01 -8.000000e-02
2.330557e-01 -7.900000e-02
2.302036e-01 -7.800000e-02
2.273477e-01 -7.700000e-02
2.244882e-01 -7.600000e-02
2.216250e-01 -7.500000e-02
2.187582e-01 -7.400000e-02
2.158879e-01 -7.300000e-02
2.130140e-01 -7.200000e-02
2.101367e-01 -7.100000e-02
2.072560e-01 -7.000000e-02
2.043719e-01 -6.900000e-02
2.014845e-01 -6.800000e-02
1.985939e-01 -6.700000e-02
1.957000e-01 -6.600000e-02
1.928030e-01 -6.500000e-02
1.899028e-01 -6.400000e-02
1.869996e-01 -6.300000e-02
1.840934e-01 -6.200000e-02
1.811842e-01 -6.100000e-02
1.782720e-01 -6.000000e-02
1.753570e-01 -5.900000e-02
1.724391e-01 -5.800000e-02
1.695185e-01 -5.700000e-02
1.665951e-01 -5.600000e-02
1.636690e-01 -5.500000e-02
1.607403e-01 -5.400000e-02
1.578090e-01 -5.300000e-02
1.548751e-01 -5.200000e-02
1.519388e-01 -5.100000e-02
1.490000e-01 -5.000000e-02
1.460588e-01 -4.900000e-02
1.431153e-01 -4.800000e-02
1.401694e-01 -4.700000e-02
1.372213e-01 -4.600000e-02
1.342710e-01 -4.500000e-02
1.313185e-01 -4.400000e-02
1.283639e-01 -4.300000e-02
1.254073e-01 -4.200000e-02
1.224486e-01 -4.100000e-02
1.194880e-01 -4.000000e-02
1.165254e-01 -3.900000e-02
1.135610e-01 -3.800000e-02
1.105948e-01 -3.700000e-02
1.076268e-01 -3.600000e-02
1.046570e-01 -3.500000e-02
1.016856e-01 -3.400000e-02
9.871250e-02 -3.300000e-02
9.573786e-02 -3.200000e-02
9.276167e-02 -3.100000e-02
8.978400e-02 -3.000000e-02
8.680489e-02 -2.900000e-02
8.382438e-02 -2.800000e-02
8.084254e-02 -2.700000e-02
7.785939e-02 -2.600000e-02
7.487500e-02 -2.500000e-02
7.188941e-02 -2.400000e-02
6.890266e-02 -2.300000e-02
6.591482e-02 -2.200000e-02
6.292591e-02 -2.100000e-02
5.993600e-02 -2.000000e-02
5.694513e-02 -1.900000e-02
5.395334e-02 -1.800000e-02
5.096070e-02 -1.700000e-02
4.796723e-02 -1.600000e-02
4.497300e-02 -1.500000e-02
4.197805e-02 -1.400000e-02
3.898242e-02 -1.300000e-02
3.598618e-02 -1.200000e-02
3.298935e-02 -1.100000e-02
2.999200e-02 -1.000000e-02
2.699417e-02 -9.000000e-03
2.399590e-02 -8.000000e-03
2.099726e-02 -7.000000e-03
1.799827e-02 -6.000000e-03
1.499900e-02 -5.000000e-03
1.199949e-02 -4.000000e-03
8.999784e-03 -3.000000e-03
5.999936e-03 -2.000000e-03
2.999992e-03 -1.000000e-03
-2.831069e-15 8.812395e-16
-2.999992e-03 1.000000e-03
-5.999936e-03 2.000000e-03
-8.999784e-03 3.000000e-03
-1.199949e-02 4.000000e-03
-1.499900e-02 5.000000e-03
-1.799827e-02 6.000000e-03
-2.099726e-02 7.000000e-03
-2.399590e-02 8.000000e-03
-2.699417e-02 9.000000e-03
-2.999200e-02 1.000000e-02
-3.298935e-02 1.100000e-02
-3.598618e-02 1.200000e-02
-3.898242e-02 1.300000e-02
-4.197805e-02 1.400000e-02
-4.497300e-02 1.500000e-02
-4.796723e-02 1.600000e-02
-5.096070e-02 1.700000e-02
-5.395334e-02 1.800000e-02
-5.694513e-02 1.900000e-02
-5.993600e-02 2.000000e-02
-6.292591e-02 2.100000e-02
-6.591482e-02 2.200000e-02
-6.890266e-02 2.300000e-02
-7.188941e-02 2.400000e-02
-7.487500e-02 2.500000e-02
-7.785939e-02 2.600000e-02
-8.084254e-02 2.700000e-02
-8.382438e-02 2.800000e-02
-8.680489e-02 2.900000e-02
-8.978400e-02 3.000000e-02
-9.276167e-02 3.100000e-02
-9.573786e-02 3.200000e-02
-9.871250e-02 3.300000e-02
-1.016856e-01 3.400000e-02
-1.046570e-01 3.500000e-02
-1.076268e-01 3.600000e-02
-1.105948e-01 3.700000e-02
-1.135610e-01 3.800000e-02
-1.165254e-01 3.900000e-02
-1.194880e-01 4.000000e-02
-1.224486e-01 4.100000e-02
-1.254073e-01 4.200000e-02
-1.283639e-01 4.300000e-02
-1.313185e-01 4.400000e-02
-1.342710e-01 4.500000e-02
-1.372213e-01 4.600000e-02
-1.401694e-01 4.700000e-02
-1.431153e-01 4.800000e-02
-1.460588e-01 4.900000e-02
-1.490000e-01 5.000000e-02
-1.519388e-01 5.100000e-02
-1.548751e-01 5.200000e-02
-1.578090e-01 5.300000e-02
-1.607403e-01 5.400000e-02
-1.636690e-01 5.500000e-02
-1.665951e-01 5.600000e-02
-1.695185e-01 5.700000e-02
-1.724391e-01 5.800000e-02
-1.753570e-01 5.900000e-02
-1.782720e-01 6.000000e-02
-1.811842e-01 6.100000e-02
-1.840934e-01 6.200000e-02
-1.869996e-01 6.300000e-02
-1.899028e-01 6.400000e-02
-1.928030e-01 6.500000e-02
-1.957000e-01 6.600000e-02
-1.985939e-01 6.700000e-02
-2.014845e-01 6.800000e-02
-2.043719e-01 6.900000e-02
-2.072560e-01 7.000000e-02
-2.101367e-01 7.100000e-02
-2.130140e-01 7.200000e-02
-2.158879e-01 7.300000e-02
-2.187582e-01 7.400000e-02
-2.216250e-01 7.500000e-02
-2.244882e-01 7.600000e-02
-2.273477e-01 7.700000e-02
-2.302036e-01 7.800000e-02
-2.330557e-01 7.900000e-02
-2.359040e-01 8.000000e-02
-2.387485e-01 8.100000e-02
-2.415891e-01 8.200000e-02
-2.444257e-01 8.300000e-02
-2.472584e-01 8.400000e-02
-2.500870e-01 8.500000e-02
-2.529116e-01 8.600000e-02
-2.557320e-01 8.700000e-02
-2.585482e-01 8.800000e-02
-2.613602e-01 8.900000e-02
-2.641680e-01 9.000000e-02
-2.669714e-01 9.100000e-02
-2.697705e-01 9.200000e-02
-2.725651e-01 9.300000e-02
-2.753553e-01 9.400000e-02
-2.781410e-01 9.500000e-02
-2.809221e-01 9.600000e-02
-2.836986e-01 9.700000e-02
-2.864705e-01 9.800000e-02
-2.892376e-01 9.900000e-02
-2.920000e-01 1.000000e-01
-2.947576e-01 1.010000e-01
-2.975103e-01 1.020000e-01
-3.002582e-01 1.030000e-01
-3.030011e-01 1.040000e-01
-3.057390e-01 1.050000e-01
-3.084719e-01 1.060000e-01
-3.111997e-01 1.070000e-01
-3.139223e-01 1.080000e-01
-3.166398e-01 1.090000e-01
-3.193520e-01 1.100000e-01
-3.220590e-01 1.110000e-01
-3.247606e-01 1.120000e-01
-3.274568e-01 1.130000e-01
-3.301476e-01 1.140000e-01
-3.328330e-01 1.150000e-01
-3.355128e-01 1.160000e-01
-3.381871e-01 1.170000e-01
-3.408557e-01 1.180000e-01
-3.435187e-01 1.190000e-01
-3.461760e-01 1.200000e-01
-3.488275e-01 1.210000e-01
-3.514732e-01 1.220000e-01
-3.541131e-01 1.230000e-01
-3.567470e-01 1.240000e-01
-3.593750e-01 1.250000e-01
-3.619970e-01 1.260000e-01
-3.646129e-01 1.270000e-01
-3.672228e-01 1.280000e-01
-3.698265e-01 1.290000e-01
-3.724240e-01 1.300000e-01
-3.750153e-01 1.310000e-01
-3.776003e-01 1.320000e-01
-3.801789e-01 1.330000e-01
-3.827512e-01 1.340000e-01
-3.853170e-01 1.350000e-01
-3.878764e-01 1.360000e-01
-3.904292e-01 1.370000e-01
-3.929754e-01 1.380000e-01
-3.955150e-01 1.390000e-01
-3.980480e-01 1.400000e-01
-4.005742e-01 1.410000e-01
-4.030937e-01 1.420000e-01
-4.056063e-01 1.430000e-01
-4.081121e-01 1.440000e-01
-4.106110e-01 1.450000e-01
-4.131029e-01 1.460000e-01
-4.155878e-01 1.470000e-01
-4.180657e-01 1.480000e-01
-4.205364e-01 1.490000e-01
-4.230000e-01 1.500000e-01
-4.254564e-01 1.510000e-01
-4.279055e-01 1.520000e-01
-4.303474e-01 1.530000e-01
-4.327819e-01 1.540000e-01
-4.352090e-01 1.550000e-01
-4.376287e-01 1.560000e-01
-4.400409e-01 1.570000e-01
-4.424455e-01 1.580000e-01
-4.448426e-01 1.590000e-01
-4.472320e-01 1.600000e-01
-4.496138e-01 1.610000e-01
-4.519878e-01 1.620000e-01
-4.543540e-01 1.630000e-01
-4.567124e-01 1.640000e-01
-4.590630e-01 1.650000e-01
-4.614056e-01 1.660000e-01
-4.637403e-01 1.670000e-01
-4.660669e-01 1.680000e-01
-4.683855e-01 1.690000e-01
-4.706960e-01 1.700000e-01
-4.729983e-01 1.710000e-01
-4.752924e-01 1.720000e-01
-4.775783e-01 1.730000e-01
-4.798558e-01 1.740000e-01
-4.821250e-01 1.750000e-01
-4.843858e-01 1.760000e-01
-4.866381e-01 1.770000e-01
-4.888820e-01 1.780000e-01
-4.911173e-01 1.790000e-01
-4.933440e-01 1.800000e-01
-4.955621e-01 1.810000e-01
-4.977715e-01 1.820000e-01
-4.999721e-01 1.830000e-01
-5.021640e-01 1.840000e-01
-5.043470e-01 1.850000e-01
-5.065212e-01 1.860000e-01
-5.086864e-01 1.870000e-01
-5.108426e-01 1.880000e-01
-5.129898e-01 1.890000e-01
-5.151280e-01 1.900000e-01
-5.172570e-01 1.910000e-01
-5.193769e-01 1.920000e-01
-5.214875e-01 1.930000e-01
-5.235889e-01 1.940000e-01
-5.256810e-01 1.950000e-01
-5.277637e-01 1.960000e-01
-5.298370e-01 1.970000e-01
-5.319009e-01 1.980000e-01
-5.339552e-01 1.990000e-01
-5.360000e-01 2.000000e-01
-5.380352e-01 2.010000e-01
-5.400607e-01 2.020000e-01
-5.420766e-01 2.030000e-01
-5.440827e-01 2.040000e-01
-5.460790e-01 2.050000e-01
-5.480655e-01 2.060000e-01
-5.500421e-01 2.070000e-01
-5.520087e-01 2.080000e-01
-5.539654e-01 2.090000e-01
-5.559120e-01 2.100000e-01
-5.578486e-01 2.110000e-01
-5.597750e-01 2.120000e-01
-5.616912e-01 2.130000e-01
-5.635972e-01 2.140000e-01
-5.654930e-01 2.150000e-01
-5.673784e-01 2.160000e-01
-5.692535e-01 2.170000e-01
-5.711181e-01 2.180000e-01
-5.729723e-01 2.190000e-01
-5.748160e-01 2.200000e-01
-5.766491e-01 2.210000e-01
-5.784716e-01 2.220000e-01
-5.802835e-01 2.230000e-01
-5.820846e-01 2.240000e-01
-5.838750e-01 2.250000e-01
-5.856546e-01 2.260000e-01
-5.874233e-01 2.270000e-01
-5.891812e-01 2.280000e-01
-5.909281e-01 2.290000e-01
-5.926640e-01 2.300000e-01
-5.943889e-01 2.310000e-01
-5.961027e-01 2.320000e-01
-5.978053e-01 2.330000e-01
-5.994968e-01 2.340000e-01
-6.011770e-01 2.350000e-01
-6.028460e-01 2.360000e-01
-6.045036e-01 2.370000e-01
-6.061498e-01 2.380000e-01
-6.077846e-01 2.390000e-01
-6.094080e-01 2.400000e-01
-6.110198e-01 2.410000e-01
-6.126201e-01 2.420000e-01
-6.142087e-01 2.430000e-01
-6.157857e-01 2.440000e-01
-6.173510e-01 2.450000e-01
-6.189045e-01 2.460000e-01
-6.204462e-01 2.470000e-01
-6.219761e-01 2.480000e-01
-6.234940e-01 2.490000e-01
-6.250000e-01 2.500000e-01
-6.264940e-01 2.510000e-01
-6.279759e-01 2.520000e-01
-6.294458e-01 2.530000e-01
-6.309035e-01 2.540000e-01
-6.323490e-01 2.550000e-01
-6.337823e-01 2.560000e-01
-6.352033e-01 2.570000e-01
-6.366119e-01 2.580000e-01
-6.380082e-01 2.590000e-01
-6.393920e-01 2.600000e-01
-6.407634e-01 2.610000e-01
-6.421222e-01 2.620000e-01
-6.434684e-01 2.630000e-01
-6.448020e-01 2.640000e-01
-6.461230e-01 2.650000e-01
-6.474312e-01 2.660000e-01
-6.487267e-01 2.670000e-01
-6.500093e-01 2.680000e-01
-6.512791e-01 2.690000e-01
-6.525360e-01 2.700000e-01
-6.537799e-01 2.710000e-01
-6.550108e-01 2.720000e-01
-6.562287e-01 2.730000e-01
-6.574334e-01 2.740000e-01
-6.586250e-01 2.750000e-01
-6.598034e-01 2.760000e-01
-6.609685e-01 2.770000e-01
-6.621204e-01 2.780000e-01
-6.632589e-01 2.790000e-01
-6.643840e-01 2.800000e-01
-6.654957e-01 2.810000e-01
-6.665939e-01 2.820000e-01
-6.676785e-01 2.830000e-01
-6.687496e-01 2.840000e-01
-6.698070e-01 2.850000e-01
-6.708508e-01 2.860000e-01
-6.718808e-01 2.870000e-01
-6.728970e-01 2.880000e-01
-6.738994e-01 2.890000e-01
-6.748880e-01 2.900000e-01
-6.758626e-01 2.910000e-01
-6.768233e-01 2.920000e-01
-6.777699e-01 2.930000e-01
-6.787025e-01 2.940000e-01
-6.796210e-01 2.950000e-01
-6.805253e-01 2.960000e-01
-6.814154e-01 2.970000e-01
-6.822913e-01 2.980000e-01
-6.831528e-01 2.990000e-01
-6.840000e-01 3.000000e-01
-6.848328e-01 3.010000e-01
-6.856511e-01 3.020000e-01
-6.864550e-01 3.030000e-01
-6.872443e-01 3.040000e-01
-6.880190e-01 3.050000e-01
-6.887791e-01 3.060000e-01
-6.895245e-01 3.070000e-01
-6.902551e-01 3.080000e-01
-6.909710e-01 3.090000e-01
-6.916720e-01 3.100000e-01
-6.923582e-01 3.110000e-01
-6.930294e-01 3.120000e-01
-6.936856e-01 3.130000e-01
-6.943268e-01 3.140000e-01
-6.949530e-01 3.150000e-01
-6.955640e-01 3.160000e-01
-6.961599e-01 3.170000e-01
-6.967405e-01 3.180000e-01
-6.973059e-01 3.190000e-01
-6.978560e-01 3.200000e-01
-6.983907e-01 3.210000e-01
-6.989100e-01 3.220000e-01
-6.994139e-01 3.230000e-01
-6.999022e-01 3.240000e-01
-7.003750e-01 3.250000e-01
-7.008322e-01 3.260000e-01
-7.012737e-01 3.270000e-01
-7.016996e-01 3.280000e-01
-7.021097e-01 3.290000e-01
-7.025040e-01 3.300000e-01
-7.028825e-01 3.310000e-01
-7.032451e-01 3.320000e-01
-7.035917e-01 3.330000e-01
-7.039224e-01 3.340000e-01
-7.042370e-01 3.350000e-01
-7.045356e-01 3.360000e-01
-7.048180e-01 3.370000e-01
-7.050842e-01 3.380000e-01
-7.053342e-01 3.390000e-01
-7.055680e-01 3.400000e-01
-7.057854e-01 3.410000e-01
-7.059865e-01 3.420000e-01
-7.061711e-01 3.430000e-01
-7.063393e-01 3.440000e-01
-7.064910e-01 3.450000e-01
-7.066261e-01 3.460000e-01
-7.067446e-01 3.470000e-01
-7.068465e-01 3.480000e-01
-7.069316e-01 3.490000e-01
-7.070000e-01 3.500000e-01
-7.070516e-01 3.510000e-01
-7.070863e-01 3.520000e-01
-7.071042e-01 3.530000e-01
-7.071051e-01 3.540000e-01
-7.070890e-01 3.550000e-01
-7.070559e-01 3.560000e-01
-7.070057e-01 3.570000e-01
-7.069383e-01 3.580000e-01
-7.068538e-01 3.590000e-01
-7.067520e-01 3.600000e-01
-7.066330e-01 3.610000e-01
-7.064966e-01 3.620000e-01
-7.063428e-01 3.630000e-01
-7.061716e-01 3.640000e-01
-7.059830e-01 3.650000e-01
-7.057768e-01 3.660000e-01
-7.055531e-01 3.670000e-01
-7.053117e-01 3.680000e-01
-7.050527e-01 3.690000e-01
-7.047760e-01 3.700000e-01
-7.044815e-01 3.710000e-01
-7.041692e-01 3.720000e-01
-7.038391e-01 3.730000e-01
-7.034910e-01 3.740000e-01
-7.031250e-01 3.750000e-01
-7.027410e-01 3.760000e-01
-7.023389e-01 3.770000e-01
-7.019188e-01 3.780000e-01
-7.014805e-01 3.790000e-01
-7.010240e-01 3.800000e-01
-7.005493e-01 3.810000e-01
-7.000563e-01 3.820000e-01
-6.995449e-01 3.830000e-01
-6.990152e-01 3.840000e-01
-6.984670e-01 3.850000e-01
-6.979004e-01 3.860000e-01
-6.973152e-01 3.870000e-01
-6.967114e-01 3.880000e-01
-6.960890e-01 3.890000e-01
-6.954480e-01 3.900000e-01
-6.947882e-01 3.910000e-01
-6.941097e-01 3.920000e-01
-6.934123e-01 3.930000e-01
-6.926961e-01 3.940000e-01
-6.919610e-01 3.950000e-01
-6.912069e-01 3.960000e-01
-6.904338e-01 3.970000e-01
-6.896417e-01 3.980000e-01
-6.888304e-01 3.990000e-01
-6.880000e-01 4.000000e-01
-6.871504e-01 4.010000e-01
-6.862815e-01 4.020000e-01
-6.853934e-01 4.030000e-01
-6.844859e-01 4.040000e-01
-6.835590e-01 4.050000e-01
-6.826127e-01 4.060000e-01
-6.816469e-01 4.070000e-01
-6.806615e-01 4.080000e-01
-6.796566e-01 4.090000e-01
-6.786320e-01 4.100000e-01
-6.775878e-01 4.110000e-01
-6.765238e-01 4.120000e-01
-6.754400e-01 4.130000e-01
-6.743364e-01 4.140000e-01
-6.732130e-01 4.150000e-01
-6.720696e-01 4.160000e-01
-6.709063e-01 4.170000e-01
-6.697229e-01 4.180000e-01
-6.685195e-01 4.190000e-01
-6.672960e-01 4.200000e-01
-6.660523e-01 4.210000e-01
-6.647884e-01 4.220000e-01
-6.635043e-01 4.230000e-01
-6.621998e-01 4.240000e-01
-6.608750e-01 4.250000e-01
-6.595298e-01 4.260000e-01
-6.581641e-01 4.270000e-01
-6.567780e-01 4.280000e-01
-6.553713e-01 4.290000e-01
-6.539440e-01 4.300000e-01
-6.524961e-01 4.310000e-01
-6.510275e-01 4.320000e-01
-6.495381e-01 4.330000e-01
-6.480280e-01 4.340000e-01
-6.464970e-01 4.350000e-01
-6.449452e-01 4.360000e-01
-6.433724e-01 4.370000e-01
-6.417786e-01 4.380000e-01
-6.401638e-01 4.390000e-01
-6.385280e-01 4.400000e-01
-6.368710e-01 4.410000e-01
-6.351929e-01 4.420000e-01
-6.334935e-01 4.430000e-01
-6.317729e-01 4.440000e-01
-6.300310e-01 4.450000e-01
-6.282677e-01 4.460000e-01
-6.264830e-01 4.470000e-01
-6.246769e-01 4.480000e-01
-6.228492e-01 4.490000e-01
-6.210000e-01 4.500000e-01
-6.191292e-01 4.510000e-01
-6.172367e-01 4.520000e-01
-6.153226e-01 4.530000e-01
-6.133867e-01 4.540000e-01
-6.114290e-01 4.550000e-01
-6.094495e-01 4.560000e-01
-6.074481e-01 4.570000e-01
-6.054247e-01 4.580000e-01
-6.033794e-01 4.590000e-01
-6.013120e-01 4.600000e-01
-5.992226e-01 4.610000e-01
-5.971110e-01 4.620000e-01
-5.949772e-01 4.630000e-01
-5.928212e-01 4.640000e-01
-5.906430e-01 4.650000e-01
-5.884424e-01 4.660000e-01
-5.862195e-01 4.670000e-01
-5.839741e-01 4.680000e-01
-5.817063e-01 4.690000e-01
-5.794160e-01 4.700000e-01
-5.771031e-01 4.710000e-01
-5.747676e-01 4.720000e-01
-5.724095e-01 4.730000e-01
-5.700286e-01 4.740000e-01
-5.676250e-01 4.750000e-01
-5.651986e-01 4.760000e-01
-5.627493e-01 4.770000e-01
-5.602772e-01 4.780000e-01
-5.577821e-01 4.790000e-01
-5.552640e-01 4.800000e-01
-5.527229e-01 4.810000e-01
-5.501587e-01 4.820000e-01
-5.475713e-01 4.830000e-01
-5.449608e-01 4.840000e-01
-5.423270e-01 4.850000e-01
-5.396700e-01 4.860000e-01
-5.369896e-01 4.870000e-01
-5.342858e-01 4.880000e-01
-5.315586e-01 4.890000e-01
-5.288080e-01 4.900000e-01
-5.260338e-01 4.910000e-01
-5.232361e-01 4.920000e-01
-5.204147e-01 4.930000e-01
-5.175697e-01 4.940000e-01
-5.147010e-01 4.950000e-01
-5.118085e-01 4.960000e-01
-5.088922e-01 4.970000e-01
-5.059521e-01 4.980000e-01
-5.029880e-01 4.990000e-01
-5.000000e-01 5.000000e-01
-4.969880e-01 5.010000e-01
-4.939519e-01 5.020000e-01
-4.908918e-01 5.030000e-01
-4.878075e-01 5.040000e-01
-4.846990e-01 5.050000e-01
-4.815663e-01 5.060000e-01
-4.784093e-01 5.070000e-01
-4.752279e-01 5.080000e-01
-4.720222e-01 5.090000e-01
-4.687920e-01 5.100000e-01
-4.655374e-01 5.110000e-01
-4.622582e-01 5.120000e-01
-4.589544e-01 5.130000e-01
-4.556260e-01 5.140000e-01
-4.522730e-01 5.150000e-01
-4.488952e-01 5.160000e-01
-4.454927e-01 5.170000e-01
-4.420653e-01 5.180000e-01
-4.386131e-01 5.190000e-01
-4.351360e-01 5.200000e-01
-4.316339e-01 5.210000e-01
-4.281068e-01 5.220000e-01
-4.245547e-01 5.230000e-01
-4.209774e-01 5.240000e-01
-4.173750e-01 5.250000e-01
-4.137474e-01 5.260000e-01
-4.100945e-01 5.270000e-01
-4.064164e-01 5.280000e-01
-4.027129e-01 5.290000e-01
-3.989840e-01 5.300000e-01
-3.952297e-01 5.310000e-01
-3.914499e-01 5.320000e-01
-3.876445e-01 5.330000e-01
-3.838136e-01 5.340000e-01
-3.799570e-01 5.350000e-01
-3.760748e-01 5.360000e-01
-3.721668e-01 5.370000e-01
-3.682330e-01 5.380000e-01
-3.642734e-01 5.390000e-01
-3.602880e-01 5.400000e-01
-3.562766e-01 5.410000e-01
-3.522393e-01 5.420000e-01
-3.481759e-01 5.430000e-01
-3.440865e-01 5.440000e-01
-3.399710e-01 5.450000e-01
-3.358293e-01 5.460000e-01
-3.316614e-01 5.470000e-01
-3.274673e-01 5.480000e-01
-3.232468e-01 5.490000e-01
-3.190000e-01 5.500000e-01
-3.147268e-01 5.510000e-01
-3.104271e-01 5.520000e-01
-3.061010e-01 5.530000e-01
-3.017483e-01 5.540000e-01
-2.973690e-01 5.550000e-01
-2.929631e-01 5.560000e-01
-2.885305e-01 5.570000e-01
-2.840711e-01 5.580000e-01
-2.795850e-01 5.590000e-01
-2.750720e-01 5.600000e-01
-2.705322e-01 5.610000e-01
-2.659654e-01 5.620000e-01
-2.613716e-01 5.630000e-01
-2.567508e-01 5.640000e-01
-2.521030e-01 5.650000e-01
-2.474280e-01 5.660000e-01
-2.427259e-01 5.670000e-01
-2.379965e-01 5.680000e-01
-2.332399e-01 5.690000e-01
-2.284560e-01 5.700000e-01
-2.236447e-01 5.710000e-01
-2.188060e-01 5.720000e-01
-2.139399e-01 5.730000e-01
-2.090462e-01 5.740000e-01
-2.041250e-01 5.750000e-01
-1.991762e-01 5.760000e-01
-1.941997e-01 5.770000e-01
-1.891956e-01 5.780000e-01
-1.841637e-01 5.790000e-01
-1.791040e-01 5.800000e-01
-1.740165e-01 5.810000e-01
-1.689011e-01 5.820000e-01
-1.637577e-01 5.830000e-01
-1.585864e-01 5.840000e-01
-1.533870e-01 5.850000e-01
-1.481596e-01 5.860000e-01
-1.429040e-01 5.870000e-01
-1.376202e-01 5.880000e-01
-1.323082e-01 5.890000e-01
-1.269680e-01 5.900000e-01
-1.215994e-01 5.910000e-01
-1.162025e-01 5.920000e-01
-1.107771e-01 5.930000e-01
-1.053233e-01 5.940000e-01
-9.984100e-02 5.950000e-01
-9.433011e-02 5.960000e-01
-8.879062e-02 5.970000e-01
-8.322246e-02 5.980000e-01
-7.762561e-02 5.990000e-01
-7.200000e-02 6.000000e-01
-6.634559e-02 6.010000e-01
-6.066234e-02 6.020000e-01
-5.495018e-02 6.030000e-01
-4.920909e-02 6.040000e-01
-4.343900e-02 6.050000e-01
-3.763987e-02 6.060000e-01
-3.181166e-02 6.070000e-01
-2.595430e-02 6.080000e-01
-2.006777e-02 6.090000e-01
-1.415200e-02 6.100000e-01
-8.206952e-03 6.110000e-01
-2.232576e-03 6.120000e-01
3.771176e-03 6.130000e-01
9.804352e-03 6.140000e-01
1.586700e-02 6.150000e-01
2.195917e-02 6.160000e-01
2.808090e-02 6.170000e-01
3.423226e-02 6.180000e-01
4.041327e-02 6.190000e-01
4.662400e-02 6.200000e-01
5.286449e-02 6.210000e-01
5.913478e-02 6.220000e-01
6.543494e-02 6.230000e-01
7.176499e-02 6.240000e-01
7.812500e-02 6.250000e-01
8.451501e-02 6.260000e-01
9.093506e-02 6.270000e-01
9.738522e-02 6.280000e-01
1.038655e-01 6.290000e-01
1.103760e-01 6.300000e-01
1.169167e-01 6.310000e-01
1.234877e-01 6.320000e-01
1.300891e-01 6.330000e-01
1.367208e-01 6.340000e-01
1.433830e-01 6.350000e-01
1.500756e-01 6.360000e-01
1.567988e-01 6.370000e-01
1.635526e-01 6.380000e-01
1.703370e-01 6.390000e-01
1.771520e-01 6.400000e-01
1.839978e-01 6.410000e-01
1.908743e-01 6.420000e-01
1.977817e-01 6.430000e-01
2.047199e-01 6.440000e-01
2.116890e-01 6.450000e-01
2.186891e-01 6.460000e-01
2.257202e-01 6.470000e-01
2.327823e-01 6.480000e-01
2.398756e-01 6.490000e-01
2.470000e-01 6.500000e-01
2.541556e-01 6.510000e-01
2.613425e-01 6.520000e-01
2.685606e-01 6.530000e-01
2.758101e-01 6.540000e-01
2.830910e-01 6.550000e-01
2.904033e-01 6.560000e-01
2.977471e-01 6.570000e-01
3.051225e-01 6.580000e-01
3.125294e-01 6.590000e-01
3.199680e-01 6.600000e-01
3.274382e-01 6.610000e-01
3.349402e-01 6.620000e-01
3.424740e-01 6.630000e-01
3.500396e-01 6.640000e-01
3.576370e-01 6.650000e-01
3.652664e-01 6.660000e-01
3.729277e-01 6.670000e-01
3.806211e-01 6.680000e-01
3.883465e-01 6.690000e-01
3.961040e-01 6.700000e-01
4.038937e-01 6.710000e-01
4.117156e-01 6.720000e-01
4.195697e-01 6.730000e-01
4.274562e-01 6.740000e-01
4.353750e-01 6.750000e-01
4.433262e-01 6.760000e-01
4.513099e-01 6.770000e-01
4.593260e-01 6.780000e-01
4.673747e-01 6.790000e-01
4.754560e-01 6.800000e-01
4.835699e-01 6.810000e-01
4.917165e-01 6.820000e-01
4.998959e-01 6.830000e-01
5.081080e-01 6.840000e-01
5.163530e-01 6.850000e-01
5.246308e-01 6.860000e-01
5.329416e-01 6.870000e-01
5.412854e-01 6.880000e-01
5.496622e-01 6.890000e-01
5.580720e-01 6.900000e-01
5.665150e-01 6.910000e-01
5.749911e-01 6.920000e-01
5.835005e-01 6.930000e-01
5.920431e-01 6.940000e-01
6.006190e-01 6.950000e-01
6.092283e-01 6.960000e-01
6.178710e-01 6.970000e-01
6.265471e-01 6.980000e-01
6.352568e-01 6.990000e-01
6.440000e-01 7.000000e-01
6.527768e-01 7.010000e-01
6.615873e-01 7.020000e-01
6.704314e-01 7.030000e-01
6.793093e-01 7.040000e-01
6.882210e-01 7.050000e-01
6.971665e-01 7.060000e-01
7.061459e-01 7.070000e-01
7.151593e-01 7.080000e-01
7.242066e-01 7.090000e-01
7.332880e-01 7.100000e-01
7.424034e-01 7.110000e-01
7.515530e-01 7.120000e-01
7.607368e-01 7.130000e-01
7.699548e-01 7.140000e-01
7.792070e-01 7.150000e-01
7.884936e-01 7.160000e-01
7.978145e-01 7.170000e-01
8.071699e-01 7.180000e-01
8.165597e-01 7.190000e-01
8.259840e-01 7.200000e-01
8.354429e-01 7.210000e-01
8.449364e-01 7.220000e-01
8.544645e-01 7.230000e-01
8.640274e-01 7.240000e-01
8.736250e-01 7.250000e-01
8.832574e-01 7.260000e-01
8.929247e-01 7.270000e-01
9.026268e-01 7.280000e-01
9.123639e-01 7.290000e-01
9.221360e-01 7.300000e-01
9.319431e-01 7.310000e-01
9.417853e-01 7.320000e-01
9.516627e-01 7.330000e-01
9.615752e-01 7.340000e-01
9.715230e-01 7.350000e-01
9.815060e-01 7.360000e-01
9.915244e-01 7.370000e-01
1.001578e+00 7.380000e-01
1.011667e+00 7.390000e-01
1.021792e+00 7.400000e-01
1.031952e+00 7.410000e-01
1.042148e+00 7.420000e-01
1.052379e+00 7.430000e-01
1.062646e+00 7.440000e-01
1.072949e+00 7.450000e-01
1.083287e+00 7.460000e-01
1.093662e+00 7.470000e-01
1.104072e+00 7.480000e-01
1.114518e+00 7.490000e-01
1.125000e+00 7.500000e-01
1.135518e+00 7.510000e-01
1.146072e+00 7.520000e-01
1.156662e+00 7.530000e-01
1.167289e+00 7.540000e-01
1.177951e+00 7.550000e-01
1.188650e+00 7.560000e-01
1.199385e+00 7.570000e-01
1.210156e+00 7.580000e-01
1.220964e+00 7.590000e-01
1.231808e+00 7.600000e-01
1.242689e+00 7.610000e-01
1.253606e+00 7.620000e-01
1.264560e+00 7.630000e-01
1.275550e+00 7.640000e-01
1.286577e+00 7.650000e-01
1.297641e+00 7.660000e-01
1.308741e+00 7.670000e-01
1.319879e+00 7.680000e-01
1.331053e+00 7.690000e-01
1.342264e+00 7.700000e-01
1.353512e+00 7.710000e-01
1.364797e+00 7.720000e-01
1.376119e+00 7.730000e-01
1.387479e+00 7.740000e-01
1.398875e+00 7.750000e-01
1.410309e+00 7.760000e-01
1.421779e+00 7.770000e-01
1.433288e+00 7.780000e-01
1.444833e+00 7.790000e-01
1.456416e+00 7.800000e-01
1.468036e+00 7.810000e-01
1.479694e+00 7.820000e-01
1.491389e+00 7.830000e-01
1.503122e+00 7.840000e-01
1.514893e+00 7.850000e-01
1.526701e+00 7.860000e-01
1.538547e+00 7.870000e-01
1.550431e+00 7.880000e-01
1.562353e+00 7.890000e-01
1.574312e+00 7.900000e-01
1.586309e+00 7.910000e-01
1.598345e+00 7.920000e-01
1.610418e+00 7.930000e-01
1.622529e+00 7.940000e-01
1.634679e+00 7.950000e-01
1.646867e+00 7.960000e-01
1.659093e+00 7.970000e-01
1.671357e+00 7.980000e-01
1.683659e+00 7.990000e-01
1.696000e+00 8.000000e-01
1.708379e+00 8.010000e-01
1.720797e+00 8.020000e-01
1.733253e+00 8.030000e-01
1.745748e+00 8.040000e-01
1.758281e+00 8.050000e-01
1.770853e+00 8.060000e-01
1.783464e+00 8.070000e-01
1.796113e+00 8.080000e-01
1.808801e+00 8.090000e-01
1.821528e+00 8.100000e-01
1.834294e+00 8.110000e-01
1.847099e+00 8.120000e-01
1.859942e+00 8.130000e-01
1.872825e+00 8.140000e-01
1.885747e+00 8.150000e-01
1.898708e+00 8.160000e-01
1.911708e+00 8.170000e-01
1.924747e+00 8.180000e-01
1.937826e+00 8.190000e-01
1.950944e+00 8.200000e-01
1.964101e+00 8.210000e-01
1.977298e+00 8.220000e-01
1.990534e+00 8.230000e-01
2.003810e+00 8.240000e-01
2.017125e+00 8.250000e-01
2.030480e+00 8.260000e-01
2.043874e+00 8.270000e-01
2.057308e+00 8.280000e-01
2.070782e+00 8.290000e-01
2.084296e+00 8.300000e-01
2.097850e+00 8.310000e-01
2.111443e+00 8.320000e-01
2.125076e+00 8.330000e-01
2.138750e+00 8.340000e-01
2.152463e+00 8.350000e-01
2.166216e+00 8.360000e-01
2.180010e+00 8.370000e-01
2.193844e+00 8.380000e-01
2.207718e+00 8.390000e-01
2.221632e+00 8.400000e-01
2.235587e+00 8.410000e-01
2.249582e+00 8.420000e-01
2.263617e+00 8.430000e-01
2.277693e+00 8.440000e-01
2.291809e+00 8.450000e-01
2.305966e+00 8.460000e-01
2.320163e+00 8.470000e-01
2.334402e+00 8.480000e-01
2.348680e+00 8.490000e-01
2.363000e+00 8.500000e-01
2.377360e+00 8.510000e-01
2.391762e+00 8.520000e-01
2.406204e+00 8.530000e-01
2.420687e+00 8.540000e-01
2.435211e+00 8.550000e-01
2.449776e+00 8.560000e-01
2.464382e+00 8.570000e-01
2.479030e+00 8.580000e-01
2.493718e+00 8.590000e-01
2.508448e+00 8.600000e-01
2.523219e+00 8.610000e-01
2.538031e+00 8.620000e-01
2.552885e+00 8.630000e-01
2.567780e+00 8.640000e-01
2.582717e+00 8.650000e-01
2.597695e+00 8.660000e-01
2.612715e+00 8.670000e-01
2.627776e+00 8.680000e-01
2.642879e+00 8.690000e-01
2.658024e+00 8.700000e-01
2.673210e+00 8.710000e-01
2.688439e+00 8.720000e-01
2.703709e+00 8.730000e-01
2.719021e+00 8.740000e-01
2.734375e+00 8.750000e-01
2.749771e+00 8.760000e-01
2.765209e+00 8.770000e-01
2.780689e+00 8.780000e-01
2.796212e+00 8.790000e-01
2.811776e+00 8.800000e-01
2.827383e+00 8.810000e-01
2.843032e+00 8.820000e-01
2.858723e+00 8.830000e-01
2.874457e+00 8.840000e-01
2.890233e+00 8.850000e-01
2.906052e+00 8.860000e-01
2.921913e+00 8.870000e-01
2.937817e+00 8.880000e-01
2.953763e+00 8.890000e-01
2.969752e+00 8.900000e-01
2.985784e+00 8.910000e-01
3.001858e+00 8.920000e-01
3.017976e+00 8.930000e-01
3.034136e+00 8.940000e-01
3.050339e+00 8.950000e-01
3.066585e+00 8.960000e-01
3.082874e+00 8.970000e-01
3.099206e+00 8.980000e-01
3.115582e+00 8.990000e-01
3.132000e+00 9.000000e-01
3.148462e+00 9.010000e-01
3.164966e+00 9.020000e-01
3.181515e+00 9.030000e-01
3.198106e+00 9.040000e-01
3.214741e+00 9.050000e-01
3.231419e+00 9.060000e-01
3.248141e+00 9.070000e-01
3.264906e+00 9.080000e-01
3.281715e+00 9.090000e-01
3.298568e+00 9.100000e-01
3.315464e+00 9.110000e-01
3.332404e+00 9.120000e-01
3.349388e+00 9.130000e-01
3.366416e+00 9.140000e-01
3.383487e+00 9.150000e-01
3.400602e+00 9.160000e-01
3.417762e+00 9.170000e-01
3.434965e+00 9.180000e-01
3.452212e+00 9.190000e-01
3.469504e+00 9.200000e-01
3.486840e+00 9.210000e-01
3.504220e+00 9.220000e-01
3.521644e+00 9.230000e-01
3.539112e+00 9.240000e-01
3.556625e+00 9.250000e-01
3.574182e+00 9.260000e-01
3.591784e+00 9.270000e-01
3.609430e+00 9.280000e-01
3.627121e+00 9.290000e-01
3.644856e+00 9.300000e-01
3.662636e+00 9.310000e-01
3.680461e+00 9.320000e-01
3.698330e+00 9.330000e-01
3.716244e+00 9.340000e-01
3.734203e+00 9.350000e-01
3.752207e+00 9.360000e-01
3.770256e+00 9.370000e-01
3.788349e+00 9.380000e-01
3.806488e+00 9.390000e-01
3.824672e+00 9.400000e-01
3.842901e+00 9.410000e-01
3.861175e+00 9.420000e-01
3.879494e+00 9.430000e-01
3.897859e+00 9.440000e-01
3.916269e+00 9.450000e-01
3.934724e+00 9.460000e-01
3.953225e+00 9.470000e-01
3.971771e+00 9.480000e-01
3.990363e+00 9.490000e-01
4.009000e+00 9.500000e-01
4.027683e+00 9.510000e-01
4.046411e+00 9.520000e-01
4.065185e+00 9.530000e-01
4.084005e+00 9.540000e-01
4.102871e+00 9.550000e-01
4.121783e+00 9.560000e-01
4.140740e+00 9.570000e-01
4.159743e+00 9.580000e-01
4.178793e+00 9.590000e-01
4.197888e+00 9.600000e-01
4.217029e+00 9.610000e-01
4.236217e+00 9.620000e-01
4.255451e+00 9.630000e-01
4.274731e+00 9.640000e-01
4.294057e+00 9.650000e-01
4.313430e+00 9.660000e-01
4.332849e+00 9.670000e-01
4.352314e+00 9.680000e-01
4.371826e+00 9.690000e-01
4.391384e+00 9.700000e-01
4.410989e+00 9.710000e-01
4.430640e+00 9.720000e-01
4.450339e+00 9.730000e-01
4.470083e+00 9.740000e-01
4.489875e+00 9.750000e-01
4.509713e+00 9.760000e-01
4.529599e+00 9.770000e-01
4.549531e+00 9.780000e-01
4.569510e+00 9.790000e-01
4.589536e+00 9.800000e-01
4.609609e+00 9.810000e-01
4.629729e+00 9.820000e-01
4.649897e+00 9.830000e-01
4.670111e+00 9.840000e-01
4.690373e+00 9.850000e-01
4.710682e+00 9.860000e-01
4.731038e+00 9.870000e-01
4.751442e+00 9.880000e-01
4.771893e+00 9.890000e-01
4.792392e+00 9.900000e-01
4.812938e+00 9.910000e-01
4.833532e+00 9.920000e-01
4.854173e+00 9.930000e-01
4.874862e+00 9.940000e-01
4.895599e+00 9.950000e-01
4.916383e+00 9.960000e-01
4.937216e+00 9.970000e-01
4.958096e+00 9.980000e-01
4.979024e+00 9.990000e-01
