-7.937005e-01 -1.000000e+00
-7.710108e-01 -9.166667e-01
-7.469008e-01 -8.333333e-01
-7.211248e-01 -7.500000e-01
-6.933613e-01 -6.666667e-01
-6.631762e-01 -5.833333e-01
-6.299605e-01 -5.000000e-01
-5.928156e-01 -4.166667e-01
-5.503212e-01 -3.333333e-01
-5.000000e-01 -2.500000e-01
-4.367902e-01 -1.666667e-01
-3.466806e-01 -8.333333e-02
0.000000e+00 0.000000e+00
3.466806e-01 8.333333e-02
4.367902e-01 1.666667e-01
5.000000e-01 2.500000e-01
5.503212e-01 3.333333e-01
5.928156e-01 4.166667e-01
6.299605e-01 5.000000e-01
6.631762e-01 5.833333e-01
6.933613e-01 6.666667e-01
7.211248e-01 7.500000e-01
7.469008e-01 8.333333e-01
7.710108e-01 9.166667e-01
7.937005e-01 1.000000e+00
