-5.000000e+00 -1.000000e+00
-4.987635e+00 -9.990000e-01
-4.975270e+00 -9.980000e-01
-4.962905e+00 -9.970000e-01
-4.950540e+00 -9.960000e-01
-4.938176e+00 -9.950000e-01
-4.925811e+00 -9.940000e-01
-4.913447e+00 -9.930000e-01
-4.901084e+00 -9.920000e-01
-4.888721e+00 -9.910000e-01
-4.876358e+00 -9.900000e-01
-4.863996e+00 -9.890000e-01
-4.851634e+00 -9.880000e-01
-4.839273e+00 -9.870000e-01
-4.826912e+00 -9.860000e-01
-4.814553e+00 -9.850000e-01
-4.802194e+00 -9.840000e-01
-4.789836e+00 -9.830000e-01
-4.777479e+00 -9.820000e-01
-4.765122e+00 -9.810000e-01
-4.752767e+00 -9.800000e-01
-4.740413e+00 -9.790000e-01
-4.728060e+00 -9.780000e-01
-4.715707e+00 -9.770000e-01
-4.703357e+00 -9.760000e-01
-4.691007e+00 -9.750000e-01
-4.678659e+00 -9.740000e-01
-4.666312e+00 -9.730000e-01
-4.653966e+00 -9.720000e-01
-4.641622e+00 -9.710000e-01
-4.629279e+00 -9.700000e-01
-4.616938e+00 -9.690000e-01
-4.604598e+00 -9.680000e-01
-4.592260e+00 -9.670000e-01
-4.579924e+00 -9.660000e-01
-4.567590e+00 -9.650000e-01
-4.555257e+00 -9.640000e-01
-4.542926e+00 -9.630000e-01
-4.530597e+00 -9.620000e-01
-4.518270e+00 -9.610000e-01
-4.505945e+00 -9.600000e-01
-4.493622e+00 -9.590000e-01
-4.481302e+00 -9.580000e-01
-4.468983e+00 -9.570000e-01
-4.456667e+00 -9.560000e-01
-4.444352e+00 -9.550000e-01
-4.432041e+00 -9.540000e-01
-4.419731e+00 -9.530000e-01
-4.407424e+00 -9.520000e-01
-4.395120e+00 -9.510000e-01
-4.382817e+00 -9.500000e-01
-4.370518e+00 -9.490000e-01
-4.358221e+00 -9.480000e-01
-4.345927e+00 -9.470000e-01
-4.333635e+00 -9.460000e-01
-4.321347e+00 -9.450000e-01
-4.309061e+00 -9.440000e-01
-4.296778e+00 -9.430000e-01
-4.284498e+00 -9.420000e-01
-4.272221e+00 -9.410000e-01
-4.259947e+00 -9.400000e-01
-4.247676e+00 -9.390000e-01
-4.235408e+00 -9.380000e-01
-4.223143e+00 -9.370000e-01
-4.210882e+00 -9.360000e-01
-4.198624e+00 -9.350000e-01
-4.186369e+00 -9.340000e-01
-4.174118e+00 -9.330000e-01
-4.161870e+00 -9.320000e-01
-4.149625e+00 -9.310000e-01
-4.137384e+00 -9.300000e-01
-4.125147e+00 -9.290000e-01
-4.112914e+00 -9.280000e-01
-4.100684e+00 -9.270000e-01
-4.088457e+00 -9.260000e-01
-4.076235e+00 -9.250000e-01
-4.064017e+00 -9.240000e-01
-4.051802e+00 -9.230000e-01
-4.039591e+00 -9.220000e-01
-4.027385e+00 -9.210000e-01
-4.015182e+00 -9.200000e-01
-4.002984e+00 -9.190000e-01
-3.990790e+00 -9.180000e-01
-3.978599e+00 -9.170000e-01
-3.966414e+00 -9.160000e-01
-3.954232e+00 -9.150000e-01
-3.942055e+00 -9.140000e-01
-3.929882e+00 -9.130000e-01
-3.917714e+00 -9.120000e-01
-3.905551e+00 -9.110000e-01
-3.893391e+00 -9.100000e-01
-3.881237e+00 -9.090000e-01
-3.869087e+00 -9.080000e-01
-3.856942e+00 -9.070000e-01
-3.844802e+00 -9.060000e-01
-3.832666e+00 -9.050000e-01
-3.820536e+00 -9.040000e-01
-3.808410e+00 -9.030000e-01
-3.796290e+00 -9.020000e-01
-3.784174e+00 -9.010000e-01
-3.772063e+00 -9.000000e-01
-3.759958e+00 -8.990000e-01
-3.747858e+00 -8.980000e-01
-3.735763e+00 -8.970000e-01
-3.723673e+00 -8.960000e-01
-3.711589e+00 -8.950000e-01
-3.699510e+00 -8.940000e-01
-3.687437e+00 -8.930000e-01
-3.675369e+00 -8.920000e-01
-3.663307e+00 -8.910000e-01
-3.651250e+00 -8.900000e-01
-3.639199e+00 -8.890000e-01
-3.627153e+00 -8.880000e-01
-3.615114e+00 -8.870000e-01
-3.603080e+00 -8.860000e-01
-3.591052e+00 -8.850000e-01
-3.579030e+00 -8.840000e-01
-3.567014e+00 -8.830000e-01
-3.555004e+00 -8.820000e-01
-3.543000e+00 -8.810000e-01
-3.531002e+00 -8.800000e-01
-3.519010e+00 -8.790000e-01
-3.507025e+00 -8.780000e-01
-3.495046e+00 -8.770000e-01
-3.483073e+00 -8.760000e-01
-3.471106e+00 -8.750000e-01
-3.459146e+00 -8.740000e-01
-3.447192e+00 -8.730000e-01
-3.435245e+00 -8.720000e-01
-3.423305e+00 -8.710000e-01
-3.411371e+00 -8.700000e-01
-3.399444e+00 -8.690000e-01
-3.387524e+00 -8.680000e-01
-3.375610e+00 -8.670000e-01
-3.363703e+00 -8.660000e-01
-3.351803e+00 -8.650000e-01
-3.339910e+00 -8.640000e-01
-3.328024e+00 -8.630000e-01
-3.316145e+00 -8.620000e-01
-3.304274e+00 -8.610000e-01
-3.292409e+00 -8.600000e-01
-3.280551e+00 -8.590000e-01
-3.268701e+00 -8.580000e-01
-3.256858e+00 -8.570000e-01
-3.245023e+00 -8.560000e-01
-3.233195e+00 -8.550000e-01
-3.221374e+00 -8.540000e-01
-3.209561e+00 -8.530000e-01
-3.197755e+00 -8.520000e-01
-3.185957e+00 -8.510000e-01
-3.174167e+00 -8.500000e-01
-3.162384e+00 -8.490000e-01
-3.150609e+00 -8.480000e-01
-3.138842e+00 -8.470000e-01
-3.127083e+00 -8.460000e-01
-3.115332e+00 -8.450000e-01
-3.103588e+00 -8.440000e-01
-3.091853e+00 -8.430000e-01
-3.080126e+00 -8.420000e-01
-3.068407e+00 -8.410000e-01
-3.056696e+00 -8.400000e-01
-3.044993e+00 -8.390000e-01
-3.033299e+00 -8.380000e-01
-3.021613e+00 -8.370000e-01
-3.009935e+00 -8.360000e-01
-2.998266e+00 -8.350000e-01
-2.986605e+00 -8.340000e-01
-2.974953e+00 -8.330000e-01
-2.963309e+00 -8.320000e-01
-2.951674e+00 -8.310000e-01
-2.940048e+00 -8.300000e-01
-2.928430e+00 -8.290000e-01
-2.916822e+00 -8.280000e-01
-2.905222e+00 -8.270000e-01
-2.893631e+00 -8.260000e-01
-2.882049e+00 -8.250000e-01
-2.870476e+00 -8.240000e-01
-2.858912e+00 -8.230000e-01
-2.847357e+00 -8.220000e-01
-2.835811e+00 -8.210000e-01
-2.824274e+00 -8.200000e-01
-2.812747e+00 -8.190000e-01
-2.801229e+00 -8.180000e-01
-2.789720e+00 -8.170000e-01
-2.778221e+00 -8.160000e-01
-2.766731e+00 -8.150000e-01
-2.755251e+00 -8.140000e-01
-2.743780e+00 -8.130000e-01
-2.732319e+00 -8.120000e-01
-2.720868e+00 -8.110000e-01
-2.709426e+00 -8.100000e-01
-2.697994e+00 -8.090000e-01
-2.686572e+00 -8.080000e-01
-2.675160e+00 -8.070000e-01
-2.663758e+00 -8.060000e-01
-2.652366e+00 -8.050000e-01
-2.640983e+00 -8.040000e-01
-2.629611e+00 -8.030000e-01
-2.618249e+00 -8.020000e-01
-2.606897e+00 -8.010000e-01
-2.595556e+00 -8.000000e-01
-2.584224e+00 -7.990000e-01
-2.572903e+00 -7.980000e-01
-2.561593e+00 -7.970000e-01
-2.550292e+00 -7.960000e-01
-2.539003e+00 -7.950000e-01
-2.527724e+00 -7.940000e-01
-2.516455e+00 -7.930000e-01
-2.505197e+00 -7.920000e-01
-2.493950e+00 -7.910000e-01
-2.482713e+00 -7.900000e-01
-2.471488e+00 -7.890000e-01
-2.460273e+00 -7.880000e-01
-2.449069e+00 -7.870000e-01
-2.437876e+00 -7.860000e-01
-2.426694e+00 -7.850000e-01
-2.415523e+00 -7.840000e-01
-2.404363e+00 -7.830000e-01
-2.393215e+00 -7.820000e-01
-2.382077e+00 -7.810000e-01
-2.370951e+00 -7.800000e-01
-2.359836e+00 -7.790000e-01
-2.348733e+00 -7.780000e-01
-2.337641e+00 -7.770000e-01
-2.326560e+00 -7.760000e-01
-2.315491e+00 -7.750000e-01
-2.304434e+00 -7.740000e-01
-2.293388e+00 -7.730000e-01
-2.282353e+00 -7.720000e-01
-2.271331e+00 -7.710000e-01
-2.260320e+00 -7.700000e-01
-2.249321e+00 -7.690000e-01
-2.238334e+00 -7.680000e-01
-2.227359e+00 -7.670000e-01
-2.216396e+00 -7.660000e-01
-2.205445e+00 -7.650000e-01
-2.194506e+00 -7.640000e-01
-2.183580e+00 -7.630000e-01
-2.172665e+00 -7.620000e-01
-2.161762e+00 -7.610000e-01
-2.150872e+00 -7.600000e-01
-2.139995e+00 -7.590000e-01
-2.129129e+00 -7.580000e-01
-2.118276e+00 -7.570000e-01
-2.107436e+00 -7.560000e-01
-2.096608e+00 -7.550000e-01
-2.085793e+00 -7.540000e-01
-2.074990e+00 -7.530000e-01
-2.064200e+00 -7.520000e-01
-2.053423e+00 -7.510000e-01
-2.042659e+00 -7.500000e-01
-2.031907e+00 -7.490000e-01
-2.021169e+00 -7.480000e-01
-2.010443e+00 -7.470000e-01
-1.999730e+00 -7.460000e-01
-1.989031e+00 -7.450000e-01
-1.978344e+00 -7.440000e-01
-1.967671e+00 -7.430000e-01
-1.957011e+00 -7.420000e-01
-1.946364e+00 -7.410000e-01
-1.935731e+00 -7.400000e-01
-1.925111e+00 -7.390000e-01
-1.914504e+00 -7.380000e-01
-1.903911e+00 -7.370000e-01
-1.893331e+00 -7.360000e-01
-1.882765e+00 -7.350000e-01
-1.872213e+00 -7.340000e-01
-1.861674e+00 -7.330000e-01
-1.851149e+00 -7.320000e-01
-1.840637e+00 -7.310000e-01
-1.830140e+00 -7.300000e-01
-1.819656e+00 -7.290000e-01
-1.809187e+00 -7.280000e-01
-1.798731e+00 -7.270000e-01
-1.788290e+00 -7.260000e-01
-1.777862e+00 -7.250000e-01
-1.767449e+00 -7.240000e-01
-1.757050e+00 -7.230000e-01
-1.746665e+00 -7.220000e-01
-1.736294e+00 -7.210000e-01
-1.725938e+00 -7.200000e-01
-1.715596e+00 -7.190000e-01
-1.705268e+00 -7.180000e-01
-1.694956e+00 -7.170000e-01
-1.684657e+00 -7.160000e-01
-1.674373e+00 -7.150000e-01
-1.664104e+00 -7.140000e-01
-1.653850e+00 -7.130000e-01
-1.643610e+00 -7.120000e-01
-1.633386e+00 -7.110000e-01
-1.623176e+00 -7.100000e-01
-1.612981e+00 -7.090000e-01
-1.602800e+00 -7.080000e-01
-1.592635e+00 -7.070000e-01
-1.582485e+00 -7.060000e-01
-1.572351e+00 -7.050000e-01
-1.562231e+00 -7.040000e-01
-1.552126e+00 -7.030000e-01
-1.542037e+00 -7.020000e-01
-1.531963e+00 -7.010000e-01
-1.521905e+00 -7.000000e-01
-1.511862e+00 -6.990000e-01
-1.501834e+00 -6.980000e-01
-1.491822e+00 -6.970000e-01
-1.481826e+00 -6.960000e-01
-1.471845e+00 -6.950000e-01
-1.461880e+00 -6.940000e-01
-1.451930e+00 -6.930000e-01
-1.441997e+00 -6.920000e-01
-1.432079e+00 -6.910000e-01
-1.422177e+00 -6.900000e-01
-1.412291e+00 -6.890000e-01
-1.402421e+00 -6.880000e-01
-1.392567e+00 -6.870000e-01
-1.382729e+00 -6.860000e-01
-1.372907e+00 -6.850000e-01
-1.363102e+00 -6.840000e-01
-1.353313e+00 -6.830000e-01
-1.343540e+00 -6.820000e-01
-1.333783e+00 -6.810000e-01
-1.324043e+00 -6.800000e-01
-1.314319e+00 -6.790000e-01
-1.304612e+00 -6.780000e-01
-1.294922e+00 -6.770000e-01
-1.285248e+00 -6.760000e-01
-1.275590e+00 -6.750000e-01
-1.265950e+00 -6.740000e-01
-1.256326e+00 -6.730000e-01
-1.246719e+00 -6.720000e-01
-1.237129e+00 -6.710000e-01
-1.227555e+00 -6.700000e-01
-1.217999e+00 -6.690000e-01
-1.208460e+00 -6.680000e-01
-1.198937e+00 -6.670000e-01
-1.189432e+00 -6.660000e-01
-1.179944e+00 -6.650000e-01
-1.170474e+00 -6.640000e-01
-1.161020e+00 -6.630000e-01
-1.151584e+00 -6.620000e-01
-1.142166e+00 -6.610000e-01
-1.132764e+00 -6.600000e-01
-1.123381e+00 -6.590000e-01
-1.114014e+00 -6.580000e-01
-1.104666e+00 -6.570000e-01
-1.095335e+00 -6.560000e-01
-1.086022e+00 -6.550000e-01
-1.076726e+00 -6.540000e-01
-1.067448e+00 -6.530000e-01
-1.058188e+00 -6.520000e-01
-1.048946e+00 -6.510000e-01
-1.039722e+00 -6.500000e-01
-1.030516e+00 -6.490000e-01
-1.021328e+00 -6.480000e-01
-1.012158e+00 -6.470000e-01
-1.003006e+00 -6.460000e-01
-9.938729e-01 -6.450000e-01
-9.847576e-01 -6.440000e-01
-9.756606e-01 -6.430000e-01
-9.665820e-01 -6.420000e-01
-9.575218e-01 -6.410000e-01
-9.484800e-01 -6.400000e-01
-9.394568e-01 -6.390000e-01
-9.304521e-01 -6.380000e-01
-9.214660e-01 -6.370000e-01
-9.124986e-01 -6.360000e-01
-9.035500e-01 -6.350000e-01
-8.946201e-01 -6.340000e-01
-8.857090e-01 -6.330000e-01
-8.768168e-01 -6.320000e-01
-8.679435e-01 -6.310000e-01
-8.590892e-01 -6.300000e-01
-8.502539e-01 -6.290000e-01
-8.414377e-01 -6.280000e-01
-8.326407e-01 -6.270000e-01
-8.238628e-01 -6.260000e-01
-8.151042e-01 -6.250000e-01
-8.063648e-01 -6.240000e-01
-7.976448e-01 -6.230000e-01
-7.889442e-01 -6.220000e-01
-7.802630e-01 -6.210000e-01
-7.716013e-01 -6.200000e-01
-7.629591e-01 -6.190000e-01
-7.543366e-01 -6.180000e-01
-7.457336e-01 -6.170000e-01
-7.371504e-01 -6.160000e-01
-7.285869e-01 -6.150000e-01
-7.200433e-01 -6.140000e-01
-7.115195e-01 -6.130000e-01
-7.030155e-01 -6.120000e-01
-6.945316e-01 -6.110000e-01
-6.860676e-01 -6.100000e-01
-6.776237e-01 -6.090000e-01
-6.691999e-01 -6.080000e-01
-6.607963e-01 -6.070000e-01
-6.524129e-01 -6.060000e-01
-6.440497e-01 -6.050000e-01
-6.357069e-01 -6.040000e-01
-6.273844e-01 -6.030000e-01
-6.190823e-01 -6.020000e-01
-6.108008e-01 -6.010000e-01
-6.025397e-01 -6.000000e-01
-5.942992e-01 -5.990000e-01
-5.860793e-01 -5.980000e-01
-5.778801e-01 -5.970000e-01
-5.697016e-01 -5.960000e-01
-5.615439e-01 -5.950000e-01
-5.534071e-01 -5.940000e-01
-5.452911e-01 -5.930000e-01
-5.371960e-01 -5.920000e-01
-5.291219e-01 -5.910000e-01
-5.210689e-01 -5.900000e-01
-5.130369e-01 -5.890000e-01
-5.050261e-01 -5.880000e-01
-4.970365e-01 -5.870000e-01
-4.890681e-01 -5.860000e-01
-4.811210e-01 -5.850000e-01
-4.731952e-01 -5.840000e-01
-4.652909e-01 -5.830000e-01
-4.574080e-01 -5.820000e-01
-4.495465e-01 -5.810000e-01
-4.417067e-01 -5.800000e-01
-4.338884e-01 -5.790000e-01
-4.260918e-01 -5.780000e-01
-4.183169e-01 -5.770000e-01
-4.105637e-01 -5.760000e-01
-4.028323e-01 -5.750000e-01
-3.951228e-01 -5.740000e-01
-3.874353e-01 -5.730000e-01
-3.797696e-01 -5.720000e-01
-3.721260e-01 -5.710000e-01
-3.645044e-01 -5.700000e-01
-3.569050e-01 -5.690000e-01
-3.493277e-01 -5.680000e-01
-3.417727e-01 -5.670000e-01
-3.342399e-01 -5.660000e-01
-3.267294e-01 -5.650000e-01
-3.192413e-01 -5.640000e-01
-3.117756e-01 -5.630000e-01
-3.043324e-01 -5.620000e-01
-2.969118e-01 -5.610000e-01
-2.895137e-01 -5.600000e-01
-2.821382e-01 -5.590000e-01
-2.747854e-01 -5.580000e-01
-2.674553e-01 -5.570000e-01
-2.601481e-01 -5.560000e-01
-2.528636e-01 -5.550000e-01
-2.456021e-01 -5.540000e-01
-2.383634e-01 -5.530000e-01
-2.311478e-01 -5.520000e-01
-2.239552e-01 -5.510000e-01
-2.167857e-01 -5.500000e-01
-2.096394e-01 -5.490000e-01
-2.025162e-01 -5.480000e-01
-1.954163e-01 -5.470000e-01
-1.883397e-01 -5.460000e-01
-1.812864e-01 -5.450000e-01
-1.742565e-01 -5.440000e-01
-1.672501e-01 -5.430000e-01
-1.602672e-01 -5.420000e-01
-1.533078e-01 -5.410000e-01
-1.463721e-01 -5.400000e-01
-1.394600e-01 -5.390000e-01
-1.325716e-01 -5.380000e-01
-1.257069e-01 -5.370000e-01
-1.188661e-01 -5.360000e-01
-1.120492e-01 -5.350000e-01
-1.052561e-01 -5.340000e-01
-9.848705e-02 -5.330000e-01
-9.174199e-02 -5.320000e-01
-8.502100e-02 -5.310000e-01
-7.832413e-02 -5.300000e-01
-7.165143e-02 -5.290000e-01
-6.500295e-02 -5.280000e-01
-5.837875e-02 -5.270000e-01
-5.177887e-02 -5.260000e-01
-4.520337e-02 -5.250000e-01
-3.865230e-02 -5.240000e-01
-3.212571e-02 -5.230000e-01
-2.562365e-02 -5.220000e-01
-1.914618e-02 -5.210000e-01
-1.269333e-02 -5.200000e-01
-6.265177e-03 -5.190000e-01
1.382425e-04 -5.180000e-01
6.516873e-03 -5.170000e-01
1.287066e-02 -5.160000e-01
1.919956e-02 -5.150000e-01
2.550352e-02 -5.140000e-01
3.178248e-02 -5.130000e-01
3.803640e-02 -5.120000e-01
4.426522e-02 -5.110000e-01
5.046889e-02 -5.100000e-01
5.664736e-02 -5.090000e-01
6.280058e-02 -5.080000e-01
6.892850e-02 -5.070000e-01
7.503106e-02 -5.060000e-01
8.110821e-02 -5.050000e-01
8.715991e-02 -5.040000e-01
9.318610e-02 -5.030000e-01
9.918674e-02 -5.020000e-01
1.051618e-01 -5.010000e-01
1.111111e-01 -5.000000e-01
1.170348e-01 -4.990000e-01
1.229326e-01 -4.980000e-01
1.288047e-01 -4.970000e-01
1.346509e-01 -4.960000e-01
1.404712e-01 -4.950000e-01
1.462655e-01 -4.940000e-01
1.520337e-01 -4.930000e-01
1.577759e-01 -4.920000e-01
1.634920e-01 -4.910000e-01
1.691819e-01 -4.900000e-01
1.748456e-01 -4.890000e-01
1.804830e-01 -4.880000e-01
1.860940e-01 -4.870000e-01
1.916787e-01 -4.860000e-01
1.972369e-01 -4.850000e-01
2.027687e-01 -4.840000e-01
2.082739e-01 -4.830000e-01
2.137526e-01 -4.820000e-01
2.192045e-01 -4.810000e-01
2.246298e-01 -4.800000e-01
2.300284e-01 -4.790000e-01
2.354002e-01 -4.780000e-01
2.407451e-01 -4.770000e-01
2.460631e-01 -4.760000e-01
2.513542e-01 -4.750000e-01
2.566182e-01 -4.740000e-01
2.618553e-01 -4.730000e-01
2.670652e-01 -4.720000e-01
2.722479e-01 -4.710000e-01
2.774035e-01 -4.700000e-01
2.825318e-01 -4.690000e-01
2.876328e-01 -4.680000e-01
2.927064e-01 -4.670000e-01
2.977526e-01 -4.660000e-01
3.027714e-01 -4.650000e-01
3.077626e-01 -4.640000e-01
3.127263e-01 -4.630000e-01
3.176624e-01 -4.620000e-01
3.225708e-01 -4.610000e-01
3.274514e-01 -4.600000e-01
3.323043e-01 -4.590000e-01
3.371294e-01 -4.580000e-01
3.419266e-01 -4.570000e-01
3.466959e-01 -4.560000e-01
3.514372e-01 -4.550000e-01
3.561505e-01 -4.540000e-01
3.608356e-01 -4.530000e-01
3.654927e-01 -4.520000e-01
3.701216e-01 -4.510000e-01
3.747222e-01 -4.500000e-01
3.792946e-01 -4.490000e-01
3.838386e-01 -4.480000e-01
3.883542e-01 -4.470000e-01
3.928414e-01 -4.460000e-01
3.973001e-01 -4.450000e-01
4.017303e-01 -4.440000e-01
4.061318e-01 -4.430000e-01
4.105048e-01 -4.420000e-01
4.148490e-01 -4.410000e-01
4.191644e-01 -4.400000e-01
4.234511e-01 -4.390000e-01
4.277089e-01 -4.380000e-01
4.319379e-01 -4.370000e-01
4.361378e-01 -4.360000e-01
4.403088e-01 -4.350000e-01
4.444507e-01 -4.340000e-01
4.485635e-01 -4.330000e-01
4.526471e-01 -4.320000e-01
4.567015e-01 -4.310000e-01
4.607267e-01 -4.300000e-01
4.647225e-01 -4.290000e-01
4.686890e-01 -4.280000e-01
4.726260e-01 -4.270000e-01
4.765336e-01 -4.260000e-01
4.804117e-01 -4.250000e-01
4.842602e-01 -4.240000e-01
4.880791e-01 -4.230000e-01
4.918683e-01 -4.220000e-01
4.956278e-01 -4.210000e-01
4.993575e-01 -4.200000e-01
5.030573e-01 -4.190000e-01
5.067273e-01 -4.180000e-01
5.103674e-01 -4.170000e-01
5.139775e-01 -4.160000e-01
5.175575e-01 -4.150000e-01
5.211075e-01 -4.140000e-01
5.246273e-01 -4.130000e-01
5.281169e-01 -4.120000e-01
5.315763e-01 -4.110000e-01
5.350054e-01 -4.100000e-01
5.384042e-01 -4.090000e-01
5.417725e-01 -4.080000e-01
5.451104e-01 -4.070000e-01
5.484179e-01 -4.060000e-01
5.516947e-01 -4.050000e-01
5.549410e-01 -4.040000e-01
5.581566e-01 -4.030000e-01
5.613415e-01 -4.020000e-01
5.644957e-01 -4.010000e-01
5.676190e-01 -4.000000e-01
5.707115e-01 -3.990000e-01
5.737731e-01 -3.980000e-01
5.768038e-01 -3.970000e-01
5.798034e-01 -3.960000e-01
5.827719e-01 -3.950000e-01
5.857094e-01 -3.940000e-01
5.886157e-01 -3.930000e-01
5.914907e-01 -3.920000e-01
5.943345e-01 -3.910000e-01
5.971470e-01 -3.900000e-01
5.999281e-01 -3.890000e-01
6.026778e-01 -3.880000e-01
6.053960e-01 -3.870000e-01
6.080826e-01 -3.860000e-01
6.107377e-01 -3.850000e-01
6.133612e-01 -3.840000e-01
6.159530e-01 -3.830000e-01
6.185131e-01 -3.820000e-01
6.210413e-01 -3.810000e-01
6.235378e-01 -3.800000e-01
6.260023e-01 -3.790000e-01
6.284350e-01 -3.780000e-01
6.308356e-01 -3.770000e-01
6.332042e-01 -3.760000e-01
6.355407e-01 -3.750000e-01
6.378450e-01 -3.740000e-01
6.401172e-01 -3.730000e-01
6.423571e-01 -3.720000e-01
6.445647e-01 -3.710000e-01
6.467400e-01 -3.700000e-01
6.488829e-01 -3.690000e-01
6.509933e-01 -3.680000e-01
6.530712e-01 -3.670000e-01
6.551166e-01 -3.660000e-01
6.571293e-01 -3.650000e-01
6.591094e-01 -3.640000e-01
6.610568e-01 -3.630000e-01
6.629714e-01 -3.620000e-01
6.648533e-01 -3.610000e-01
6.667022e-01 -3.600000e-01
6.685183e-01 -3.590000e-01
6.703013e-01 -3.580000e-01
6.720514e-01 -3.570000e-01
6.737684e-01 -3.560000e-01
6.754523e-01 -3.550000e-01
6.771030e-01 -3.540000e-01
6.787204e-01 -3.530000e-01
6.803046e-01 -3.520000e-01
6.818555e-01 -3.510000e-01
6.833730e-01 -3.500000e-01
6.848571e-01 -3.490000e-01
6.863077e-01 -3.480000e-01
6.877247e-01 -3.470000e-01
6.891082e-01 -3.460000e-01
6.904581e-01 -3.450000e-01
6.917742e-01 -3.440000e-01
6.930566e-01 -3.430000e-01
6.943053e-01 -3.420000e-01
6.955201e-01 -3.410000e-01
6.967010e-01 -3.400000e-01
6.978479e-01 -3.390000e-01
6.989609e-01 -3.380000e-01
7.000398e-01 -3.370000e-01
7.010846e-01 -3.360000e-01
7.020953e-01 -3.350000e-01
7.030717e-01 -3.340000e-01
7.043314e-01 -3.330000e-01
7.061918e-01 -3.320000e-01
7.080180e-01 -3.310000e-01
7.098101e-01 -3.300000e-01
7.115683e-01 -3.290000e-01
7.132927e-01 -3.280000e-01
7.149833e-01 -3.270000e-01
7.166402e-01 -3.260000e-01
7.182636e-01 -3.250000e-01
7.198536e-01 -3.240000e-01
7.214102e-01 -3.230000e-01
7.229335e-01 -3.220000e-01
7.244237e-01 -3.210000e-01
7.258809e-01 -3.200000e-01
7.273051e-01 -3.190000e-01
7.286964e-01 -3.180000e-01
7.300551e-01 -3.170000e-01
7.313810e-01 -3.160000e-01
7.326744e-01 -3.150000e-01
7.339354e-01 -3.140000e-01
7.351640e-01 -3.130000e-01
7.363604e-01 -3.120000e-01
7.375246e-01 -3.110000e-01
7.386568e-01 -3.100000e-01
7.397570e-01 -3.090000e-01
7.408254e-01 -3.080000e-01
7.418620e-01 -3.070000e-01
7.428670e-01 -3.060000e-01
7.438405e-01 -3.050000e-01
7.447825e-01 -3.040000e-01
7.456932e-01 -3.030000e-01
7.465726e-01 -3.020000e-01
7.474209e-01 -3.010000e-01
7.482381e-01 -3.000000e-01
7.490244e-01 -2.990000e-01
7.497798e-01 -2.980000e-01
7.505045e-01 -2.970000e-01
7.511986e-01 -2.960000e-01
7.518621e-01 -2.950000e-01
7.524952e-01 -2.940000e-01
7.530980e-01 -2.930000e-01
7.536704e-01 -2.920000e-01
7.542128e-01 -2.910000e-01
7.547251e-01 -2.900000e-01
7.552075e-01 -2.890000e-01
7.556600e-01 -2.880000e-01
7.560828e-01 -2.870000e-01
7.564760e-01 -2.860000e-01
7.568396e-01 -2.850000e-01
7.571738e-01 -2.840000e-01
7.574787e-01 -2.830000e-01
7.577543e-01 -2.820000e-01
7.580007e-01 -2.810000e-01
7.582182e-01 -2.800000e-01
7.584067e-01 -2.790000e-01
7.585663e-01 -2.780000e-01
7.586972e-01 -2.770000e-01
7.587995e-01 -2.760000e-01
7.588733e-01 -2.750000e-01
7.589186e-01 -2.740000e-01
7.589356e-01 -2.730000e-01
7.589243e-01 -2.720000e-01
7.588849e-01 -2.710000e-01
7.588175e-01 -2.700000e-01
7.587221e-01 -2.690000e-01
7.585989e-01 -2.680000e-01
7.584480e-01 -2.670000e-01
7.582694e-01 -2.660000e-01
7.580633e-01 -2.650000e-01
7.578298e-01 -2.640000e-01
7.575689e-01 -2.630000e-01
7.572808e-01 -2.620000e-01
7.569656e-01 -2.610000e-01
7.566234e-01 -2.600000e-01
7.562542e-01 -2.590000e-01
7.558582e-01 -2.580000e-01
7.554354e-01 -2.570000e-01
7.549860e-01 -2.560000e-01
7.545101e-01 -2.550000e-01
7.540078e-01 -2.540000e-01
7.534791e-01 -2.530000e-01
7.529242e-01 -2.520000e-01
7.523432e-01 -2.510000e-01
7.517361e-01 -2.500000e-01
7.511031e-01 -2.490000e-01
7.504443e-01 -2.480000e-01
7.497598e-01 -2.470000e-01
7.490496e-01 -2.460000e-01
7.483139e-01 -2.450000e-01
7.475528e-01 -2.440000e-01
7.467663e-01 -2.430000e-01
7.459546e-01 -2.420000e-01
7.451178e-01 -2.410000e-01
7.442560e-01 -2.400000e-01
7.433692e-01 -2.390000e-01
7.424577e-01 -2.380000e-01
7.415214e-01 -2.370000e-01
7.405604e-01 -2.360000e-01
7.395750e-01 -2.350000e-01
7.385651e-01 -2.340000e-01
7.375309e-01 -2.330000e-01
7.364724e-01 -2.320000e-01
7.353899e-01 -2.310000e-01
7.342833e-01 -2.300000e-01
7.331528e-01 -2.290000e-01
7.319985e-01 -2.280000e-01
7.308205e-01 -2.270000e-01
7.296188e-01 -2.260000e-01
7.283936e-01 -2.250000e-01
7.271450e-01 -2.240000e-01
7.258731e-01 -2.230000e-01
7.245779e-01 -2.220000e-01
7.232596e-01 -2.210000e-01
7.219183e-01 -2.200000e-01
7.205541e-01 -2.190000e-01
7.191671e-01 -2.180000e-01
7.177574e-01 -2.170000e-01
7.163250e-01 -2.160000e-01
7.148701e-01 -2.150000e-01
7.133928e-01 -2.140000e-01
7.118932e-01 -2.130000e-01
7.103713e-01 -2.120000e-01
7.088274e-01 -2.110000e-01
7.072614e-01 -2.100000e-01
7.056735e-01 -2.090000e-01
7.040638e-01 -2.080000e-01
7.024323e-01 -2.070000e-01
7.007793e-01 -2.060000e-01
6.991047e-01 -2.050000e-01
6.974088e-01 -2.040000e-01
6.956915e-01 -2.030000e-01
6.939530e-01 -2.020000e-01
6.921933e-01 -2.010000e-01
6.904127e-01 -2.000000e-01
6.886111e-01 -1.990000e-01
6.867888e-01 -1.980000e-01
6.849457e-01 -1.970000e-01
6.830820e-01 -1.960000e-01
6.811978e-01 -1.950000e-01
6.792932e-01 -1.940000e-01
6.773683e-01 -1.930000e-01
6.754231e-01 -1.920000e-01
6.734579e-01 -1.910000e-01
6.714726e-01 -1.900000e-01
6.694674e-01 -1.890000e-01
6.674424e-01 -1.880000e-01
6.653977e-01 -1.870000e-01
6.633334e-01 -1.860000e-01
6.612496e-01 -1.850000e-01
6.591464e-01 -1.840000e-01
6.570238e-01 -1.830000e-01
6.548821e-01 -1.820000e-01
6.527212e-01 -1.810000e-01
6.505413e-01 -1.800000e-01
6.483426e-01 -1.790000e-01
6.461250e-01 -1.780000e-01
6.438887e-01 -1.770000e-01
6.416338e-01 -1.760000e-01
6.393604e-01 -1.750000e-01
6.370686e-01 -1.740000e-01
6.347584e-01 -1.730000e-01
6.324301e-01 -1.720000e-01
6.300837e-01 -1.710000e-01
6.277192e-01 -1.700000e-01
6.253369e-01 -1.690000e-01
6.229367e-01 -1.680000e-01
6.205189e-01 -1.670000e-01
6.180834e-01 -1.660000e-01
6.156304e-01 -1.650000e-01
6.131601e-01 -1.640000e-01
6.106724e-01 -1.630000e-01
6.081675e-01 -1.620000e-01
6.056455e-01 -1.610000e-01
6.031065e-01 -1.600000e-01
6.005507e-01 -1.590000e-01
5.979780e-01 -1.580000e-01
5.953886e-01 -1.570000e-01
5.927826e-01 -1.560000e-01
5.901601e-01 -1.550000e-01
5.875212e-01 -1.540000e-01
5.848660e-01 -1.530000e-01
5.821946e-01 -1.520000e-01
5.795071e-01 -1.510000e-01
5.768036e-01 -1.500000e-01
5.740842e-01 -1.490000e-01
5.713490e-01 -1.480000e-01
5.685981e-01 -1.470000e-01
5.658316e-01 -1.460000e-01
5.630496e-01 -1.450000e-01
5.602522e-01 -1.440000e-01
5.574395e-01 -1.430000e-01
5.546116e-01 -1.420000e-01
5.517686e-01 -1.410000e-01
5.489106e-01 -1.400000e-01
5.460377e-01 -1.390000e-01
5.431500e-01 -1.380000e-01
5.402477e-01 -1.370000e-01
5.373307e-01 -1.360000e-01
5.343992e-01 -1.350000e-01
5.314533e-01 -1.340000e-01
5.284932e-01 -1.330000e-01
5.255188e-01 -1.320000e-01
5.225304e-01 -1.310000e-01
5.195279e-01 -1.300000e-01
5.165116e-01 -1.290000e-01
5.134814e-01 -1.280000e-01
5.104376e-01 -1.270000e-01
5.073802e-01 -1.260000e-01
5.043093e-01 -1.250000e-01
5.012250e-01 -1.240000e-01
4.981274e-01 -1.230000e-01
4.950166e-01 -1.220000e-01
4.918927e-01 -1.210000e-01
4.887558e-01 -1.200000e-01
4.856060e-01 -1.190000e-01
4.824435e-01 -1.180000e-01
4.792682e-01 -1.170000e-01
4.760804e-01 -1.160000e-01
4.728801e-01 -1.150000e-01
4.696673e-01 -1.140000e-01
4.664423e-01 -1.130000e-01
4.632051e-01 -1.120000e-01
4.599558e-01 -1.110000e-01
4.566946e-01 -1.100000e-01
4.534214e-01 -1.090000e-01
4.501364e-01 -1.080000e-01
4.468398e-01 -1.070000e-01
4.435316e-01 -1.060000e-01
4.402118e-01 -1.050000e-01
4.368807e-01 -1.040000e-01
4.335383e-01 -1.030000e-01
4.301848e-01 -1.020000e-01
4.268201e-01 -1.010000e-01
4.234444e-01 -1.000000e-01
4.200579e-01 -9.900000e-02
4.166606e-01 -9.800000e-02
4.132526e-01 -9.700000e-02
4.098340e-01 -9.600000e-02
4.064049e-01 -9.500000e-02
4.029654e-01 -9.400000e-02
3.995157e-01 -9.300000e-02
3.960558e-01 -9.200000e-02
3.925858e-01 -9.100000e-02
3.891058e-01 -9.000000e-02
3.856159e-01 -8.900000e-02
3.821162e-01 -8.800000e-02
3.786069e-01 -8.700000e-02
3.750880e-01 -8.600000e-02
3.715595e-01 -8.500000e-02
3.680218e-01 -8.400000e-02
3.644747e-01 -8.300000e-02
3.609184e-01 -8.200000e-02
3.573531e-01 -8.100000e-02
3.537788e-01 -8.000000e-02
3.501956e-01 -7.900000e-02
3.466036e-01 -7.800000e-02
3.430030e-01 -7.700000e-02
3.393938e-01 -7.600000e-02
3.357760e-01 -7.500000e-02
3.321500e-01 -7.400000e-02
3.285156e-01 -7.300000e-02
3.248730e-01 -7.200000e-02
3.212224e-01 -7.100000e-02
3.175638e-01 -7.000000e-02
3.138973e-01 -6.900000e-02
3.102231e-01 -6.800000e-02
3.065412e-01 -6.700000e-02
3.028517e-01 -6.600000e-02
2.991547e-01 -6.500000e-02
2.954503e-01 -6.400000e-02
2.917387e-01 -6.300000e-02
2.880199e-01 -6.200000e-02
2.842940e-01 -6.100000e-02
2.805611e-01 -6.000000e-02
2.768214e-01 -5.900000e-02
2.730749e-01 -5.800000e-02
2.693217e-01 -5.700000e-02
2.655620e-01 -5.600000e-02
2.617957e-01 -5.500000e-02
2.580231e-01 -5.400000e-02
2.542443e-01 -5.300000e-02
2.504592e-01 -5.200000e-02
2.466681e-01 -5.100000e-02
2.428710e-01 -5.000000e-02
2.390681e-01 -4.900000e-02
2.352593e-01 -4.800000e-02
2.314449e-01 -4.700000e-02
2.276250e-01 -4.600000e-02
2.237995e-01 -4.500000e-02
2.199687e-01 -4.400000e-02
2.161326e-01 -4.300000e-02
2.122914e-01 -4.200000e-02
2.084451e-01 -4.100000e-02
2.045938e-01 -4.000000e-02
2.007376e-01 -3.900000e-02
1.968767e-01 -3.800000e-02
1.930111e-01 -3.700000e-02
1.891409e-01 -3.600000e-02
1.852663e-01 -3.500000e-02
1.813873e-01 -3.400000e-02
1.775041e-01 -3.300000e-02
1.736166e-01 -3.200000e-02
1.697251e-01 -3.100000e-02
1.658297e-01 -3.000000e-02
1.619303e-01 -2.900000e-02
1.580272e-01 -2.800000e-02
1.541205e-01 -2.700000e-02
1.502102e-01 -2.600000e-02
1.462964e-01 -2.500000e-02
1.423792e-01 -2.400000e-02
1.384588e-01 -2.300000e-02
1.345352e-01 -2.200000e-02
1.306086e-01 -2.100000e-02
1.266790e-01 -2.000000e-02
1.227465e-01 -1.900000e-02
1.188113e-01 -1.800000e-02
1.148734e-01 -1.700000e-02
1.109329e-01 -1.600000e-02
1.069900e-01 -1.500000e-02
1.030447e-01 -1.400000e-02
9.909720e-02 -1.300000e-02
9.514750e-02 -1.200000e-02
9.119574e-02 -1.100000e-02
8.724202e-02 -1.000000e-02
8.328643e-02 -9.000000e-03
7.932909e-02 -8.000000e-03
7.537009e-02 -7.000000e-03
7.140953e-02 -6.000000e-03
6.744751e-02 -5.000000e-03
6.348414e-02 -4.000000e-03
5.951950e-02 -3.000000e-03
5.555371e-02 -2.000000e-03
5.158686e-02 -1.000000e-03
4.761905e-02 8.812395e-16
4.365038e-02 1.000000e-03
3.968096e-02 2.000000e-03
3.571088e-02 3.000000e-03
3.174024e-02 4.000000e-03
2.776915e-02 5.000000e-03
2.379771e-02 6.000000e-03
1.982600e-02 7.000000e-03
1.585415e-02 8.000000e-03
1.188223e-02 9.000000e-03
7.910365e-03 1.000000e-02
3.938644e-03 1.100000e-02
-3.283200e-05 1.200000e-02
-4.003961e-03 1.300000e-02
-7.974644e-03 1.400000e-02
-1.194478e-02 1.500000e-02
-1.591427e-02 1.600000e-02
-1.988301e-02 1.700000e-02
-2.385090e-02 1.800000e-02
-2.781785e-02 1.900000e-02
-3.178375e-02 2.000000e-02
-3.574849e-02 2.100000e-02
-3.971199e-02 2.200000e-02
-4.367415e-02 2.300000e-02
-4.763485e-02 2.400000e-02
-5.159400e-02 2.500000e-02
-5.555150e-02 2.600000e-02
-5.950725e-02 2.700000e-02
-6.346115e-02 2.800000e-02
-6.741310e-02 2.900000e-02
-7.136300e-02 3.000000e-02
-7.531075e-02 3.100000e-02
-7.925624e-02 3.200000e-02
-8.319939e-02 3.300000e-02
-8.714008e-02 3.400000e-02
-9.107822e-02 3.500000e-02
-9.501370e-02 3.600000e-02
-9.894643e-02 3.700000e-02
-1.028763e-01 3.800000e-02
-1.068032e-01 3.900000e-02
-1.107271e-01 4.000000e-02
-1.146478e-01 4.100000e-02
-1.185653e-01 4.200000e-02
-1.224794e-01 4.300000e-02
-1.263901e-01 4.400000e-02
-1.302971e-01 4.500000e-02
-1.342006e-01 4.600000e-02
-1.381003e-01 4.700000e-02
-1.419961e-01 4.800000e-02
-1.458880e-01 4.900000e-02
-1.497758e-01 5.000000e-02
-1.536595e-01 5.100000e-02
-1.575389e-01 5.200000e-02
-1.614139e-01 5.300000e-02
-1.652845e-01 5.400000e-02
-1.691505e-01 5.500000e-02
-1.730119e-01 5.600000e-02
-1.768685e-01 5.700000e-02
-1.807202e-01 5.800000e-02
-1.845670e-01 5.900000e-02
-1.884088e-01 6.000000e-02
-1.922453e-01 6.100000e-02
-1.960766e-01 6.200000e-02
-1.999026e-01 6.300000e-02
-2.037231e-01 6.400000e-02
-2.075380e-01 6.500000e-02
-2.113473e-01 6.600000e-02
-2.151508e-01 6.700000e-02
-2.189484e-01 6.800000e-02
-2.227401e-01 6.900000e-02
-2.265257e-01 7.000000e-02
-2.303052e-01 7.100000e-02
-2.340784e-01 7.200000e-02
-2.378452e-01 7.300000e-02
-2.416056e-01 7.400000e-02
-2.453594e-01 7.500000e-02
-2.491065e-01 7.600000e-02
-2.528469e-01 7.700000e-02
-2.565804e-01 7.800000e-02
-2.603069e-01 7.900000e-02
-2.640264e-01 8.000000e-02
-2.677387e-01 8.100000e-02
-2.714438e-01 8.200000e-02
-2.751414e-01 8.300000e-02
-2.788317e-01 8.400000e-02
-2.825143e-01 8.500000e-02
-2.861893e-01 8.600000e-02
-2.898565e-01 8.700000e-02
-2.935158e-01 8.800000e-02
-2.971672e-01 8.900000e-02
-3.008105e-01 9.000000e-02
-3.044457e-01 9.100000e-02
-3.080725e-01 9.200000e-02
-3.116910e-01 9.300000e-02
-3.153011e-01 9.400000e-02
-3.189025e-01 9.500000e-02
-3.224953e-01 9.600000e-02
-3.260793e-01 9.700000e-02
-3.296545e-01 9.800000e-02
-3.332207e-01 9.900000e-02
-3.367778e-01 1.000000e-01
-3.403257e-01 1.010000e-01
-3.438644e-01 1.020000e-01
-3.473937e-01 1.030000e-01
-3.509135e-01 1.040000e-01
-3.544237e-01 1.050000e-01
-3.579243e-01 1.060000e-01
-3.614151e-01 1.070000e-01
-3.648961e-01 1.080000e-01
-3.683670e-01 1.090000e-01
-3.718279e-01 1.100000e-01
-3.752786e-01 1.110000e-01
-3.787190e-01 1.120000e-01
-3.821491e-01 1.130000e-01
-3.855687e-01 1.140000e-01
-3.889777e-01 1.150000e-01
-3.923760e-01 1.160000e-01
-3.957636e-01 1.170000e-01
-3.991402e-01 1.180000e-01
-4.025059e-01 1.190000e-01
-4.058606e-01 1.200000e-01
-4.092040e-01 1.210000e-01
-4.125362e-01 1.220000e-01
-4.158570e-01 1.230000e-01
-4.191663e-01 1.240000e-01
-4.224640e-01 1.250000e-01
-4.257501e-01 1.260000e-01
-4.290244e-01 1.270000e-01
-4.322868e-01 1.280000e-01
-4.355372e-01 1.290000e-01
-4.387755e-01 1.300000e-01
-4.420017e-01 1.310000e-01
-4.452156e-01 1.320000e-01
-4.484171e-01 1.330000e-01
-4.516061e-01 1.340000e-01
-4.547825e-01 1.350000e-01
-4.579463e-01 1.360000e-01
-4.610973e-01 1.370000e-01
-4.642354e-01 1.380000e-01
-4.673605e-01 1.390000e-01
-4.704725e-01 1.400000e-01
-4.735714e-01 1.410000e-01
-4.766569e-01 1.420000e-01
-4.797291e-01 1.430000e-01
-4.827878e-01 1.440000e-01
-4.858329e-01 1.450000e-01
-4.888643e-01 1.460000e-01
-4.918820e-01 1.470000e-01
-4.948857e-01 1.480000e-01
-4.978755e-01 1.490000e-01
-5.008512e-01 1.500000e-01
-5.038127e-01 1.510000e-01
-5.067599e-01 1.520000e-01
-5.096927e-01 1.530000e-01
-5.126111e-01 1.540000e-01
-5.155148e-01 1.550000e-01
-5.184039e-01 1.560000e-01
-5.212782e-01 1.570000e-01
-5.241376e-01 1.580000e-01
-5.269820e-01 1.590000e-01
-5.298113e-01 1.600000e-01
-5.326254e-01 1.610000e-01
-5.354243e-01 1.620000e-01
-5.382077e-01 1.630000e-01
-5.409757e-01 1.640000e-01
-5.437281e-01 1.650000e-01
-5.464647e-01 1.660000e-01
-5.491856e-01 1.670000e-01
-5.518906e-01 1.680000e-01
-5.545796e-01 1.690000e-01
-5.572526e-01 1.700000e-01
-5.599093e-01 1.710000e-01
-5.625497e-01 1.720000e-01
-5.651738e-01 1.730000e-01
-5.677813e-01 1.740000e-01
-5.703723e-01 1.750000e-01
-5.729465e-01 1.760000e-01
-5.755040e-01 1.770000e-01
-5.780446e-01 1.780000e-01
-5.805682e-01 1.790000e-01
-5.830747e-01 1.800000e-01
-5.855640e-01 1.810000e-01
-5.880360e-01 1.820000e-01
-5.904906e-01 1.830000e-01
-5.929277e-01 1.840000e-01
-5.953472e-01 1.850000e-01
-5.977490e-01 1.860000e-01
-6.001331e-01 1.870000e-01
-6.024992e-01 1.880000e-01
-6.048473e-01 1.890000e-01
-6.071773e-01 1.900000e-01
-6.094892e-01 1.910000e-01
-6.117827e-01 1.920000e-01
-6.140579e-01 1.930000e-01
-6.163145e-01 1.940000e-01
-6.185526e-01 1.950000e-01
-6.207719e-01 1.960000e-01
-6.229725e-01 1.970000e-01
-6.251541e-01 1.980000e-01
-6.273168e-01 1.990000e-01
-6.294603e-01 2.000000e-01
-6.315847e-01 2.010000e-01
-6.336897e-01 2.020000e-01
-6.357754e-01 2.030000e-01
-6.378415e-01 2.040000e-01
-6.398881e-01 2.050000e-01
-6.419149e-01 2.060000e-01
-6.439220e-01 2.070000e-01
-6.459091e-01 2.080000e-01
-6.478762e-01 2.090000e-01
-6.498233e-01 2.100000e-01
-6.517501e-01 2.110000e-01
-6.536567e-01 2.120000e-01
-6.555428e-01 2.130000e-01
-6.574084e-01 2.140000e-01
-6.592534e-01 2.150000e-01
-6.610777e-01 2.160000e-01
-6.628813e-01 2.170000e-01
-6.646639e-01 2.180000e-01
-6.664255e-01 2.190000e-01
-6.681660e-01 2.200000e-01
-6.698853e-01 2.210000e-01
-6.715832e-01 2.220000e-01
-6.732598e-01 2.230000e-01
-6.749149e-01 2.240000e-01
-6.765484e-01 2.250000e-01
-6.781601e-01 2.260000e-01
-6.797501e-01 2.270000e-01
-6.813181e-01 2.280000e-01
-6.828642e-01 2.290000e-01
-6.843881e-01 2.300000e-01
-6.858898e-01 2.310000e-01
-6.873692e-01 2.320000e-01
-6.888262e-01 2.330000e-01
-6.902607e-01 2.340000e-01
-6.916726e-01 2.350000e-01
-6.930618e-01 2.360000e-01
-6.944281e-01 2.370000e-01
-6.957716e-01 2.380000e-01
-6.970920e-01 2.390000e-01
-6.983893e-01 2.400000e-01
-6.996635e-01 2.410000e-01
-7.009143e-01 2.420000e-01
-7.021416e-01 2.430000e-01
-7.033455e-01 2.440000e-01
-7.045258e-01 2.450000e-01
-7.056824e-01 2.460000e-01
-7.068151e-01 2.470000e-01
-7.079239e-01 2.480000e-01
-7.090087e-01 2.490000e-01
-7.100694e-01 2.500000e-01
-7.111059e-01 2.510000e-01
-7.121181e-01 2.520000e-01
-7.131059e-01 2.530000e-01
-7.140691e-01 2.540000e-01
-7.150077e-01 2.550000e-01
-7.159216e-01 2.560000e-01
-7.168107e-01 2.570000e-01
-7.176749e-01 2.580000e-01
-7.185141e-01 2.590000e-01
-7.193281e-01 2.600000e-01
-7.201170e-01 2.610000e-01
-7.208805e-01 2.620000e-01
-7.216186e-01 2.630000e-01
-7.223311e-01 2.640000e-01
-7.230181e-01 2.650000e-01
-7.236793e-01 2.660000e-01
-7.243148e-01 2.670000e-01
-7.249243e-01 2.680000e-01
-7.255077e-01 2.690000e-01
-7.260651e-01 2.700000e-01
-7.265962e-01 2.710000e-01
-7.271011e-01 2.720000e-01
-7.275795e-01 2.730000e-01
-7.280313e-01 2.740000e-01
-7.284566e-01 2.750000e-01
-7.288551e-01 2.760000e-01
-7.292269e-01 2.770000e-01
-7.295716e-01 2.780000e-01
-7.298894e-01 2.790000e-01
-7.301801e-01 2.800000e-01
-7.304435e-01 2.810000e-01
-7.306796e-01 2.820000e-01
-7.308883e-01 2.830000e-01
-7.310694e-01 2.840000e-01
-7.312230e-01 2.850000e-01
-7.313488e-01 2.860000e-01
-7.314467e-01 2.870000e-01
-7.315168e-01 2.880000e-01
-7.315588e-01 2.890000e-01
-7.315727e-01 2.900000e-01
-7.315584e-01 2.910000e-01
-7.315158e-01 2.920000e-01
-7.314447e-01 2.930000e-01
-7.313451e-01 2.940000e-01
-7.312169e-01 2.950000e-01
-7.310599e-01 2.960000e-01
-7.308742e-01 2.970000e-01
-7.306595e-01 2.980000e-01
-7.304157e-01 2.990000e-01
-7.301429e-01 3.000000e-01
-7.298408e-01 3.010000e-01
-7.295093e-01 3.020000e-01
-7.291485e-01 3.030000e-01
-7.287581e-01 3.040000e-01
-7.283381e-01 3.050000e-01
-7.278884e-01 3.060000e-01
-7.274088e-01 3.070000e-01
-7.268993e-01 3.080000e-01
-7.263598e-01 3.090000e-01
-7.257901e-01 3.100000e-01
-7.251902e-01 3.110000e-01
-7.245600e-01 3.120000e-01
-7.238993e-01 3.130000e-01
-7.232081e-01 3.140000e-01
-7.224863e-01 3.150000e-01
-7.217338e-01 3.160000e-01
-7.209504e-01 3.170000e-01
-7.201361e-01 3.180000e-01
-7.192907e-01 3.190000e-01
-7.184142e-01 3.200000e-01
-7.175065e-01 3.210000e-01
-7.165674e-01 3.220000e-01
-7.155969e-01 3.230000e-01
-7.145949e-01 3.240000e-01
-7.135613e-01 3.250000e-01
-7.124959e-01 3.260000e-01
-7.113986e-01 3.270000e-01
-7.102695e-01 3.280000e-01
-7.091082e-01 3.290000e-01
-7.079149e-01 3.300000e-01
-7.066893e-01 3.310000e-01
-7.054314e-01 3.320000e-01
-7.041410e-01 3.330000e-01
-7.028182e-01 3.340000e-01
-7.014627e-01 3.350000e-01
-7.000748e-01 3.360000e-01
-6.986545e-01 3.370000e-01
-6.972017e-01 3.380000e-01
-6.957166e-01 3.390000e-01
-6.941992e-01 3.400000e-01
-6.926496e-01 3.410000e-01
-6.910678e-01 3.420000e-01
-6.894538e-01 3.430000e-01
-6.878077e-01 3.440000e-01
-6.861296e-01 3.450000e-01
-6.844195e-01 3.460000e-01
-6.826774e-01 3.470000e-01
-6.809034e-01 3.480000e-01
-6.790976e-01 3.490000e-01
-6.772599e-01 3.500000e-01
-6.753905e-01 3.510000e-01
-6.734894e-01 3.520000e-01
-6.715566e-01 3.530000e-01
-6.695923e-01 3.540000e-01
-6.675963e-01 3.550000e-01
-6.655689e-01 3.560000e-01
-6.635099e-01 3.570000e-01
-6.614196e-01 3.580000e-01
-6.592979e-01 3.590000e-01
-6.571449e-01 3.600000e-01
-6.549606e-01 3.610000e-01
-6.527451e-01 3.620000e-01
-6.504984e-01 3.630000e-01
-6.482206e-01 3.640000e-01
-6.459117e-01 3.650000e-01
-6.435719e-01 3.660000e-01
-6.412010e-01 3.670000e-01
-6.387992e-01 3.680000e-01
-6.363665e-01 3.690000e-01
-6.339030e-01 3.700000e-01
-6.314087e-01 3.710000e-01
-6.288837e-01 3.720000e-01
-6.263280e-01 3.730000e-01
-6.237417e-01 3.740000e-01
-6.211248e-01 3.750000e-01
-6.184773e-01 3.760000e-01
-6.157994e-01 3.770000e-01
-6.130910e-01 3.780000e-01
-6.103522e-01 3.790000e-01
-6.075831e-01 3.800000e-01
-6.047837e-01 3.810000e-01
-6.019541e-01 3.820000e-01
-5.990942e-01 3.830000e-01
-5.962043e-01 3.840000e-01
-5.932842e-01 3.850000e-01
-5.903341e-01 3.860000e-01
-5.873539e-01 3.870000e-01
-5.843439e-01 3.880000e-01
-5.813039e-01 3.890000e-01
-5.782341e-01 3.900000e-01
-5.751345e-01 3.910000e-01
-5.720051e-01 3.920000e-01
-5.688460e-01 3.930000e-01
-5.656573e-01 3.940000e-01
-5.624389e-01 3.950000e-01
-5.591910e-01 3.960000e-01
-5.559136e-01 3.970000e-01
-5.526067e-01 3.980000e-01
-5.492704e-01 3.990000e-01
-5.459048e-01 4.000000e-01
-5.425098e-01 4.010000e-01
-5.390856e-01 4.020000e-01
-5.356321e-01 4.030000e-01
-5.321495e-01 4.040000e-01
-5.286378e-01 4.050000e-01
-5.250970e-01 4.060000e-01
-5.215271e-01 4.070000e-01
-5.179283e-01 4.080000e-01
-5.143006e-01 4.090000e-01
-5.106440e-01 4.100000e-01
-5.069586e-01 4.110000e-01
-5.032444e-01 4.120000e-01
-4.995015e-01 4.130000e-01
-4.957299e-01 4.140000e-01
-4.919296e-01 4.150000e-01
-4.881008e-01 4.160000e-01
-4.842435e-01 4.170000e-01
-4.803576e-01 4.180000e-01
-4.764434e-01 4.190000e-01
-4.725007e-01 4.200000e-01
-4.685297e-01 4.210000e-01
-4.645304e-01 4.220000e-01
-4.605029e-01 4.230000e-01
-4.564472e-01 4.240000e-01
-4.523633e-01 4.250000e-01
-4.482514e-01 4.260000e-01
-4.441114e-01 4.270000e-01
-4.399434e-01 4.280000e-01
-4.357475e-01 4.290000e-01
-4.315237e-01 4.300000e-01
-4.272720e-01 4.310000e-01
-4.229925e-01 4.320000e-01
-4.186853e-01 4.330000e-01
-4.143504e-01 4.340000e-01
-4.099878e-01 4.350000e-01
-4.055976e-01 4.360000e-01
-4.011798e-01 4.370000e-01
-3.967346e-01 4.380000e-01
-3.922619e-01 4.390000e-01
-3.877618e-01 4.400000e-01
-3.832343e-01 4.410000e-01
-3.786795e-01 4.420000e-01
-3.740975e-01 4.430000e-01
-3.694882e-01 4.440000e-01
-3.648518e-01 4.450000e-01
-3.601882e-01 4.460000e-01
-3.554976e-01 4.470000e-01
-3.507800e-01 4.480000e-01
-3.460354e-01 4.490000e-01
-3.412639e-01 4.500000e-01
-3.364655e-01 4.510000e-01
-3.316403e-01 4.520000e-01
-3.267883e-01 4.530000e-01
-3.219096e-01 4.540000e-01
-3.170042e-01 4.550000e-01
-3.120722e-01 4.560000e-01
-3.071136e-01 4.570000e-01
-3.021285e-01 4.580000e-01
-2.971169e-01 4.590000e-01
-2.920789e-01 4.600000e-01
-2.870144e-01 4.610000e-01
-2.819237e-01 4.620000e-01
-2.768067e-01 4.630000e-01
-2.716634e-01 4.640000e-01
-2.664939e-01 4.650000e-01
-2.612983e-01 4.660000e-01
-2.560766e-01 4.670000e-01
-2.508289e-01 4.680000e-01
-2.455552e-01 4.690000e-01
-2.402555e-01 4.700000e-01
-2.349300e-01 4.710000e-01
-2.295786e-01 4.720000e-01
-2.242014e-01 4.730000e-01
-2.187984e-01 4.740000e-01
-2.133698e-01 4.750000e-01
-2.079155e-01 4.760000e-01
-2.024356e-01 4.770000e-01
-1.969302e-01 4.780000e-01
-1.913992e-01 4.790000e-01
-1.858428e-01 4.800000e-01
-1.802610e-01 4.810000e-01
-1.746538e-01 4.820000e-01
-1.690213e-01 4.830000e-01
-1.633636e-01 4.840000e-01
-1.576807e-01 4.850000e-01
-1.519725e-01 4.860000e-01
-1.462393e-01 4.870000e-01
-1.404810e-01 4.880000e-01
-1.346977e-01 4.890000e-01
-1.288895e-01 4.900000e-01
-1.230563e-01 4.910000e-01
-1.171982e-01 4.920000e-01
-1.113154e-01 4.930000e-01
-1.054077e-01 4.940000e-01
-9.947537e-02 4.950000e-01
-9.351834e-02 4.960000e-01
-8.753668e-02 4.970000e-01
-8.153044e-02 4.980000e-01
-7.549968e-02 4.990000e-01
-6.944444e-02 5.000000e-01
-6.336478e-02 5.010000e-01
-5.726073e-02 5.020000e-01
-5.113235e-02 5.030000e-01
-4.497970e-02 5.040000e-01
-3.880280e-02 5.050000e-01
-3.260173e-02 5.060000e-01
-2.637652e-02 5.070000e-01
-2.012722e-02 5.080000e-01
-1.385388e-02 5.090000e-01
-7.556556e-03 5.100000e-01
-1.235291e-03 5.110000e-01
5.109866e-03 5.120000e-01
1.147886e-02 5.130000e-01
1.787166e-02 5.140000e-01
2.428819e-02 5.150000e-01
3.072842e-02 5.160000e-01
3.719230e-02 5.170000e-01
4.367978e-02 5.180000e-01
5.019081e-02 5.190000e-01
5.672533e-02 5.200000e-01
6.328331e-02 5.210000e-01
6.986469e-02 5.220000e-01
7.646943e-02 5.230000e-01
8.309746e-02 5.240000e-01
8.974876e-02 5.250000e-01
9.642326e-02 5.260000e-01
1.031209e-01 5.270000e-01
1.098417e-01 5.280000e-01
1.165855e-01 5.290000e-01
1.233524e-01 5.300000e-01
1.301422e-01 5.310000e-01
1.369549e-01 5.320000e-01
1.437905e-01 5.330000e-01
1.506489e-01 5.340000e-01
1.575300e-01 5.350000e-01
1.644339e-01 5.360000e-01
1.713605e-01 5.370000e-01
1.783097e-01 5.380000e-01
1.852814e-01 5.390000e-01
1.922757e-01 5.400000e-01
1.992924e-01 5.410000e-01
2.063316e-01 5.420000e-01
2.133931e-01 5.430000e-01
2.204770e-01 5.440000e-01
2.275832e-01 5.450000e-01
2.347116e-01 5.460000e-01
2.418621e-01 5.470000e-01
2.490348e-01 5.480000e-01
2.562296e-01 5.490000e-01
2.634464e-01 5.500000e-01
2.706852e-01 5.510000e-01
2.779460e-01 5.520000e-01
2.852286e-01 5.530000e-01
2.925331e-01 5.540000e-01
2.998593e-01 5.550000e-01
3.072073e-01 5.560000e-01
3.145770e-01 5.570000e-01
3.219683e-01 5.580000e-01
3.293813e-01 5.590000e-01
3.368157e-01 5.600000e-01
3.442717e-01 5.610000e-01
3.517491e-01 5.620000e-01
3.592480e-01 5.630000e-01
3.667681e-01 5.640000e-01
3.743096e-01 5.650000e-01
3.818723e-01 5.660000e-01
3.894563e-01 5.670000e-01
3.970613e-01 5.680000e-01
4.046875e-01 5.690000e-01
4.123348e-01 5.700000e-01
4.200030e-01 5.710000e-01
4.276923e-01 5.720000e-01
4.354024e-01 5.730000e-01
4.431334e-01 5.740000e-01
4.508852e-01 5.750000e-01
4.586577e-01 5.760000e-01
4.664510e-01 5.770000e-01
4.742650e-01 5.780000e-01
4.820995e-01 5.790000e-01
4.899547e-01 5.800000e-01
4.978303e-01 5.810000e-01
5.057264e-01 5.820000e-01
5.136430e-01 5.830000e-01
5.215799e-01 5.840000e-01
5.295372e-01 5.850000e-01
5.375147e-01 5.860000e-01
5.455124e-01 5.870000e-01
5.535304e-01 5.880000e-01
5.615684e-01 5.890000e-01
5.696266e-01 5.900000e-01
5.777047e-01 5.910000e-01
5.858029e-01 5.920000e-01
5.939210e-01 5.930000e-01
6.020589e-01 5.940000e-01
6.102167e-01 5.950000e-01
6.183943e-01 5.960000e-01
6.265917e-01 5.970000e-01
6.348087e-01 5.980000e-01
6.430453e-01 5.990000e-01
6.513016e-01 6.000000e-01
6.595774e-01 6.010000e-01
6.678727e-01 6.020000e-01
6.761874e-01 6.030000e-01
6.845215e-01 6.040000e-01
6.928750e-01 6.050000e-01
7.012478e-01 6.060000e-01
7.096398e-01 6.070000e-01
7.180510e-01 6.080000e-01
7.264814e-01 6.090000e-01
7.349309e-01 6.100000e-01
7.433994e-01 6.110000e-01
7.518870e-01 6.120000e-01
7.603935e-01 6.130000e-01
7.689189e-01 6.140000e-01
7.774632e-01 6.150000e-01
7.860262e-01 6.160000e-01
7.946081e-01 6.170000e-01
8.032086e-01 6.180000e-01
8.118278e-01 6.190000e-01
8.204657e-01 6.200000e-01
8.291220e-01 6.210000e-01
8.377970e-01 6.220000e-01
8.464903e-01 6.230000e-01
8.552021e-01 6.240000e-01
8.639323e-01 6.250000e-01
8.726808e-01 6.260000e-01
8.814475e-01 6.270000e-01
8.902325e-01 6.280000e-01
8.990357e-01 6.290000e-01
9.078570e-01 6.300000e-01
9.166963e-01 6.310000e-01
9.255537e-01 6.320000e-01
9.344291e-01 6.330000e-01
9.433224e-01 6.340000e-01
9.522336e-01 6.350000e-01
9.611626e-01 6.360000e-01
9.701094e-01 6.370000e-01
9.790739e-01 6.380000e-01
9.880561e-01 6.390000e-01
9.970560e-01 6.400000e-01
1.006073e+00 6.410000e-01
1.015108e+00 6.420000e-01
1.024161e+00 6.430000e-01
1.033231e+00 6.440000e-01
1.042318e+00 6.450000e-01
1.051423e+00 6.460000e-01
1.060545e+00 6.470000e-01
1.069684e+00 6.480000e-01
1.078840e+00 6.490000e-01
1.088014e+00 6.500000e-01
1.097205e+00 6.510000e-01
1.106412e+00 6.520000e-01
1.115637e+00 6.530000e-01
1.124879e+00 6.540000e-01
1.134137e+00 6.550000e-01
1.143413e+00 6.560000e-01
1.152705e+00 6.570000e-01
1.162014e+00 6.580000e-01
1.171339e+00 6.590000e-01
1.180682e+00 6.600000e-01
1.190041e+00 6.610000e-01
1.199416e+00 6.620000e-01
1.208808e+00 6.630000e-01
1.218217e+00 6.640000e-01
1.227642e+00 6.650000e-01
1.237083e+00 6.660000e-01
1.246541e+00 6.670000e-01
1.256014e+00 6.680000e-01
1.265505e+00 6.690000e-01
1.275011e+00 6.700000e-01
1.284533e+00 6.710000e-01
1.294072e+00 6.720000e-01
1.303626e+00 6.730000e-01
1.313197e+00 6.740000e-01
1.322783e+00 6.750000e-01
1.332385e+00 6.760000e-01
1.342003e+00 6.770000e-01
1.351637e+00 6.780000e-01
1.361287e+00 6.790000e-01
1.370952e+00 6.800000e-01
1.380633e+00 6.810000e-01
1.390330e+00 6.820000e-01
1.400042e+00 6.830000e-01
1.409769e+00 6.840000e-01
1.419512e+00 6.850000e-01
1.429270e+00 6.860000e-01
1.439044e+00 6.870000e-01
1.448833e+00 6.880000e-01
1.458637e+00 6.890000e-01
1.468457e+00 6.900000e-01
1.478291e+00 6.910000e-01
1.488141e+00 6.920000e-01
1.498006e+00 6.930000e-01
1.507886e+00 6.940000e-01
1.517780e+00 6.950000e-01
1.527690e+00 6.960000e-01
1.537614e+00 6.970000e-01
1.547554e+00 6.980000e-01
1.557507e+00 6.990000e-01
1.567476e+00 7.000000e-01
1.577460e+00 7.010000e-01
1.587458e+00 7.020000e-01
1.597470e+00 7.030000e-01
1.607497e+00 7.040000e-01
1.617539e+00 7.050000e-01
1.627594e+00 7.060000e-01
1.637665e+00 7.070000e-01
1.647749e+00 7.080000e-01
1.657848e+00 7.090000e-01
1.667961e+00 7.100000e-01
1.678088e+00 7.110000e-01
1.688230e+00 7.120000e-01
1.698385e+00 7.130000e-01
1.708555e+00 7.140000e-01
1.718738e+00 7.150000e-01
1.728935e+00 7.160000e-01
1.739147e+00 7.170000e-01
1.749372e+00 7.180000e-01
1.759611e+00 7.190000e-01
1.769863e+00 7.200000e-01
1.780129e+00 7.210000e-01
1.790409e+00 7.220000e-01
1.800703e+00 7.230000e-01
1.811010e+00 7.240000e-01
1.821330e+00 7.250000e-01
1.831664e+00 7.260000e-01
1.842011e+00 7.270000e-01
1.852372e+00 7.280000e-01
1.862746e+00 7.290000e-01
1.873133e+00 7.300000e-01
1.883533e+00 7.310000e-01
1.893947e+00 7.320000e-01
1.904373e+00 7.330000e-01
1.914813e+00 7.340000e-01
1.925266e+00 7.350000e-01
1.935731e+00 7.360000e-01
1.946210e+00 7.370000e-01
1.956701e+00 7.380000e-01
1.967205e+00 7.390000e-01
1.977722e+00 7.400000e-01
1.988252e+00 7.410000e-01
1.998794e+00 7.420000e-01
2.009349e+00 7.430000e-01
2.019916e+00 7.440000e-01
2.030496e+00 7.450000e-01
2.041088e+00 7.460000e-01
2.051693e+00 7.470000e-01
2.062310e+00 7.480000e-01
2.072940e+00 7.490000e-01
2.083581e+00 7.500000e-01
2.094235e+00 7.510000e-01
2.104901e+00 7.520000e-01
2.115580e+00 7.530000e-01
2.126270e+00 7.540000e-01
2.136972e+00 7.550000e-01
2.147686e+00 7.560000e-01
2.158413e+00 7.570000e-01
2.169151e+00 7.580000e-01
2.179900e+00 7.590000e-01
2.190662e+00 7.600000e-01
2.201435e+00 7.610000e-01
2.212221e+00 7.620000e-01
2.223017e+00 7.630000e-01
2.233825e+00 7.640000e-01
2.244645e+00 7.650000e-01
2.255477e+00 7.660000e-01
2.266319e+00 7.670000e-01
2.277173e+00 7.680000e-01
2.288039e+00 7.690000e-01
2.298915e+00 7.700000e-01
2.309803e+00 7.710000e-01
2.320702e+00 7.720000e-01
2.331613e+00 7.730000e-01
2.342534e+00 7.740000e-01
2.353467e+00 7.750000e-01
2.364410e+00 7.760000e-01
2.375364e+00 7.770000e-01
2.386329e+00 7.780000e-01
2.397306e+00 7.790000e-01
2.408292e+00 7.800000e-01
2.419290e+00 7.810000e-01
2.430298e+00 7.820000e-01
2.441317e+00 7.830000e-01
2.452347e+00 7.840000e-01
2.463387e+00 7.850000e-01
2.474438e+00 7.860000e-01
2.485499e+00 7.870000e-01
2.496570e+00 7.880000e-01
2.507652e+00 7.890000e-01
2.518744e+00 7.900000e-01
2.529847e+00 7.910000e-01
2.540959e+00 7.920000e-01
2.552082e+00 7.930000e-01
2.563215e+00 7.940000e-01
2.574358e+00 7.950000e-01
2.585511e+00 7.960000e-01
2.596674e+00 7.970000e-01
2.607847e+00 7.980000e-01
2.619030e+00 7.990000e-01
2.630222e+00 8.000000e-01
2.641425e+00 8.010000e-01
2.652637e+00 8.020000e-01
2.663858e+00 8.030000e-01
2.675090e+00 8.040000e-01
2.686331e+00 8.050000e-01
2.697581e+00 8.060000e-01
2.708841e+00 8.070000e-01
2.720110e+00 8.080000e-01
2.731389e+00 8.090000e-01
2.742677e+00 8.100000e-01
2.753975e+00 8.110000e-01
2.765281e+00 8.120000e-01
2.776597e+00 8.130000e-01
2.787922e+00 8.140000e-01
2.799256e+00 8.150000e-01
2.810599e+00 8.160000e-01
2.821951e+00 8.170000e-01
2.833312e+00 8.180000e-01
2.844682e+00 8.190000e-01
2.856061e+00 8.200000e-01
2.867448e+00 8.210000e-01
2.878844e+00 8.220000e-01
2.890249e+00 8.230000e-01
2.901663e+00 8.240000e-01
2.913085e+00 8.250000e-01
2.924516e+00 8.260000e-01
2.935955e+00 8.270000e-01
2.947403e+00 8.280000e-01
2.958859e+00 8.290000e-01
2.970323e+00 8.300000e-01
2.981796e+00 8.310000e-01
2.993277e+00 8.320000e-01
3.004766e+00 8.330000e-01
3.016264e+00 8.340000e-01
3.027769e+00 8.350000e-01
3.039283e+00 8.360000e-01
3.050804e+00 8.370000e-01
3.062334e+00 8.380000e-01
3.073871e+00 8.390000e-01
3.085417e+00 8.400000e-01
3.096970e+00 8.410000e-01
3.108531e+00 8.420000e-01
3.120099e+00 8.430000e-01
3.131676e+00 8.440000e-01
3.143259e+00 8.450000e-01
3.154851e+00 8.460000e-01
3.166450e+00 8.470000e-01
3.178056e+00 8.480000e-01
3.189670e+00 8.490000e-01
3.201292e+00 8.500000e-01
3.212920e+00 8.510000e-01
3.224556e+00 8.520000e-01
3.236199e+00 8.530000e-01
3.247850e+00 8.540000e-01
3.259507e+00 8.550000e-01
3.271172e+00 8.560000e-01
3.282843e+00 8.570000e-01
3.294522e+00 8.580000e-01
3.306207e+00 8.590000e-01
3.317900e+00 8.600000e-01
3.329599e+00 8.610000e-01
3.341305e+00 8.620000e-01
3.353018e+00 8.630000e-01
3.364737e+00 8.640000e-01
3.376463e+00 8.650000e-01
3.388196e+00 8.660000e-01
3.399935e+00 8.670000e-01
3.411681e+00 8.680000e-01
3.423433e+00 8.690000e-01
3.435191e+00 8.700000e-01
3.446956e+00 8.710000e-01
3.458728e+00 8.720000e-01
3.470505e+00 8.730000e-01
3.482289e+00 8.740000e-01
3.494079e+00 8.750000e-01
3.505875e+00 8.760000e-01
3.517677e+00 8.770000e-01
3.529485e+00 8.780000e-01
3.541299e+00 8.790000e-01
3.553118e+00 8.800000e-01
3.564944e+00 8.810000e-01
3.576776e+00 8.820000e-01
3.588613e+00 8.830000e-01
3.600456e+00 8.840000e-01
3.612305e+00 8.850000e-01
3.624159e+00 8.860000e-01
3.636019e+00 8.870000e-01
3.647885e+00 8.880000e-01
3.659755e+00 8.890000e-01
3.671632e+00 8.900000e-01
3.683513e+00 8.910000e-01
3.695401e+00 8.920000e-01
3.707293e+00 8.930000e-01
3.719190e+00 8.940000e-01
3.731093e+00 8.950000e-01
3.743001e+00 8.960000e-01
3.754914e+00 8.970000e-01
3.766832e+00 8.980000e-01
3.778755e+00 8.990000e-01
3.790683e+00 9.000000e-01
3.802615e+00 9.010000e-01
3.814553e+00 9.020000e-01
3.826495e+00 9.030000e-01
3.838442e+00 9.040000e-01
3.850394e+00 9.050000e-01
3.862351e+00 9.060000e-01
3.874312e+00 9.070000e-01
3.886277e+00 9.080000e-01
3.898247e+00 9.090000e-01
3.910222e+00 9.100000e-01
3.922201e+00 9.110000e-01
3.934184e+00 9.120000e-01
3.946172e+00 9.130000e-01
3.958163e+00 9.140000e-01
3.970159e+00 9.150000e-01
3.982160e+00 9.160000e-01
3.994164e+00 9.170000e-01
4.006172e+00 9.180000e-01
4.018185e+00 9.190000e-01
4.030201e+00 9.200000e-01
4.042221e+00 9.210000e-01
4.054245e+00 9.220000e-01
4.066273e+00 9.230000e-01
4.078305e+00 9.240000e-01
4.090340e+00 9.250000e-01
4.102379e+00 9.260000e-01
4.114422e+00 9.270000e-01
4.126468e+00 9.280000e-01
4.138518e+00 9.290000e-01
4.150571e+00 9.300000e-01
4.162627e+00 9.310000e-01
4.174687e+00 9.320000e-01
4.186751e+00 9.330000e-01
4.198817e+00 9.340000e-01
4.210887e+00 9.350000e-01
4.222960e+00 9.360000e-01
4.235036e+00 9.370000e-01
4.247115e+00 9.380000e-01
4.259197e+00 9.390000e-01
4.271283e+00 9.400000e-01
4.283371e+00 9.410000e-01
4.295462e+00 9.420000e-01
4.307556e+00 9.430000e-01
4.319652e+00 9.440000e-01
4.331752e+00 9.450000e-01
4.343854e+00 9.460000e-01
4.355958e+00 9.470000e-01
4.368066e+00 9.480000e-01
4.380175e+00 9.490000e-01
4.392288e+00 9.500000e-01
4.404402e+00 9.510000e-01
4.416520e+00 9.520000e-01
4.428639e+00 9.530000e-01
4.440761e+00 9.540000e-01
4.452885e+00 9.550000e-01
4.465011e+00 9.560000e-01
4.477139e+00 9.570000e-01
4.489270e+00 9.580000e-01
4.501402e+00 9.590000e-01
4.513537e+00 9.600000e-01
4.525674e+00 9.610000e-01
4.537812e+00 9.620000e-01
4.549952e+00 9.630000e-01
4.562094e+00 9.640000e-01
4.574238e+00 9.650000e-01
4.586384e+00 9.660000e-01
4.598531e+00 9.670000e-01
4.610680e+00 9.680000e-01
4.622830e+00 9.690000e-01
4.634982e+00 9.700000e-01
4.647135e+00 9.710000e-01
4.659290e+00 9.720000e-01
4.671446e+00 9.730000e-01
4.683603e+00 9.740000e-01
4.695762e+00 9.750000e-01
4.707922e+00 9.760000e-01
4.720083e+00 9.770000e-01
4.732245e+00 9.780000e-01
4.744409e+00 9.790000e-01
4.756573e+00 9.800000e-01
4.768738e+00 9.810000e-01
4.780905e+00 9.820000e-01
4.793072e+00 9.830000e-01
4.805240e+00 9.840000e-01
4.817408e+00 9.850000e-01
4.829578e+00 9.860000e-01
4.841748e+00 9.870000e-01
4.853919e+00 9.880000e-01
4.866090e+00 9.890000e-01
4.878262e+00 9.900000e-01
4.890435e+00 9.910000e-01
4.902607e+00 9.920000e-01
4.914781e+00 9.930000e-01
4.926954e+00 9.940000e-01
4.939128e+00 9.950000e-01
4.951302e+00 9.960000e-01
4.963476e+00 9.970000e-01
4.975651e+00 9.980000e-01
4.987825e+00 9.990000e-01
