9.090909e-02 -1.000000e+00
9.109025e-02 -9.990000e-01
9.127141e-02 -9.980000e-01
9.145259e-02 -9.970000e-01
9.163379e-02 -9.960000e-01
9.181500e-02 -9.950000e-01
9.199625e-02 -9.940000e-01
9.217753e-02 -9.930000e-01
9.235885e-02 -9.920000e-01
9.254022e-02 -9.910000e-01
9.272164e-02 -9.900000e-01
9.290312e-02 -9.890000e-01
9.308467e-02 -9.880000e-01
9.326628e-02 -9.870000e-01
9.344798e-02 -9.860000e-01
9.362975e-02 -9.850000e-01
9.381161e-02 -9.840000e-01
9.399356e-02 -9.830000e-01
9.417561e-02 -9.820000e-01
9.435777e-02 -9.810000e-01
9.454004e-02 -9.800000e-01
9.472243e-02 -9.790000e-01
9.490494e-02 -9.780000e-01
9.508758e-02 -9.770000e-01
9.527035e-02 -9.760000e-01
9.545326e-02 -9.750000e-01
9.563632e-02 -9.740000e-01
9.581953e-02 -9.730000e-01
9.600290e-02 -9.720000e-01
9.618643e-02 -9.710000e-01
9.637013e-02 -9.700000e-01
9.655401e-02 -9.690000e-01
9.673807e-02 -9.680000e-01
9.692231e-02 -9.670000e-01
9.710675e-02 -9.660000e-01
9.729138e-02 -9.650000e-01
9.747623e-02 -9.640000e-01
9.766128e-02 -9.630000e-01
9.784654e-02 -9.620000e-01
9.803203e-02 -9.610000e-01
9.821775e-02 -9.600000e-01
9.840370e-02 -9.590000e-01
9.858990e-02 -9.580000e-01
9.877633e-02 -9.570000e-01
9.896302e-02 -9.560000e-01
9.914997e-02 -9.550000e-01
9.933717e-02 -9.540000e-01
9.952465e-02 -9.530000e-01
9.971240e-02 -9.520000e-01
9.990043e-02 -9.510000e-01
1.000888e-01 -9.500000e-01
1.002774e-01 -9.490000e-01
1.004663e-01 -9.480000e-01
1.006555e-01 -9.470000e-01
1.008450e-01 -9.460000e-01
1.010348e-01 -9.450000e-01
1.012250e-01 -9.440000e-01
1.014155e-01 -9.430000e-01
1.016063e-01 -9.420000e-01
1.017975e-01 -9.410000e-01
1.019890e-01 -9.400000e-01
1.021808e-01 -9.390000e-01
1.023730e-01 -9.380000e-01
1.025656e-01 -9.370000e-01
1.027586e-01 -9.360000e-01
1.029519e-01 -9.350000e-01
1.031456e-01 -9.340000e-01
1.033397e-01 -9.330000e-01
1.035341e-01 -9.320000e-01
1.037290e-01 -9.310000e-01
1.039243e-01 -9.300000e-01
1.041200e-01 -9.290000e-01
1.043161e-01 -9.280000e-01
1.045126e-01 -9.270000e-01
1.047095e-01 -9.260000e-01
1.049069e-01 -9.250000e-01
1.051047e-01 -9.240000e-01
1.053030e-01 -9.230000e-01
1.055017e-01 -9.220000e-01
1.057008e-01 -9.210000e-01
1.059005e-01 -9.200000e-01
1.061006e-01 -9.190000e-01
1.063011e-01 -9.180000e-01
1.065022e-01 -9.170000e-01
1.067037e-01 -9.160000e-01
1.069058e-01 -9.150000e-01
1.071083e-01 -9.140000e-01
1.073113e-01 -9.130000e-01
1.075148e-01 -9.120000e-01
1.077189e-01 -9.110000e-01
1.079234e-01 -9.100000e-01
1.081285e-01 -9.090000e-01
1.083342e-01 -9.080000e-01
1.085403e-01 -9.070000e-01
1.087470e-01 -9.060000e-01
1.089543e-01 -9.050000e-01
1.091621e-01 -9.040000e-01
1.093705e-01 -9.030000e-01
1.095794e-01 -9.020000e-01
1.097889e-01 -9.010000e-01
1.099990e-01 -9.000000e-01
1.102097e-01 -8.990000e-01
1.104209e-01 -8.980000e-01
1.106328e-01 -8.970000e-01
1.108453e-01 -8.960000e-01
1.110583e-01 -8.950000e-01
1.112720e-01 -8.940000e-01
1.114863e-01 -8.930000e-01
1.117013e-01 -8.920000e-01
1.119168e-01 -8.910000e-01
1.121330e-01 -8.900000e-01
1.123499e-01 -8.890000e-01
1.125674e-01 -8.880000e-01
1.127855e-01 -8.870000e-01
1.130043e-01 -8.860000e-01
1.132238e-01 -8.850000e-01
1.134439e-01 -8.840000e-01
1.136647e-01 -8.830000e-01
1.138862e-01 -8.820000e-01
1.141084e-01 -8.810000e-01
1.143313e-01 -8.800000e-01
1.145549e-01 -8.790000e-01
1.147792e-01 -8.780000e-01
1.150042e-01 -8.770000e-01
1.152300e-01 -8.760000e-01
1.154564e-01 -8.750000e-01
1.156836e-01 -8.740000e-01
1.159115e-01 -8.730000e-01
1.161402e-01 -8.720000e-01
1.163696e-01 -8.710000e-01
1.165998e-01 -8.700000e-01
1.168307e-01 -8.690000e-01
1.170624e-01 -8.680000e-01
1.172949e-01 -8.670000e-01
1.175281e-01 -8.660000e-01
1.177621e-01 -8.650000e-01
1.179969e-01 -8.640000e-01
1.182325e-01 -8.630000e-01
1.184690e-01 -8.620000e-01
1.187062e-01 -8.610000e-01
1.189442e-01 -8.600000e-01
1.191830e-01 -8.590000e-01
1.194227e-01 -8.580000e-01
1.196632e-01 -8.570000e-01
1.199046e-01 -8.560000e-01
1.201467e-01 -8.550000e-01
1.203898e-01 -8.540000e-01
1.206336e-01 -8.530000e-01
1.208784e-01 -8.520000e-01
1.211240e-01 -8.510000e-01
1.213705e-01 -8.500000e-01
1.216178e-01 -8.490000e-01
1.218660e-01 -8.480000e-01
1.221152e-01 -8.470000e-01
1.223652e-01 -8.460000e-01
1.226161e-01 -8.450000e-01
1.228679e-01 -8.440000e-01
1.231206e-01 -8.430000e-01
1.233743e-01 -8.420000e-01
1.236289e-01 -8.410000e-01
1.238844e-01 -8.400000e-01
1.241408e-01 -8.390000e-01
1.243982e-01 -8.380000e-01
1.246565e-01 -8.370000e-01
1.249158e-01 -8.360000e-01
1.251760e-01 -8.350000e-01
1.254372e-01 -8.340000e-01
1.256994e-01 -8.330000e-01
1.259626e-01 -8.320000e-01
1.262267e-01 -8.310000e-01
1.264918e-01 -8.300000e-01
1.267579e-01 -8.290000e-01
1.270250e-01 -8.280000e-01
1.272932e-01 -8.270000e-01
1.275623e-01 -8.260000e-01
1.278324e-01 -8.250000e-01
1.281036e-01 -8.240000e-01
1.283758e-01 -8.230000e-01
1.286490e-01 -8.220000e-01
1.289233e-01 -8.210000e-01
1.291986e-01 -8.200000e-01
1.294750e-01 -8.190000e-01
1.297524e-01 -8.180000e-01
1.300309e-01 -8.170000e-01
1.303105e-01 -8.160000e-01
1.305911e-01 -8.150000e-01
1.308728e-01 -8.140000e-01
1.311556e-01 -8.130000e-01
1.314395e-01 -8.120000e-01
1.317245e-01 -8.110000e-01
1.320106e-01 -8.100000e-01
1.322978e-01 -8.090000e-01
1.325862e-01 -8.080000e-01
1.328756e-01 -8.070000e-01
1.331662e-01 -8.060000e-01
1.334579e-01 -8.050000e-01
1.337508e-01 -8.040000e-01
1.340448e-01 -8.030000e-01
1.343399e-01 -8.020000e-01
1.346362e-01 -8.010000e-01
1.349337e-01 -8.000000e-01
1.352323e-01 -7.990000e-01
1.355321e-01 -7.980000e-01
1.358331e-01 -7.970000e-01
1.361353e-01 -7.960000e-01
1.364387e-01 -7.950000e-01
1.367432e-01 -7.940000e-01
1.370490e-01 -7.930000e-01
1.373560e-01 -7.920000e-01
1.376642e-01 -7.910000e-01
1.379736e-01 -7.900000e-01
1.382843e-01 -7.890000e-01
1.385962e-01 -7.880000e-01
1.389093e-01 -7.870000e-01
1.392236e-01 -7.860000e-01
1.395393e-01 -7.850000e-01
1.398561e-01 -7.840000e-01
1.401743e-01 -7.830000e-01
1.404937e-01 -7.820000e-01
1.408144e-01 -7.810000e-01
1.411363e-01 -7.800000e-01
1.414596e-01 -7.790000e-01
1.417841e-01 -7.780000e-01
1.421006e-01 -7.770000e-01
1.424157e-01 -7.760000e-01
1.427321e-01 -7.750000e-01
1.430498e-01 -7.740000e-01
1.433688e-01 -7.730000e-01
1.436891e-01 -7.720000e-01
1.440107e-01 -7.710000e-01
1.443336e-01 -7.700000e-01
1.446579e-01 -7.690000e-01
1.449834e-01 -7.680000e-01
1.453102e-01 -7.670000e-01
1.456383e-01 -7.660000e-01
1.459678e-01 -7.650000e-01
1.462985e-01 -7.640000e-01
1.466306e-01 -7.630000e-01
1.469640e-01 -7.620000e-01
1.472986e-01 -7.610000e-01
1.476346e-01 -7.600000e-01
1.479719e-01 -7.590000e-01
1.483105e-01 -7.580000e-01
1.486504e-01 -7.570000e-01
1.489916e-01 -7.560000e-01
1.493342e-01 -7.550000e-01
1.496780e-01 -7.540000e-01
1.500232e-01 -7.530000e-01
1.503696e-01 -7.520000e-01
1.507174e-01 -7.510000e-01
1.510665e-01 -7.500000e-01
1.514170e-01 -7.490000e-01
1.517687e-01 -7.480000e-01
1.521218e-01 -7.470000e-01
1.524761e-01 -7.460000e-01
1.528318e-01 -7.450000e-01
1.531888e-01 -7.440000e-01
1.535472e-01 -7.430000e-01
1.539068e-01 -7.420000e-01
1.542678e-01 -7.410000e-01
1.546301e-01 -7.400000e-01
1.549937e-01 -7.390000e-01
1.553586e-01 -7.380000e-01
1.557249e-01 -7.370000e-01
1.560925e-01 -7.360000e-01
1.564614e-01 -7.350000e-01
1.568316e-01 -7.340000e-01
1.572032e-01 -7.330000e-01
1.575761e-01 -7.320000e-01
1.579503e-01 -7.310000e-01
1.583258e-01 -7.300000e-01
1.587027e-01 -7.290000e-01
1.590809e-01 -7.280000e-01
1.594605e-01 -7.270000e-01
1.598413e-01 -7.260000e-01
1.602235e-01 -7.250000e-01
1.606070e-01 -7.240000e-01
1.609919e-01 -7.230000e-01
1.613781e-01 -7.220000e-01
1.617656e-01 -7.210000e-01
1.621545e-01 -7.200000e-01
1.625446e-01 -7.190000e-01
1.629362e-01 -7.180000e-01
1.633290e-01 -7.170000e-01
1.637232e-01 -7.160000e-01
1.641188e-01 -7.150000e-01
1.645156e-01 -7.140000e-01
1.649138e-01 -7.130000e-01
1.653134e-01 -7.120000e-01
1.657143e-01 -7.110000e-01
1.661165e-01 -7.100000e-01
1.665201e-01 -7.090000e-01
1.669250e-01 -7.080000e-01
1.673313e-01 -7.070000e-01
1.677388e-01 -7.060000e-01
1.681478e-01 -7.050000e-01
1.685581e-01 -7.040000e-01
1.689697e-01 -7.030000e-01
1.693827e-01 -7.020000e-01
1.697970e-01 -7.010000e-01
1.702127e-01 -7.000000e-01
1.706297e-01 -6.990000e-01
1.710480e-01 -6.980000e-01
1.714677e-01 -6.970000e-01
1.718888e-01 -6.960000e-01
1.723112e-01 -6.950000e-01
1.727350e-01 -6.940000e-01
1.731601e-01 -6.930000e-01
1.735865e-01 -6.920000e-01
1.740143e-01 -6.910000e-01
1.744435e-01 -6.900000e-01
1.748740e-01 -6.890000e-01
1.753059e-01 -6.880000e-01
1.757391e-01 -6.870000e-01
1.761737e-01 -6.860000e-01
1.766096e-01 -6.850000e-01
1.770469e-01 -6.840000e-01
1.774856e-01 -6.830000e-01
1.779256e-01 -6.820000e-01
1.783669e-01 -6.810000e-01
1.788096e-01 -6.800000e-01
1.792537e-01 -6.790000e-01
1.796992e-01 -6.780000e-01
1.801460e-01 -6.770000e-01
1.805941e-01 -6.760000e-01
1.810437e-01 -6.750000e-01
1.814946e-01 -6.740000e-01
1.819468e-01 -6.730000e-01
1.824004e-01 -6.720000e-01
1.828554e-01 -6.710000e-01
1.833117e-01 -6.700000e-01
1.837694e-01 -6.690000e-01
1.842285e-01 -6.680000e-01
1.846890e-01 -6.670000e-01
1.851508e-01 -6.660000e-01
1.856139e-01 -6.650000e-01
1.860785e-01 -6.640000e-01
1.865444e-01 -6.630000e-01
1.870117e-01 -6.620000e-01
1.874804e-01 -6.610000e-01
1.879504e-01 -6.600000e-01
1.884218e-01 -6.590000e-01
1.888945e-01 -6.580000e-01
1.893687e-01 -6.570000e-01
1.898442e-01 -6.560000e-01
1.903211e-01 -6.550000e-01
1.907994e-01 -6.540000e-01
1.912790e-01 -6.530000e-01
1.917600e-01 -6.520000e-01
1.922424e-01 -6.510000e-01
1.927262e-01 -6.500000e-01
1.932113e-01 -6.490000e-01
1.936979e-01 -6.480000e-01
1.941858e-01 -6.470000e-01
1.946751e-01 -6.460000e-01
1.951657e-01 -6.450000e-01
1.956578e-01 -6.440000e-01
1.961512e-01 -6.430000e-01
1.966460e-01 -6.420000e-01
1.971422e-01 -6.410000e-01
1.976398e-01 -6.400000e-01
1.981388e-01 -6.390000e-01
1.986391e-01 -6.380000e-01
1.991408e-01 -6.370000e-01
1.996440e-01 -6.360000e-01
2.001485e-01 -6.350000e-01
2.006544e-01 -6.340000e-01
2.011616e-01 -6.330000e-01
2.016703e-01 -6.320000e-01
2.021804e-01 -6.310000e-01
2.026918e-01 -6.300000e-01
2.032046e-01 -6.290000e-01
2.037189e-01 -6.280000e-01
2.042345e-01 -6.270000e-01
2.047515e-01 -6.260000e-01
2.052699e-01 -6.250000e-01
2.057897e-01 -6.240000e-01
2.063109e-01 -6.230000e-01
2.068335e-01 -6.220000e-01
2.073575e-01 -6.210000e-01
2.078829e-01 -6.200000e-01
2.084096e-01 -6.190000e-01
2.089378e-01 -6.180000e-01
2.094674e-01 -6.170000e-01
2.099983e-01 -6.160000e-01
2.105307e-01 -6.150000e-01
2.110645e-01 -6.140000e-01
2.115996e-01 -6.130000e-01
2.121362e-01 -6.120000e-01
2.126742e-01 -6.110000e-01
2.132135e-01 -6.100000e-01
2.137543e-01 -6.090000e-01
2.142965e-01 -6.080000e-01
2.148401e-01 -6.070000e-01
2.153851e-01 -6.060000e-01
2.159314e-01 -6.050000e-01
2.164792e-01 -6.040000e-01
2.170284e-01 -6.030000e-01
2.175791e-01 -6.020000e-01
2.181311e-01 -6.010000e-01
2.186845e-01 -6.000000e-01
2.192393e-01 -5.990000e-01
2.197956e-01 -5.980000e-01
2.203532e-01 -5.970000e-01
2.209123e-01 -5.960000e-01
2.214728e-01 -5.950000e-01
2.220347e-01 -5.940000e-01
2.225980e-01 -5.930000e-01
2.231627e-01 -5.920000e-01
2.237288e-01 -5.910000e-01
2.242963e-01 -5.900000e-01
2.248653e-01 -5.890000e-01
2.254357e-01 -5.880000e-01
2.260075e-01 -5.870000e-01
2.265807e-01 -5.860000e-01
2.271553e-01 -5.850000e-01
2.277313e-01 -5.840000e-01
2.283088e-01 -5.830000e-01
2.288877e-01 -5.820000e-01
2.294680e-01 -5.810000e-01
2.300497e-01 -5.800000e-01
2.306328e-01 -5.790000e-01
2.312174e-01 -5.780000e-01
2.318034e-01 -5.770000e-01
2.323908e-01 -5.760000e-01
2.329796e-01 -5.750000e-01
2.335699e-01 -5.740000e-01
2.341616e-01 -5.730000e-01
2.347547e-01 -5.720000e-01
2.353492e-01 -5.710000e-01
2.359452e-01 -5.700000e-01
2.365425e-01 -5.690000e-01
2.371414e-01 -5.680000e-01
2.377416e-01 -5.670000e-01
2.383433e-01 -5.660000e-01
2.389464e-01 -5.650000e-01
2.395509e-01 -5.640000e-01
2.401569e-01 -5.630000e-01
2.407643e-01 -5.620000e-01
2.413731e-01 -5.610000e-01
2.419834e-01 -5.600000e-01
2.425951e-01 -5.590000e-01
2.432082e-01 -5.580000e-01
2.438228e-01 -5.570000e-01
2.444388e-01 -5.560000e-01
2.450562e-01 -5.550000e-01
2.456751e-01 -5.540000e-01
2.462955e-01 -5.530000e-01
2.469173e-01 -5.520000e-01
2.475408e-01 -5.510000e-01
2.481658e-01 -5.500000e-01
2.487924e-01 -5.490000e-01
2.494207e-01 -5.480000e-01
2.500506e-01 -5.470000e-01
2.506822e-01 -5.460000e-01
2.513156e-01 -5.450000e-01
2.519507e-01 -5.440000e-01
2.525876e-01 -5.430000e-01
2.532264e-01 -5.420000e-01
2.538669e-01 -5.410000e-01
2.545094e-01 -5.400000e-01
2.551538e-01 -5.390000e-01
2.558001e-01 -5.380000e-01
2.564484e-01 -5.370000e-01
2.570988e-01 -5.360000e-01
2.577511e-01 -5.350000e-01
2.584055e-01 -5.340000e-01
2.590621e-01 -5.330000e-01
2.597207e-01 -5.320000e-01
2.603815e-01 -5.310000e-01
2.610446e-01 -5.300000e-01
2.617098e-01 -5.290000e-01
2.623773e-01 -5.280000e-01
2.630471e-01 -5.270000e-01
2.637191e-01 -5.260000e-01
2.643936e-01 -5.250000e-01
2.650704e-01 -5.240000e-01
2.657496e-01 -5.230000e-01
2.664313e-01 -5.220000e-01
2.671154e-01 -5.210000e-01
2.678020e-01 -5.200000e-01
2.684912e-01 -5.190000e-01
2.691829e-01 -5.180000e-01
2.698772e-01 -5.170000e-01
2.705742e-01 -5.160000e-01
2.712738e-01 -5.150000e-01
2.719760e-01 -5.140000e-01
2.726810e-01 -5.130000e-01
2.733888e-01 -5.120000e-01
2.740993e-01 -5.110000e-01
2.748126e-01 -5.100000e-01
2.755288e-01 -5.090000e-01
2.762478e-01 -5.080000e-01
2.769697e-01 -5.070000e-01
2.776946e-01 -5.060000e-01
2.784224e-01 -5.050000e-01
2.791533e-01 -5.040000e-01
2.798871e-01 -5.030000e-01
2.806240e-01 -5.020000e-01
2.813640e-01 -5.010000e-01
2.821071e-01 -5.000000e-01
2.828533e-01 -4.990000e-01
2.836028e-01 -4.980000e-01
2.843554e-01 -4.970000e-01
2.851113e-01 -4.960000e-01
2.858704e-01 -4.950000e-01
2.866329e-01 -4.940000e-01
2.873986e-01 -4.930000e-01
2.881678e-01 -4.920000e-01
2.889403e-01 -4.910000e-01
2.897163e-01 -4.900000e-01
2.904957e-01 -4.890000e-01
2.912786e-01 -4.880000e-01
2.920650e-01 -4.870000e-01
2.928550e-01 -4.860000e-01
2.936485e-01 -4.850000e-01
2.944456e-01 -4.840000e-01
2.952464e-01 -4.830000e-01
2.960509e-01 -4.820000e-01
2.968590e-01 -4.810000e-01
2.976709e-01 -4.800000e-01
2.984866e-01 -4.790000e-01
2.993060e-01 -4.780000e-01
3.001293e-01 -4.770000e-01
3.009564e-01 -4.760000e-01
3.017874e-01 -4.750000e-01
3.026224e-01 -4.740000e-01
3.034613e-01 -4.730000e-01
3.043041e-01 -4.720000e-01
3.051510e-01 -4.710000e-01
3.060019e-01 -4.700000e-01
3.068569e-01 -4.690000e-01
3.077159e-01 -4.680000e-01
3.085791e-01 -4.670000e-01
3.094465e-01 -4.660000e-01
3.103181e-01 -4.650000e-01
3.111939e-01 -4.640000e-01
3.120739e-01 -4.630000e-01
3.129582e-01 -4.620000e-01
3.138469e-01 -4.610000e-01
3.147399e-01 -4.600000e-01
3.156373e-01 -4.590000e-01
3.165390e-01 -4.580000e-01
3.174453e-01 -4.570000e-01
3.183560e-01 -4.560000e-01
3.192712e-01 -4.550000e-01
3.201909e-01 -4.540000e-01
3.211152e-01 -4.530000e-01
3.220441e-01 -4.520000e-01
3.229776e-01 -4.510000e-01
3.239157e-01 -4.500000e-01
3.248586e-01 -4.490000e-01
3.258062e-01 -4.480000e-01
3.267585e-01 -4.470000e-01
3.277156e-01 -4.460000e-01
3.286775e-01 -4.450000e-01
3.296442e-01 -4.440000e-01
3.306158e-01 -4.430000e-01
3.315924e-01 -4.420000e-01
3.325738e-01 -4.410000e-01
3.335602e-01 -4.400000e-01
3.345516e-01 -4.390000e-01
3.355481e-01 -4.380000e-01
3.365496e-01 -4.370000e-01
3.375562e-01 -4.360000e-01
3.385679e-01 -4.350000e-01
3.395847e-01 -4.340000e-01
3.406067e-01 -4.330000e-01
3.416340e-01 -4.320000e-01
3.426664e-01 -4.310000e-01
3.437042e-01 -4.300000e-01
3.447472e-01 -4.290000e-01
3.457956e-01 -4.280000e-01
3.468493e-01 -4.270000e-01
3.479085e-01 -4.260000e-01
3.489731e-01 -4.250000e-01
3.500431e-01 -4.240000e-01
3.511186e-01 -4.230000e-01
3.521996e-01 -4.220000e-01
3.532862e-01 -4.210000e-01
3.543783e-01 -4.200000e-01
3.554761e-01 -4.190000e-01
3.565795e-01 -4.180000e-01
3.576886e-01 -4.170000e-01
3.588034e-01 -4.160000e-01
3.599239e-01 -4.150000e-01
3.610502e-01 -4.140000e-01
3.621822e-01 -4.130000e-01
3.633201e-01 -4.120000e-01
3.644639e-01 -4.110000e-01
3.656135e-01 -4.100000e-01
3.667691e-01 -4.090000e-01
3.679306e-01 -4.080000e-01
3.690981e-01 -4.070000e-01
3.702716e-01 -4.060000e-01
3.714511e-01 -4.050000e-01
3.726367e-01 -4.040000e-01
3.738284e-01 -4.030000e-01
3.750263e-01 -4.020000e-01
3.762303e-01 -4.010000e-01
3.774405e-01 -4.000000e-01
3.786569e-01 -3.990000e-01
3.798796e-01 -3.980000e-01
3.811086e-01 -3.970000e-01
3.823439e-01 -3.960000e-01
3.835856e-01 -3.950000e-01
3.848336e-01 -3.940000e-01
3.860880e-01 -3.930000e-01
3.873489e-01 -3.920000e-01
3.886162e-01 -3.910000e-01
3.898901e-01 -3.900000e-01
3.911705e-01 -3.890000e-01
3.924574e-01 -3.880000e-01
3.937510e-01 -3.870000e-01
3.950511e-01 -3.860000e-01
3.963580e-01 -3.850000e-01
3.976715e-01 -3.840000e-01
3.989917e-01 -3.830000e-01
4.003187e-01 -3.820000e-01
4.016525e-01 -3.810000e-01
4.029931e-01 -3.800000e-01
4.043405e-01 -3.790000e-01
4.056948e-01 -3.780000e-01
4.070560e-01 -3.770000e-01
4.084241e-01 -3.760000e-01
4.097992e-01 -3.750000e-01
4.111813e-01 -3.740000e-01
4.125704e-01 -3.730000e-01
4.139666e-01 -3.720000e-01
4.153698e-01 -3.710000e-01
4.167802e-01 -3.700000e-01
4.181977e-01 -3.690000e-01
4.196225e-01 -3.680000e-01
4.210544e-01 -3.670000e-01
4.224935e-01 -3.660000e-01
4.239400e-01 -3.650000e-01
4.253937e-01 -3.640000e-01
4.268548e-01 -3.630000e-01
4.283232e-01 -3.620000e-01
4.297991e-01 -3.610000e-01
4.312823e-01 -3.600000e-01
4.327731e-01 -3.590000e-01
4.342713e-01 -3.580000e-01
4.357770e-01 -3.570000e-01
4.372903e-01 -3.560000e-01
4.388111e-01 -3.550000e-01
4.403396e-01 -3.540000e-01
4.418757e-01 -3.530000e-01
4.434195e-01 -3.520000e-01
4.449710e-01 -3.510000e-01
4.465302e-01 -3.500000e-01
4.480972e-01 -3.490000e-01
4.496720e-01 -3.480000e-01
4.512546e-01 -3.470000e-01
4.528451e-01 -3.460000e-01
4.544434e-01 -3.450000e-01
4.560497e-01 -3.440000e-01
4.576639e-01 -3.430000e-01
4.592862e-01 -3.420000e-01
4.609164e-01 -3.410000e-01
4.625546e-01 -3.400000e-01
4.642010e-01 -3.390000e-01
4.658554e-01 -3.380000e-01
4.675180e-01 -3.370000e-01
4.691887e-01 -3.360000e-01
4.708677e-01 -3.350000e-01
4.725548e-01 -3.340000e-01
4.742503e-01 -3.330000e-01
4.759539e-01 -3.320000e-01
4.776658e-01 -3.310000e-01
4.793857e-01 -3.300000e-01
4.811135e-01 -3.290000e-01
4.828493e-01 -3.280000e-01
4.845928e-01 -3.270000e-01
4.863441e-01 -3.260000e-01
4.881030e-01 -3.250000e-01
4.898694e-01 -3.240000e-01
4.916432e-01 -3.230000e-01
4.934244e-01 -3.220000e-01
4.952129e-01 -3.210000e-01
4.970085e-01 -3.200000e-01
4.988112e-01 -3.190000e-01
5.006208e-01 -3.180000e-01
5.024374e-01 -3.170000e-01
5.042608e-01 -3.160000e-01
5.060909e-01 -3.150000e-01
5.079276e-01 -3.140000e-01
5.097708e-01 -3.130000e-01
5.116205e-01 -3.120000e-01
5.134766e-01 -3.110000e-01
5.153389e-01 -3.100000e-01
5.172073e-01 -3.090000e-01
5.190819e-01 -3.080000e-01
5.209624e-01 -3.070000e-01
5.228489e-01 -3.060000e-01
5.247412e-01 -3.050000e-01
5.266392e-01 -3.040000e-01
5.285428e-01 -3.030000e-01
5.304519e-01 -3.020000e-01
5.323666e-01 -3.010000e-01
5.342865e-01 -3.000000e-01
5.362118e-01 -2.990000e-01
5.381422e-01 -2.980000e-01
5.400777e-01 -2.970000e-01
5.420182e-01 -2.960000e-01
5.439636e-01 -2.950000e-01
5.459139e-01 -2.940000e-01
5.478689e-01 -2.930000e-01
5.498285e-01 -2.920000e-01
5.517926e-01 -2.910000e-01
5.537613e-01 -2.900000e-01
5.557342e-01 -2.890000e-01
5.577115e-01 -2.880000e-01
5.596930e-01 -2.870000e-01
5.616785e-01 -2.860000e-01
5.636681e-01 -2.850000e-01
5.656615e-01 -2.840000e-01
5.676588e-01 -2.830000e-01
5.696599e-01 -2.820000e-01
5.716646e-01 -2.810000e-01
5.736728e-01 -2.800000e-01
5.756845e-01 -2.790000e-01
5.776996e-01 -2.780000e-01
5.797179e-01 -2.770000e-01
5.817395e-01 -2.760000e-01
5.837642e-01 -2.750000e-01
5.857919e-01 -2.740000e-01
5.878225e-01 -2.730000e-01
5.898559e-01 -2.720000e-01
5.918921e-01 -2.710000e-01
5.939309e-01 -2.700000e-01
5.959723e-01 -2.690000e-01
5.980162e-01 -2.680000e-01
6.000624e-01 -2.670000e-01
6.021110e-01 -2.660000e-01
6.041617e-01 -2.650000e-01
6.062146e-01 -2.640000e-01
6.082695e-01 -2.630000e-01
6.103263e-01 -2.620000e-01
6.123849e-01 -2.610000e-01
6.144454e-01 -2.600000e-01
6.165074e-01 -2.590000e-01
6.185711e-01 -2.580000e-01
6.206362e-01 -2.570000e-01
6.227027e-01 -2.560000e-01
6.247705e-01 -2.550000e-01
6.268395e-01 -2.540000e-01
6.289097e-01 -2.530000e-01
6.309808e-01 -2.520000e-01
6.330529e-01 -2.510000e-01
6.351259e-01 -2.500000e-01
6.371996e-01 -2.490000e-01
6.392740e-01 -2.480000e-01
6.413489e-01 -2.470000e-01
6.434244e-01 -2.460000e-01
6.455002e-01 -2.450000e-01
6.475764e-01 -2.440000e-01
6.496527e-01 -2.430000e-01
6.517292e-01 -2.420000e-01
6.538058e-01 -2.410000e-01
6.558822e-01 -2.400000e-01
6.579586e-01 -2.390000e-01
6.600347e-01 -2.380000e-01
6.621105e-01 -2.370000e-01
6.641858e-01 -2.360000e-01
6.662607e-01 -2.350000e-01
6.683349e-01 -2.340000e-01
6.704085e-01 -2.330000e-01
6.724813e-01 -2.320000e-01
6.745532e-01 -2.310000e-01
6.766242e-01 -2.300000e-01
6.786941e-01 -2.290000e-01
6.807629e-01 -2.280000e-01
6.828305e-01 -2.270000e-01
6.848968e-01 -2.260000e-01
6.869616e-01 -2.250000e-01
6.890249e-01 -2.240000e-01
6.910867e-01 -2.230000e-01
6.931468e-01 -2.220000e-01
6.952051e-01 -2.210000e-01
6.972615e-01 -2.200000e-01
6.993160e-01 -2.190000e-01
7.013685e-01 -2.180000e-01
7.034188e-01 -2.170000e-01
7.054670e-01 -2.160000e-01
7.075128e-01 -2.150000e-01
7.095562e-01 -2.140000e-01
7.115971e-01 -2.130000e-01
7.136354e-01 -2.120000e-01
7.156711e-01 -2.110000e-01
7.177040e-01 -2.100000e-01
7.197340e-01 -2.090000e-01
7.217611e-01 -2.080000e-01
7.237852e-01 -2.070000e-01
7.258062e-01 -2.060000e-01
7.278239e-01 -2.050000e-01
7.298384e-01 -2.040000e-01
7.318494e-01 -2.030000e-01
7.338570e-01 -2.020000e-01
7.358610e-01 -2.010000e-01
7.378613e-01 -2.000000e-01
7.398579e-01 -1.990000e-01
7.418506e-01 -1.980000e-01
7.438394e-01 -1.970000e-01
7.458242e-01 -1.960000e-01
7.478048e-01 -1.950000e-01
7.497813e-01 -1.940000e-01
7.517534e-01 -1.930000e-01
7.537212e-01 -1.920000e-01
7.556845e-01 -1.910000e-01
7.576432e-01 -1.900000e-01
7.595973e-01 -1.890000e-01
7.615466e-01 -1.880000e-01
7.634911e-01 -1.870000e-01
7.654307e-01 -1.860000e-01
7.673652e-01 -1.850000e-01
7.692947e-01 -1.840000e-01
7.712189e-01 -1.830000e-01
7.731379e-01 -1.820000e-01
7.750515e-01 -1.810000e-01
7.769596e-01 -1.800000e-01
7.788621e-01 -1.790000e-01
7.807590e-01 -1.780000e-01
7.826502e-01 -1.770000e-01
7.845355e-01 -1.760000e-01
7.864149e-01 -1.750000e-01
7.882883e-01 -1.740000e-01
7.901556e-01 -1.730000e-01
7.920167e-01 -1.720000e-01
7.938716e-01 -1.710000e-01
7.957200e-01 -1.700000e-01
7.975620e-01 -1.690000e-01
7.993975e-01 -1.680000e-01
8.012263e-01 -1.670000e-01
8.030484e-01 -1.660000e-01
8.048636e-01 -1.650000e-01
8.066720e-01 -1.640000e-01
8.084733e-01 -1.630000e-01
8.102676e-01 -1.620000e-01
8.120546e-01 -1.610000e-01
8.138344e-01 -1.600000e-01
8.156068e-01 -1.590000e-01
8.173718e-01 -1.580000e-01
8.191292e-01 -1.570000e-01
8.208790e-01 -1.560000e-01
8.226211e-01 -1.550000e-01
8.243554e-01 -1.540000e-01
8.260817e-01 -1.530000e-01
8.278001e-01 -1.520000e-01
8.295103e-01 -1.510000e-01
8.312124e-01 -1.500000e-01
8.329063e-01 -1.490000e-01
8.345917e-01 -1.480000e-01
8.362688e-01 -1.470000e-01
8.379373e-01 -1.460000e-01
8.395971e-01 -1.450000e-01
8.412483e-01 -1.440000e-01
8.428906e-01 -1.430000e-01
8.445240e-01 -1.420000e-01
8.461485e-01 -1.410000e-01
8.477639e-01 -1.400000e-01
8.493701e-01 -1.390000e-01
8.509670e-01 -1.380000e-01
8.525546e-01 -1.370000e-01
8.541328e-01 -1.360000e-01
8.557014e-01 -1.350000e-01
8.572604e-01 -1.340000e-01
8.588097e-01 -1.330000e-01
8.603492e-01 -1.320000e-01
8.618789e-01 -1.310000e-01
8.633985e-01 -1.300000e-01
8.649080e-01 -1.290000e-01
8.664074e-01 -1.280000e-01
8.678966e-01 -1.270000e-01
8.693754e-01 -1.260000e-01
8.708438e-01 -1.250000e-01
8.723016e-01 -1.240000e-01
8.737489e-01 -1.230000e-01
8.751854e-01 -1.220000e-01
8.766112e-01 -1.210000e-01
8.780260e-01 -1.200000e-01
8.794299e-01 -1.190000e-01
8.808227e-01 -1.180000e-01
8.822044e-01 -1.170000e-01
8.835748e-01 -1.160000e-01
8.849339e-01 -1.150000e-01
8.862816e-01 -1.140000e-01
8.876178e-01 -1.130000e-01
8.889423e-01 -1.120000e-01
8.902552e-01 -1.110000e-01
8.915563e-01 -1.100000e-01
8.928456e-01 -1.090000e-01
8.941231e-01 -1.080000e-01
8.953889e-01 -1.070000e-01
8.966429e-01 -1.060000e-01
8.978851e-01 -1.050000e-01
8.991155e-01 -1.040000e-01
9.003342e-01 -1.030000e-01
9.015411e-01 -1.020000e-01
9.027362e-01 -1.010000e-01
9.039196e-01 -1.000000e-01
9.050911e-01 -9.900000e-02
9.062509e-01 -9.800000e-02
9.073989e-01 -9.700000e-02
9.085352e-01 -9.600000e-02
9.096596e-01 -9.500000e-02
9.107723e-01 -9.400000e-02
9.118732e-01 -9.300000e-02
9.129624e-01 -9.200000e-02
9.140397e-01 -9.100000e-02
9.151053e-01 -9.000000e-02
9.161591e-01 -8.900000e-02
9.172012e-01 -8.800000e-02
9.182314e-01 -8.700000e-02
9.192499e-01 -8.600000e-02
9.202566e-01 -8.500000e-02
9.212516e-01 -8.400000e-02
9.222347e-01 -8.300000e-02
9.232061e-01 -8.200000e-02
9.241657e-01 -8.100000e-02
9.251136e-01 -8.000000e-02
9.260496e-01 -7.900000e-02
9.269739e-01 -7.800000e-02
9.278864e-01 -7.700000e-02
9.287872e-01 -7.600000e-02
9.296761e-01 -7.500000e-02
9.305533e-01 -7.400000e-02
9.314187e-01 -7.300000e-02
9.322724e-01 -7.200000e-02
9.331142e-01 -7.100000e-02
9.339443e-01 -7.000000e-02
9.347626e-01 -6.900000e-02
9.355692e-01 -6.800000e-02
9.363639e-01 -6.700000e-02
9.371469e-01 -6.600000e-02
9.379181e-01 -6.500000e-02
9.386776e-01 -6.400000e-02
9.394252e-01 -6.300000e-02
9.401611e-01 -6.200000e-02
9.408852e-01 -6.100000e-02
9.415976e-01 -6.000000e-02
9.422982e-01 -5.900000e-02
9.429869e-01 -5.800000e-02
9.436640e-01 -5.700000e-02
9.443292e-01 -5.600000e-02
9.449827e-01 -5.500000e-02
9.456244e-01 -5.400000e-02
9.462543e-01 -5.300000e-02
9.468724e-01 -5.200000e-02
9.474788e-01 -5.100000e-02
9.480734e-01 -5.000000e-02
9.486562e-01 -4.900000e-02
9.492272e-01 -4.800000e-02
9.497865e-01 -4.700000e-02
9.503340e-01 -4.600000e-02
9.508697e-01 -4.500000e-02
9.513937e-01 -4.400000e-02
9.519058e-01 -4.300000e-02
9.524062e-01 -4.200000e-02
9.528948e-01 -4.100000e-02
9.533717e-01 -4.000000e-02
9.538367e-01 -3.900000e-02
9.542900e-01 -3.800000e-02
9.547316e-01 -3.700000e-02
9.551613e-01 -3.600000e-02
9.555793e-01 -3.500000e-02
9.559855e-01 -3.400000e-02
9.563799e-01 -3.300000e-02
9.567626e-01 -3.200000e-02
9.571334e-01 -3.100000e-02
9.574925e-01 -3.000000e-02
9.578398e-01 -2.900000e-02
9.581754e-01 -2.800000e-02
9.584992e-01 -2.700000e-02
9.588112e-01 -2.600000e-02
9.591114e-01 -2.500000e-02
9.593999e-01 -2.400000e-02
9.596765e-01 -2.300000e-02
9.599414e-01 -2.200000e-02
9.601946e-01 -2.100000e-02
9.604359e-01 -2.000000e-02
9.606655e-01 -1.900000e-02
9.608833e-01 -1.800000e-02
9.610893e-01 -1.700000e-02
9.612836e-01 -1.600000e-02
9.614661e-01 -1.500000e-02
9.616368e-01 -1.400000e-02
9.617957e-01 -1.300000e-02
9.619429e-01 -1.200000e-02
9.620783e-01 -1.100000e-02
9.622019e-01 -1.000000e-02
9.623137e-01 -9.000000e-03
9.624138e-01 -8.000000e-03
9.625021e-01 -7.000000e-03
9.625786e-01 -6.000000e-03
9.626433e-01 -5.000000e-03
9.626963e-01 -4.000000e-03
9.627375e-01 -3.000000e-03
9.627669e-01 -2.000000e-03
9.627845e-01 -1.000000e-03
9.627904e-01 8.812395e-16
9.627845e-01 1.000000e-03
9.627668e-01 2.000000e-03
9.627373e-01 3.000000e-03
9.626961e-01 4.000000e-03
9.626431e-01 5.000000e-03
9.625783e-01 6.000000e-03
9.625018e-01 7.000000e-03
9.624135e-01 8.000000e-03
9.623134e-01 9.000000e-03
9.622015e-01 1.000000e-02
9.620778e-01 1.100000e-02
9.619424e-01 1.200000e-02
9.617952e-01 1.300000e-02
9.616362e-01 1.400000e-02
9.614655e-01 1.500000e-02
9.612830e-01 1.600000e-02
9.610887e-01 1.700000e-02
9.608826e-01 1.800000e-02
9.606648e-01 1.900000e-02
9.604352e-01 2.000000e-02
9.601938e-01 2.100000e-02
9.599406e-01 2.200000e-02
9.596757e-01 2.300000e-02
9.593990e-01 2.400000e-02
9.591105e-01 2.500000e-02
9.588102e-01 2.600000e-02
9.584982e-01 2.700000e-02
9.581744e-01 2.800000e-02
9.578388e-01 2.900000e-02
9.574914e-01 3.000000e-02
9.571323e-01 3.100000e-02
9.567614e-01 3.200000e-02
9.563787e-01 3.300000e-02
9.559843e-01 3.400000e-02
9.555780e-01 3.500000e-02
9.551600e-01 3.600000e-02
9.547303e-01 3.700000e-02
9.542887e-01 3.800000e-02
9.538354e-01 3.900000e-02
9.533703e-01 4.000000e-02
9.528934e-01 4.100000e-02
9.524048e-01 4.200000e-02
9.519044e-01 4.300000e-02
9.513922e-01 4.400000e-02
9.508682e-01 4.500000e-02
9.503325e-01 4.600000e-02
9.497850e-01 4.700000e-02
9.492257e-01 4.800000e-02
9.486546e-01 4.900000e-02
9.480718e-01 5.000000e-02
9.474772e-01 5.100000e-02
9.468708e-01 5.200000e-02
9.462527e-01 5.300000e-02
9.456227e-01 5.400000e-02
9.449810e-01 5.500000e-02
9.443276e-01 5.600000e-02
9.436623e-01 5.700000e-02
9.429853e-01 5.800000e-02
9.422965e-01 5.900000e-02
9.415959e-01 6.000000e-02
9.408836e-01 6.100000e-02
9.401595e-01 6.200000e-02
9.394236e-01 6.300000e-02
9.386759e-01 6.400000e-02
9.379165e-01 6.500000e-02
9.371453e-01 6.600000e-02
9.363623e-01 6.700000e-02
9.355675e-01 6.800000e-02
9.347610e-01 6.900000e-02
9.339427e-01 7.000000e-02
9.331126e-01 7.100000e-02
9.322707e-01 7.200000e-02
9.314171e-01 7.300000e-02
9.305517e-01 7.400000e-02
9.296745e-01 7.500000e-02
9.287856e-01 7.600000e-02
9.278849e-01 7.700000e-02
9.269724e-01 7.800000e-02
9.260481e-01 7.900000e-02
9.251121e-01 8.000000e-02
9.241642e-01 8.100000e-02
9.232047e-01 8.200000e-02
9.222333e-01 8.300000e-02
9.212502e-01 8.400000e-02
9.202553e-01 8.500000e-02
9.192486e-01 8.600000e-02
9.182301e-01 8.700000e-02
9.171999e-01 8.800000e-02
9.161579e-01 8.900000e-02
9.151041e-01 9.000000e-02
9.140386e-01 9.100000e-02
9.129612e-01 9.200000e-02
9.118721e-01 9.300000e-02
9.107713e-01 9.400000e-02
9.096586e-01 9.500000e-02
9.085342e-01 9.600000e-02
9.073980e-01 9.700000e-02
9.062501e-01 9.800000e-02
9.050903e-01 9.900000e-02
9.039188e-01 1.000000e-01
9.027355e-01 1.010000e-01
9.015405e-01 1.020000e-01
9.003336e-01 1.030000e-01
8.991150e-01 1.040000e-01
8.978847e-01 1.050000e-01
8.966425e-01 1.060000e-01
8.953886e-01 1.070000e-01
8.941229e-01 1.080000e-01
8.928454e-01 1.090000e-01
8.915562e-01 1.100000e-01
8.902552e-01 1.110000e-01
8.889424e-01 1.120000e-01
8.876179e-01 1.130000e-01
8.862819e-01 1.140000e-01
8.849343e-01 1.150000e-01
8.835753e-01 1.160000e-01
8.822049e-01 1.170000e-01
8.808233e-01 1.180000e-01
8.794306e-01 1.190000e-01
8.780268e-01 1.200000e-01
8.766120e-01 1.210000e-01
8.751864e-01 1.220000e-01
8.737500e-01 1.230000e-01
8.723028e-01 1.240000e-01
8.708451e-01 1.250000e-01
8.693768e-01 1.260000e-01
8.678981e-01 1.270000e-01
8.664090e-01 1.280000e-01
8.649098e-01 1.290000e-01
8.634003e-01 1.300000e-01
8.618808e-01 1.310000e-01
8.603513e-01 1.320000e-01
8.588119e-01 1.330000e-01
8.572627e-01 1.340000e-01
8.557038e-01 1.350000e-01
8.541353e-01 1.360000e-01
8.525573e-01 1.370000e-01
8.509698e-01 1.380000e-01
8.493730e-01 1.390000e-01
8.477669e-01 1.400000e-01
8.461516e-01 1.410000e-01
8.445273e-01 1.420000e-01
8.428940e-01 1.430000e-01
8.412518e-01 1.440000e-01
8.396008e-01 1.450000e-01
8.379410e-01 1.460000e-01
8.362727e-01 1.470000e-01
8.345958e-01 1.480000e-01
8.329104e-01 1.490000e-01
8.312167e-01 1.500000e-01
8.295148e-01 1.510000e-01
8.278046e-01 1.520000e-01
8.260864e-01 1.530000e-01
8.243602e-01 1.540000e-01
8.226261e-01 1.550000e-01
8.208841e-01 1.560000e-01
8.191345e-01 1.570000e-01
8.173772e-01 1.580000e-01
8.156123e-01 1.590000e-01
8.138400e-01 1.600000e-01
8.120604e-01 1.610000e-01
8.102735e-01 1.620000e-01
8.084794e-01 1.630000e-01
8.066781e-01 1.640000e-01
8.048699e-01 1.650000e-01
8.030548e-01 1.660000e-01
8.012329e-01 1.670000e-01
7.994042e-01 1.680000e-01
7.975689e-01 1.690000e-01
7.957270e-01 1.700000e-01
7.938787e-01 1.710000e-01
7.920240e-01 1.720000e-01
7.901631e-01 1.730000e-01
7.882959e-01 1.740000e-01
7.864226e-01 1.750000e-01
7.845433e-01 1.760000e-01
7.826581e-01 1.770000e-01
7.807671e-01 1.780000e-01
7.788704e-01 1.790000e-01
7.769679e-01 1.800000e-01
7.750600e-01 1.810000e-01
7.731465e-01 1.820000e-01
7.712277e-01 1.830000e-01
7.693036e-01 1.840000e-01
7.673743e-01 1.850000e-01
7.654399e-01 1.860000e-01
7.635004e-01 1.870000e-01
7.615561e-01 1.880000e-01
7.596069e-01 1.890000e-01
7.576529e-01 1.900000e-01
7.556943e-01 1.910000e-01
7.537311e-01 1.920000e-01
7.517635e-01 1.930000e-01
7.497915e-01 1.940000e-01
7.478151e-01 1.950000e-01
7.458346e-01 1.960000e-01
7.438499e-01 1.970000e-01
7.418613e-01 1.980000e-01
7.398687e-01 1.990000e-01
7.378722e-01 2.000000e-01
7.358720e-01 2.010000e-01
7.338681e-01 2.020000e-01
7.318607e-01 2.030000e-01
7.298497e-01 2.040000e-01
7.278354e-01 2.050000e-01
7.258178e-01 2.060000e-01
7.237969e-01 2.070000e-01
7.217729e-01 2.080000e-01
7.197459e-01 2.090000e-01
7.177160e-01 2.100000e-01
7.156832e-01 2.110000e-01
7.136476e-01 2.120000e-01
7.116094e-01 2.130000e-01
7.095686e-01 2.140000e-01
7.075252e-01 2.150000e-01
7.054795e-01 2.160000e-01
7.034315e-01 2.170000e-01
7.013813e-01 2.180000e-01
6.993289e-01 2.190000e-01
6.972745e-01 2.200000e-01
6.952181e-01 2.210000e-01
6.931599e-01 2.220000e-01
6.910999e-01 2.230000e-01
6.890382e-01 2.240000e-01
6.869749e-01 2.250000e-01
6.849101e-01 2.260000e-01
6.828440e-01 2.270000e-01
6.807765e-01 2.280000e-01
6.787077e-01 2.290000e-01
6.766379e-01 2.300000e-01
6.745669e-01 2.310000e-01
6.724951e-01 2.320000e-01
6.704223e-01 2.330000e-01
6.683488e-01 2.340000e-01
6.662746e-01 2.350000e-01
6.641998e-01 2.360000e-01
6.621245e-01 2.370000e-01
6.600487e-01 2.380000e-01
6.579727e-01 2.390000e-01
6.558964e-01 2.400000e-01
6.538199e-01 2.410000e-01
6.517434e-01 2.420000e-01
6.496670e-01 2.430000e-01
6.475906e-01 2.440000e-01
6.455145e-01 2.450000e-01
6.434387e-01 2.460000e-01
6.413632e-01 2.470000e-01
6.392883e-01 2.480000e-01
6.372139e-01 2.490000e-01
6.351402e-01 2.500000e-01
6.330673e-01 2.510000e-01
6.309951e-01 2.520000e-01
6.289240e-01 2.530000e-01
6.268538e-01 2.540000e-01
6.247848e-01 2.550000e-01
6.227170e-01 2.560000e-01
6.206505e-01 2.570000e-01
6.185853e-01 2.580000e-01
6.165217e-01 2.590000e-01
6.144596e-01 2.600000e-01
6.123991e-01 2.610000e-01
6.103404e-01 2.620000e-01
6.082836e-01 2.630000e-01
6.062287e-01 2.640000e-01
6.041758e-01 2.650000e-01
6.021250e-01 2.660000e-01
6.000764e-01 2.670000e-01
5.980300e-01 2.680000e-01
5.959861e-01 2.690000e-01
5.939446e-01 2.700000e-01
5.919057e-01 2.710000e-01
5.898695e-01 2.720000e-01
5.878360e-01 2.730000e-01
5.858053e-01 2.740000e-01
5.837775e-01 2.750000e-01
5.817528e-01 2.760000e-01
5.797311e-01 2.770000e-01
5.777127e-01 2.780000e-01
5.756975e-01 2.790000e-01
5.736857e-01 2.800000e-01
5.716773e-01 2.810000e-01
5.696725e-01 2.820000e-01
5.676714e-01 2.830000e-01
5.656739e-01 2.840000e-01
5.636803e-01 2.850000e-01
5.616907e-01 2.860000e-01
5.597050e-01 2.870000e-01
5.577234e-01 2.880000e-01
5.557460e-01 2.890000e-01
5.537728e-01 2.900000e-01
5.518041e-01 2.910000e-01
5.498397e-01 2.920000e-01
5.478800e-01 2.930000e-01
5.459248e-01 2.940000e-01
5.439744e-01 2.950000e-01
5.420288e-01 2.960000e-01
5.400881e-01 2.970000e-01
5.381524e-01 2.980000e-01
5.362218e-01 2.990000e-01
5.342963e-01 3.000000e-01
5.323761e-01 3.010000e-01
5.304613e-01 3.020000e-01
5.285519e-01 3.030000e-01
5.266481e-01 3.040000e-01
5.247499e-01 3.050000e-01
5.228574e-01 3.060000e-01
5.209707e-01 3.070000e-01
5.190899e-01 3.080000e-01
5.172151e-01 3.090000e-01
5.153464e-01 3.100000e-01
5.134838e-01 3.110000e-01
5.116275e-01 3.120000e-01
5.097776e-01 3.130000e-01
5.079340e-01 3.140000e-01
5.060970e-01 3.150000e-01
5.042667e-01 3.160000e-01
5.024430e-01 3.170000e-01
5.006261e-01 3.180000e-01
4.988162e-01 3.190000e-01
4.970132e-01 3.200000e-01
4.952172e-01 3.210000e-01
4.934285e-01 3.220000e-01
4.916470e-01 3.230000e-01
4.898728e-01 3.240000e-01
4.881060e-01 3.250000e-01
4.863468e-01 3.260000e-01
4.845952e-01 3.270000e-01
4.828513e-01 3.280000e-01
4.811152e-01 3.290000e-01
4.793869e-01 3.300000e-01
4.776667e-01 3.310000e-01
4.759545e-01 3.320000e-01
4.742504e-01 3.330000e-01
4.725546e-01 3.340000e-01
4.708670e-01 3.350000e-01
4.691877e-01 3.360000e-01
4.675165e-01 3.370000e-01
4.658535e-01 3.380000e-01
4.641987e-01 3.390000e-01
4.625519e-01 3.400000e-01
4.609132e-01 3.410000e-01
4.592825e-01 3.420000e-01
4.576599e-01 3.430000e-01
4.560452e-01 3.440000e-01
4.544384e-01 3.450000e-01
4.528396e-01 3.460000e-01
4.512487e-01 3.470000e-01
4.496656e-01 3.480000e-01
4.480903e-01 3.490000e-01
4.465229e-01 3.500000e-01
4.449632e-01 3.510000e-01
4.434112e-01 3.520000e-01
4.418669e-01 3.530000e-01
4.403303e-01 3.540000e-01
4.388013e-01 3.550000e-01
4.372800e-01 3.560000e-01
4.357662e-01 3.570000e-01
4.342600e-01 3.580000e-01
4.327612e-01 3.590000e-01
4.312700e-01 3.600000e-01
4.297862e-01 3.610000e-01
4.283099e-01 3.620000e-01
4.268409e-01 3.630000e-01
4.253793e-01 3.640000e-01
4.239250e-01 3.650000e-01
4.224781e-01 3.660000e-01
4.210384e-01 3.670000e-01
4.196059e-01 3.680000e-01
4.181807e-01 3.690000e-01
4.167626e-01 3.700000e-01
4.153517e-01 3.710000e-01
4.139479e-01 3.720000e-01
4.125512e-01 3.730000e-01
4.111615e-01 3.740000e-01
4.097789e-01 3.750000e-01
4.084033e-01 3.760000e-01
4.070346e-01 3.770000e-01
4.056729e-01 3.780000e-01
4.043180e-01 3.790000e-01
4.029701e-01 3.800000e-01
4.016289e-01 3.810000e-01
4.002946e-01 3.820000e-01
3.989671e-01 3.830000e-01
3.976463e-01 3.840000e-01
3.963322e-01 3.850000e-01
3.950249e-01 3.860000e-01
3.937242e-01 3.870000e-01
3.924301e-01 3.880000e-01
3.911426e-01 3.890000e-01
3.898617e-01 3.900000e-01
3.885873e-01 3.910000e-01
3.873194e-01 3.920000e-01
3.860580e-01 3.930000e-01
3.848030e-01 3.940000e-01
3.835544e-01 3.950000e-01
3.823123e-01 3.960000e-01
3.810764e-01 3.970000e-01
3.798469e-01 3.980000e-01
3.786237e-01 3.990000e-01
3.774068e-01 4.000000e-01
3.761960e-01 4.010000e-01
3.749915e-01 4.020000e-01
3.737931e-01 4.030000e-01
3.726009e-01 4.040000e-01
3.714148e-01 4.050000e-01
3.702348e-01 4.060000e-01
3.690608e-01 4.070000e-01
3.678928e-01 4.080000e-01
3.667308e-01 4.090000e-01
3.655747e-01 4.100000e-01
3.644246e-01 4.110000e-01
3.632804e-01 4.120000e-01
3.621420e-01 4.130000e-01
3.610094e-01 4.140000e-01
3.598827e-01 4.150000e-01
3.587617e-01 4.160000e-01
3.576465e-01 4.170000e-01
3.565369e-01 4.180000e-01
3.554331e-01 4.190000e-01
3.543349e-01 4.200000e-01
3.532423e-01 4.210000e-01
3.521553e-01 4.220000e-01
3.510738e-01 4.230000e-01
3.499979e-01 4.240000e-01
3.489274e-01 4.250000e-01
3.478625e-01 4.260000e-01
3.468029e-01 4.270000e-01
3.457488e-01 4.280000e-01
3.447000e-01 4.290000e-01
3.436566e-01 4.300000e-01
3.426184e-01 4.310000e-01
3.415856e-01 4.320000e-01
3.405580e-01 4.330000e-01
3.395356e-01 4.340000e-01
3.385184e-01 4.350000e-01
3.375064e-01 4.360000e-01
3.364994e-01 4.370000e-01
3.354976e-01 4.380000e-01
3.345009e-01 4.390000e-01
3.335091e-01 4.400000e-01
3.325224e-01 4.410000e-01
3.315407e-01 4.420000e-01
3.305639e-01 4.430000e-01
3.295919e-01 4.440000e-01
3.286249e-01 4.450000e-01
3.276628e-01 4.460000e-01
3.267054e-01 4.470000e-01
3.257528e-01 4.480000e-01
3.248050e-01 4.490000e-01
3.238619e-01 4.500000e-01
3.229236e-01 4.510000e-01
3.219898e-01 4.520000e-01
3.210607e-01 4.530000e-01
3.201363e-01 4.540000e-01
3.192163e-01 4.550000e-01
3.183010e-01 4.560000e-01
3.173901e-01 4.570000e-01
3.164837e-01 4.580000e-01
3.155818e-01 4.590000e-01
3.146843e-01 4.600000e-01
3.137912e-01 4.610000e-01
3.129024e-01 4.620000e-01
3.120180e-01 4.630000e-01
3.111379e-01 4.640000e-01
3.102620e-01 4.650000e-01
3.093904e-01 4.660000e-01
3.085229e-01 4.670000e-01
3.076597e-01 4.680000e-01
3.068006e-01 4.690000e-01
3.059456e-01 4.700000e-01
3.050947e-01 4.710000e-01
3.042478e-01 4.720000e-01
3.034050e-01 4.730000e-01
3.025661e-01 4.740000e-01
3.017312e-01 4.750000e-01
3.009003e-01 4.760000e-01
3.000732e-01 4.770000e-01
2.992500e-01 4.780000e-01
2.984307e-01 4.790000e-01
2.976151e-01 4.800000e-01
2.968034e-01 4.810000e-01
2.959953e-01 4.820000e-01
2.951910e-01 4.830000e-01
2.943904e-01 4.840000e-01
2.935934e-01 4.850000e-01
2.928001e-01 4.860000e-01
2.920103e-01 4.870000e-01
2.912241e-01 4.880000e-01
2.904414e-01 4.890000e-01
2.896623e-01 4.900000e-01
2.888866e-01 4.910000e-01
2.881143e-01 4.920000e-01
2.873454e-01 4.930000e-01
2.865800e-01 4.940000e-01
2.858178e-01 4.950000e-01
2.850590e-01 4.960000e-01
2.843035e-01 4.970000e-01
2.835512e-01 4.980000e-01
2.828022e-01 4.990000e-01
2.820563e-01 5.000000e-01
2.813136e-01 5.010000e-01
2.805741e-01 5.020000e-01
2.798376e-01 5.030000e-01
2.791042e-01 5.040000e-01
2.783739e-01 5.050000e-01
2.776466e-01 5.060000e-01
2.769222e-01 5.070000e-01
2.762008e-01 5.080000e-01
2.754823e-01 5.090000e-01
2.747667e-01 5.100000e-01
2.740539e-01 5.110000e-01
2.733440e-01 5.120000e-01
2.726369e-01 5.130000e-01
2.719325e-01 5.140000e-01
2.712309e-01 5.150000e-01
2.705320e-01 5.160000e-01
2.698357e-01 5.170000e-01
2.691421e-01 5.180000e-01
2.684511e-01 5.190000e-01
2.677627e-01 5.200000e-01
2.670768e-01 5.210000e-01
2.663935e-01 5.220000e-01
2.657126e-01 5.230000e-01
2.650342e-01 5.240000e-01
2.643582e-01 5.250000e-01
2.636846e-01 5.260000e-01
2.630134e-01 5.270000e-01
2.623445e-01 5.280000e-01
2.616779e-01 5.290000e-01
2.610136e-01 5.300000e-01
2.603516e-01 5.310000e-01
2.596917e-01 5.320000e-01
2.590341e-01 5.330000e-01
2.583786e-01 5.340000e-01
2.577252e-01 5.350000e-01
2.570739e-01 5.360000e-01
2.564246e-01 5.370000e-01
2.557774e-01 5.380000e-01
2.551322e-01 5.390000e-01
2.544889e-01 5.400000e-01
2.538476e-01 5.410000e-01
2.532082e-01 5.420000e-01
2.525707e-01 5.430000e-01
2.519350e-01 5.440000e-01
2.513011e-01 5.450000e-01
2.506690e-01 5.460000e-01
2.500387e-01 5.470000e-01
2.494100e-01 5.480000e-01
2.487831e-01 5.490000e-01
2.481579e-01 5.500000e-01
2.475342e-01 5.510000e-01
2.469122e-01 5.520000e-01
2.462917e-01 5.530000e-01
2.456728e-01 5.540000e-01
2.450554e-01 5.550000e-01
2.444394e-01 5.560000e-01
2.438249e-01 5.570000e-01
2.432119e-01 5.580000e-01
2.426003e-01 5.590000e-01
2.419902e-01 5.600000e-01
2.413816e-01 5.610000e-01
2.407744e-01 5.620000e-01
2.401686e-01 5.630000e-01
2.395643e-01 5.640000e-01
2.389615e-01 5.650000e-01
2.383600e-01 5.660000e-01
2.377601e-01 5.670000e-01
2.371616e-01 5.680000e-01
2.365645e-01 5.690000e-01
2.359689e-01 5.700000e-01
2.353747e-01 5.710000e-01
2.347820e-01 5.720000e-01
2.341907e-01 5.730000e-01
2.336009e-01 5.740000e-01
2.330125e-01 5.750000e-01
2.324255e-01 5.760000e-01
2.318400e-01 5.770000e-01
2.312559e-01 5.780000e-01
2.306732e-01 5.790000e-01
2.300920e-01 5.800000e-01
2.295122e-01 5.810000e-01
2.289338e-01 5.820000e-01
2.283569e-01 5.830000e-01
2.277813e-01 5.840000e-01
2.272073e-01 5.850000e-01
2.266346e-01 5.860000e-01
2.260634e-01 5.870000e-01
2.254936e-01 5.880000e-01
2.249252e-01 5.890000e-01
2.243582e-01 5.900000e-01
2.237927e-01 5.910000e-01
2.232286e-01 5.920000e-01
2.226659e-01 5.930000e-01
2.221046e-01 5.940000e-01
2.215448e-01 5.950000e-01
2.209863e-01 5.960000e-01
2.204293e-01 5.970000e-01
2.198737e-01 5.980000e-01
2.193195e-01 5.990000e-01
2.187667e-01 6.000000e-01
2.182153e-01 6.010000e-01
2.176653e-01 6.020000e-01
2.171167e-01 6.030000e-01
2.165696e-01 6.040000e-01
2.160238e-01 6.050000e-01
2.154795e-01 6.060000e-01
2.149365e-01 6.070000e-01
2.143950e-01 6.080000e-01
2.138548e-01 6.090000e-01
2.133161e-01 6.100000e-01
2.127787e-01 6.110000e-01
2.122428e-01 6.120000e-01
2.117083e-01 6.130000e-01
2.111751e-01 6.140000e-01
2.106433e-01 6.150000e-01
2.101130e-01 6.160000e-01
2.095840e-01 6.170000e-01
2.090564e-01 6.180000e-01
2.085302e-01 6.190000e-01
2.080054e-01 6.200000e-01
2.074820e-01 6.210000e-01
2.069600e-01 6.220000e-01
2.064393e-01 6.230000e-01
2.059201e-01 6.240000e-01
2.054022e-01 6.250000e-01
2.048857e-01 6.260000e-01
2.043706e-01 6.270000e-01
2.038569e-01 6.280000e-01
2.033445e-01 6.290000e-01
2.028335e-01 6.300000e-01
2.023239e-01 6.310000e-01
2.018157e-01 6.320000e-01
2.013089e-01 6.330000e-01
2.008034e-01 6.340000e-01
2.002993e-01 6.350000e-01
1.997965e-01 6.360000e-01
1.992952e-01 6.370000e-01
1.987952e-01 6.380000e-01
1.982966e-01 6.390000e-01
1.977993e-01 6.400000e-01
1.973034e-01 6.410000e-01
1.968089e-01 6.420000e-01
1.963157e-01 6.430000e-01
1.958239e-01 6.440000e-01
1.953335e-01 6.450000e-01
1.948444e-01 6.460000e-01
1.943567e-01 6.470000e-01
1.938703e-01 6.480000e-01
1.933853e-01 6.490000e-01
1.929016e-01 6.500000e-01
1.924193e-01 6.510000e-01
1.919384e-01 6.520000e-01
1.914588e-01 6.530000e-01
1.909805e-01 6.540000e-01
1.905036e-01 6.550000e-01
1.900281e-01 6.560000e-01
1.895539e-01 6.570000e-01
1.890811e-01 6.580000e-01
1.886096e-01 6.590000e-01
1.881394e-01 6.600000e-01
1.876706e-01 6.610000e-01
1.872031e-01 6.620000e-01
1.867370e-01 6.630000e-01
1.862722e-01 6.640000e-01
1.858087e-01 6.650000e-01
1.853466e-01 6.660000e-01
1.848858e-01 6.670000e-01
1.844264e-01 6.680000e-01
1.839682e-01 6.690000e-01
1.835115e-01 6.700000e-01
1.830560e-01 6.710000e-01
1.826019e-01 6.720000e-01
1.821491e-01 6.730000e-01
1.816977e-01 6.740000e-01
1.812475e-01 6.750000e-01
1.807987e-01 6.760000e-01
1.803512e-01 6.770000e-01
1.799051e-01 6.780000e-01
1.794603e-01 6.790000e-01
1.790168e-01 6.800000e-01
1.785746e-01 6.810000e-01
1.781337e-01 6.820000e-01
1.776941e-01 6.830000e-01
1.772559e-01 6.840000e-01
1.768190e-01 6.850000e-01
1.763834e-01 6.860000e-01
1.759491e-01 6.870000e-01
1.755161e-01 6.880000e-01
1.750845e-01 6.890000e-01
1.746541e-01 6.900000e-01
1.742251e-01 6.910000e-01
1.737974e-01 6.920000e-01
1.733709e-01 6.930000e-01
1.729458e-01 6.940000e-01
1.725220e-01 6.950000e-01
1.720995e-01 6.960000e-01
1.716783e-01 6.970000e-01
1.712584e-01 6.980000e-01
1.708398e-01 6.990000e-01
1.704225e-01 7.000000e-01
1.700065e-01 7.010000e-01
1.695918e-01 7.020000e-01
1.691784e-01 7.030000e-01
1.687662e-01 7.040000e-01
1.683554e-01 7.050000e-01
1.679459e-01 7.060000e-01
1.675377e-01 7.070000e-01
1.671307e-01 7.080000e-01
1.667250e-01 7.090000e-01
1.663207e-01 7.100000e-01
1.659176e-01 7.110000e-01
1.655158e-01 7.120000e-01
1.651153e-01 7.130000e-01
1.647161e-01 7.140000e-01
1.643181e-01 7.150000e-01
1.639215e-01 7.160000e-01
1.635261e-01 7.170000e-01
1.631320e-01 7.180000e-01
1.627392e-01 7.190000e-01
1.623476e-01 7.200000e-01
1.619574e-01 7.210000e-01
1.615684e-01 7.220000e-01
1.611806e-01 7.230000e-01
1.607942e-01 7.240000e-01
1.604090e-01 7.250000e-01
1.600251e-01 7.260000e-01
1.596425e-01 7.270000e-01
1.592611e-01 7.280000e-01
1.588810e-01 7.290000e-01
1.585022e-01 7.300000e-01
1.581246e-01 7.310000e-01
1.577483e-01 7.320000e-01
1.573733e-01 7.330000e-01
1.569995e-01 7.340000e-01
1.566270e-01 7.350000e-01
1.562557e-01 7.360000e-01
1.558857e-01 7.370000e-01
1.555170e-01 7.380000e-01
1.551495e-01 7.390000e-01
1.547833e-01 7.400000e-01
1.544183e-01 7.410000e-01
1.540546e-01 7.420000e-01
1.536921e-01 7.430000e-01
1.533309e-01 7.440000e-01
1.529709e-01 7.450000e-01
1.526122e-01 7.460000e-01
1.522547e-01 7.470000e-01
1.518985e-01 7.480000e-01
1.515435e-01 7.490000e-01
1.511898e-01 7.500000e-01
1.508373e-01 7.510000e-01
1.504860e-01 7.520000e-01
1.501360e-01 7.530000e-01
1.497872e-01 7.540000e-01
1.494397e-01 7.550000e-01
1.490934e-01 7.560000e-01
1.487483e-01 7.570000e-01
1.484045e-01 7.580000e-01
1.480619e-01 7.590000e-01
1.477205e-01 7.600000e-01
1.473804e-01 7.610000e-01
1.470415e-01 7.620000e-01
1.467038e-01 7.630000e-01
1.463674e-01 7.640000e-01
1.460322e-01 7.650000e-01
1.456982e-01 7.660000e-01
1.453654e-01 7.670000e-01
1.450339e-01 7.680000e-01
1.447036e-01 7.690000e-01
1.443745e-01 7.700000e-01
1.440466e-01 7.710000e-01
1.437199e-01 7.720000e-01
1.433945e-01 7.730000e-01
1.430703e-01 7.740000e-01
1.427473e-01 7.750000e-01
1.424255e-01 7.760000e-01
1.421049e-01 7.770000e-01
1.417855e-01 7.780000e-01
1.414674e-01 7.790000e-01
1.411504e-01 7.800000e-01
1.408347e-01 7.810000e-01
1.405201e-01 7.820000e-01
1.402068e-01 7.830000e-01
1.398946e-01 7.840000e-01
1.395836e-01 7.850000e-01
1.392737e-01 7.860000e-01
1.389651e-01 7.870000e-01
1.386576e-01 7.880000e-01
1.383512e-01 7.890000e-01
1.380460e-01 7.900000e-01
1.377420e-01 7.910000e-01
1.374391e-01 7.920000e-01
1.371373e-01 7.930000e-01
1.368366e-01 7.940000e-01
1.365371e-01 7.950000e-01
1.362387e-01 7.960000e-01
1.359414e-01 7.970000e-01
1.356452e-01 7.980000e-01
1.353501e-01 7.990000e-01
1.350561e-01 8.000000e-01
1.347632e-01 8.010000e-01
1.344714e-01 8.020000e-01
1.341807e-01 8.030000e-01
1.338910e-01 8.040000e-01
1.336024e-01 8.050000e-01
1.333149e-01 8.060000e-01
1.330284e-01 8.070000e-01
1.327430e-01 8.080000e-01
1.324586e-01 8.090000e-01
1.321753e-01 8.100000e-01
1.318930e-01 8.110000e-01
1.316118e-01 8.120000e-01
1.313315e-01 8.130000e-01
1.310523e-01 8.140000e-01
1.307741e-01 8.150000e-01
1.304969e-01 8.160000e-01
1.302207e-01 8.170000e-01
1.299455e-01 8.180000e-01
1.296713e-01 8.190000e-01
1.293981e-01 8.200000e-01
1.291259e-01 8.210000e-01
1.288546e-01 8.220000e-01
1.285843e-01 8.230000e-01
1.283150e-01 8.240000e-01
1.280467e-01 8.250000e-01
1.277792e-01 8.260000e-01
1.275128e-01 8.270000e-01
1.272473e-01 8.280000e-01
1.269827e-01 8.290000e-01
1.267191e-01 8.300000e-01
1.264563e-01 8.310000e-01
1.261945e-01 8.320000e-01
1.259337e-01 8.330000e-01
1.256737e-01 8.340000e-01
1.254146e-01 8.350000e-01
1.251565e-01 8.360000e-01
1.248992e-01 8.370000e-01
1.246428e-01 8.380000e-01
1.243873e-01 8.390000e-01
1.241327e-01 8.400000e-01
1.238790e-01 8.410000e-01
1.236261e-01 8.420000e-01
1.233741e-01 8.430000e-01
1.231229e-01 8.440000e-01
1.228726e-01 8.450000e-01
1.226231e-01 8.460000e-01
1.223745e-01 8.470000e-01
1.221267e-01 8.480000e-01
1.218797e-01 8.490000e-01
1.216336e-01 8.500000e-01
1.213883e-01 8.510000e-01
1.211438e-01 8.520000e-01
1.209001e-01 8.530000e-01
1.206572e-01 8.540000e-01
1.204151e-01 8.550000e-01
1.201738e-01 8.560000e-01
1.199332e-01 8.570000e-01
1.196935e-01 8.580000e-01
1.194545e-01 8.590000e-01
1.192163e-01 8.600000e-01
1.189789e-01 8.610000e-01
1.187422e-01 8.620000e-01
1.185063e-01 8.630000e-01
1.182711e-01 8.640000e-01
1.180366e-01 8.650000e-01
1.178029e-01 8.660000e-01
1.175699e-01 8.670000e-01
1.173377e-01 8.680000e-01
1.171062e-01 8.690000e-01
1.168754e-01 8.700000e-01
1.166452e-01 8.710000e-01
1.164158e-01 8.720000e-01
1.161871e-01 8.730000e-01
1.159591e-01 8.740000e-01
1.157318e-01 8.750000e-01
1.155052e-01 8.760000e-01
1.152792e-01 8.770000e-01
1.150539e-01 8.780000e-01
1.148293e-01 8.790000e-01
1.146053e-01 8.800000e-01
1.143820e-01 8.810000e-01
1.141593e-01 8.820000e-01
1.139373e-01 8.830000e-01
1.137159e-01 8.840000e-01
1.134951e-01 8.850000e-01
1.132750e-01 8.860000e-01
1.130555e-01 8.870000e-01
1.128366e-01 8.880000e-01
1.126183e-01 8.890000e-01
1.124007e-01 8.900000e-01
1.121836e-01 8.910000e-01
1.119671e-01 8.920000e-01
1.117512e-01 8.930000e-01
1.115359e-01 8.940000e-01
1.113212e-01 8.950000e-01
1.111070e-01 8.960000e-01
1.108934e-01 8.970000e-01
1.106804e-01 8.980000e-01
1.104679e-01 8.990000e-01
1.102560e-01 9.000000e-01
1.100446e-01 9.010000e-01
1.098338e-01 9.020000e-01
1.096235e-01 9.030000e-01
1.094137e-01 9.040000e-01
1.092045e-01 9.050000e-01
1.089958e-01 9.060000e-01
1.087875e-01 9.070000e-01
1.085798e-01 9.080000e-01
1.083726e-01 9.090000e-01
1.081659e-01 9.100000e-01
1.079597e-01 9.110000e-01
1.077540e-01 9.120000e-01
1.075487e-01 9.130000e-01
1.073439e-01 9.140000e-01
1.071396e-01 9.150000e-01
1.069358e-01 9.160000e-01
1.067324e-01 9.170000e-01
1.065294e-01 9.180000e-01
1.063269e-01 9.190000e-01
1.061249e-01 9.200000e-01
1.059233e-01 9.210000e-01
1.057221e-01 9.220000e-01
1.055213e-01 9.230000e-01
1.053210e-01 9.240000e-01
1.051211e-01 9.250000e-01
1.049216e-01 9.260000e-01
1.047224e-01 9.270000e-01
1.045237e-01 9.280000e-01
1.043254e-01 9.290000e-01
1.041275e-01 9.300000e-01
1.039299e-01 9.310000e-01
1.037328e-01 9.320000e-01
1.035359e-01 9.330000e-01
1.033395e-01 9.340000e-01
1.031434e-01 9.350000e-01
1.029477e-01 9.360000e-01
1.027523e-01 9.370000e-01
1.025573e-01 9.380000e-01
1.023626e-01 9.390000e-01
1.021682e-01 9.400000e-01
1.019742e-01 9.410000e-01
1.017805e-01 9.420000e-01
1.015871e-01 9.430000e-01
1.013940e-01 9.440000e-01
1.012012e-01 9.450000e-01
1.010088e-01 9.460000e-01
1.008166e-01 9.470000e-01
1.006247e-01 9.480000e-01
1.004331e-01 9.490000e-01
1.002417e-01 9.500000e-01
1.000507e-01 9.510000e-01
9.985988e-02 9.520000e-01
9.966934e-02 9.530000e-01
9.947907e-02 9.540000e-01
9.928904e-02 9.550000e-01
9.909926e-02 9.560000e-01
9.890972e-02 9.570000e-01
9.872041e-02 9.580000e-01
9.853134e-02 9.590000e-01
9.834248e-02 9.600000e-01
9.815385e-02 9.610000e-01
9.796543e-02 9.620000e-01
9.777721e-02 9.630000e-01
9.758920e-02 9.640000e-01
9.740138e-02 9.650000e-01
9.721376e-02 9.660000e-01
9.702631e-02 9.670000e-01
9.683905e-02 9.680000e-01
9.665197e-02 9.690000e-01
9.646505e-02 9.700000e-01
9.627830e-02 9.710000e-01
9.609170e-02 9.720000e-01
9.590526e-02 9.730000e-01
9.571896e-02 9.740000e-01
9.553281e-02 9.750000e-01
9.534679e-02 9.760000e-01
9.516090e-02 9.770000e-01
9.497514e-02 9.780000e-01
9.478950e-02 9.790000e-01
9.460397e-02 9.800000e-01
9.441856e-02 9.810000e-01
9.423324e-02 9.820000e-01
9.404803e-02 9.830000e-01
9.386290e-02 9.840000e-01
9.367787e-02 9.850000e-01
9.349291e-02 9.860000e-01
9.330804e-02 9.870000e-01
9.312323e-02 9.880000e-01
9.293849e-02 9.890000e-01
9.275381e-02 9.900000e-01
9.256918e-02 9.910000e-01
9.238460e-02 9.920000e-01
9.220007e-02 9.930000e-01
9.201557e-02 9.940000e-01
9.183111e-02 9.950000e-01
9.164667e-02 9.960000e-01
9.146226e-02 9.970000e-01
9.127786e-02 9.980000e-01
9.109347e-02 9.990000e-01
