-7.937005e-01 -1.000000e+00
-7.934320e-01 -9.990000e-01
-7.931634e-01 -9.980000e-01
-7.928949e-01 -9.970000e-01
-7.926263e-01 -9.960000e-01
-7.923577e-01 -9.950000e-01
-7.920891e-01 -9.940000e-01
-7.918205e-01 -9.930000e-01
-7.915519e-01 -9.920000e-01
-7.912832e-01 -9.910000e-01
-7.910145e-01 -9.900000e-01
-7.907458e-01 -9.890000e-01
-7.904770e-01 -9.880000e-01
-7.902082e-01 -9.870000e-01
-7.899394e-01 -9.860000e-01
-7.896705e-01 -9.850000e-01
-7.894016e-01 -9.840000e-01
-7.891326e-01 -9.830000e-01
-7.888635e-01 -9.820000e-01
-7.885944e-01 -9.810000e-01
-7.883253e-01 -9.800000e-01
-7.880561e-01 -9.790000e-01
-7.877868e-01 -9.780000e-01
-7.875174e-01 -9.770000e-01
-7.872480e-01 -9.760000e-01
-7.869785e-01 -9.750000e-01
-7.867089e-01 -9.740000e-01
-7.864392e-01 -9.730000e-01
-7.861694e-01 -9.720000e-01
-7.858996e-01 -9.710000e-01
-7.856296e-01 -9.700000e-01
-7.853596e-01 -9.690000e-01
-7.850894e-01 -9.680000e-01
-7.848192e-01 -9.670000e-01
-7.845488e-01 -9.660000e-01
-7.842784e-01 -9.650000e-01
-7.840078e-01 -9.640000e-01
-7.837371e-01 -9.630000e-01
-7.834663e-01 -9.620000e-01
-7.831953e-01 -9.610000e-01
-7.829243e-01 -9.600000e-01
-7.826531e-01 -9.590000e-01
-7.823818e-01 -9.580000e-01
-7.821103e-01 -9.570000e-01
-7.818387e-01 -9.560000e-01
-7.815670e-01 -9.550000e-01
-7.812951e-01 -9.540000e-01
-7.810231e-01 -9.530000e-01
-7.807509e-01 -9.520000e-01
-7.804785e-01 -9.510000e-01
-7.802060e-01 -9.500000e-01
-7.799334e-01 -9.490000e-01
-7.796606e-01 -9.480000e-01
-7.793876e-01 -9.470000e-01
-7.791144e-01 -9.460000e-01
-7.788411e-01 -9.450000e-01
-7.785676e-01 -9.440000e-01
-7.782939e-01 -9.430000e-01
-7.780200e-01 -9.420000e-01
-7.777460e-01 -9.410000e-01
-7.774717e-01 -9.400000e-01
-7.771973e-01 -9.390000e-01
-7.769226e-01 -9.380000e-01
-7.766478e-01 -9.370000e-01
-7.763727e-01 -9.360000e-01
-7.760975e-01 -9.350000e-01
-7.758220e-01 -9.340000e-01
-7.755464e-01 -9.330000e-01
-7.752705e-01 -9.320000e-01
-7.749944e-01 -9.310000e-01
-7.747180e-01 -9.300000e-01
-7.744415e-01 -9.290000e-01
-7.741647e-01 -9.280000e-01
-7.738877e-01 -9.270000e-01
-7.736104e-01 -9.260000e-01
-7.733329e-01 -9.250000e-01
-7.730552e-01 -9.240000e-01
-7.727772e-01 -9.230000e-01
-7.724990e-01 -9.220000e-01
-7.722205e-01 -9.210000e-01
-7.719418e-01 -9.200000e-01
-7.716628e-01 -9.190000e-01
-7.713836e-01 -9.180000e-01
-7.711041e-01 -9.170000e-01
-7.708249e-01 -9.160000e-01
-7.705458e-01 -9.150000e-01
-7.702664e-01 -9.140000e-01
-7.699868e-01 -9.130000e-01
-7.697068e-01 -9.120000e-01
-7.694267e-01 -9.110000e-01
-7.691462e-01 -9.100000e-01
-7.688655e-01 -9.090000e-01
-7.685845e-01 -9.080000e-01
-7.683033e-01 -9.070000e-01
-7.680218e-01 -9.060000e-01
-7.677400e-01 -9.050000e-01
-7.674580e-01 -9.040000e-01
-7.671757e-01 -9.030000e-01
-7.668932e-01 -9.020000e-01
-7.666104e-01 -9.010000e-01
-7.663273e-01 -9.000000e-01
-7.660440e-01 -8.990000e-01
-7.657604e-01 -8.980000e-01
-7.654765e-01 -8.970000e-01
-7.651924e-01 -8.960000e-01
-7.649081e-01 -8.950000e-01
-7.646235e-01 -8.940000e-01
-7.643386e-01 -8.930000e-01
-7.640535e-01 -8.920000e-01
-7.637681e-01 -8.910000e-01
-7.634825e-01 -8.900000e-01
-7.631966e-01 -8.890000e-01
-7.629105e-01 -8.880000e-01
-7.626241e-01 -8.870000e-01
-7.623374e-01 -8.860000e-01
-7.620505e-01 -8.850000e-01
-7.617634e-01 -8.840000e-01
-7.614760e-01 -8.830000e-01
-7.611884e-01 -8.820000e-01
-7.609005e-01 -8.810000e-01
-7.606123e-01 -8.800000e-01
-7.603240e-01 -8.790000e-01
-7.600353e-01 -8.780000e-01
-7.597465e-01 -8.770000e-01
-7.594573e-01 -8.760000e-01
-7.591680e-01 -8.750000e-01
-7.588784e-01 -8.740000e-01
-7.585885e-01 -8.730000e-01
-7.582984e-01 -8.720000e-01
-7.580081e-01 -8.710000e-01
-7.577175e-01 -8.700000e-01
-7.574267e-01 -8.690000e-01
-7.571356e-01 -8.680000e-01
-7.568443e-01 -8.670000e-01
-7.565528e-01 -8.660000e-01
-7.562610e-01 -8.650000e-01
-7.559690e-01 -8.640000e-01
-7.556767e-01 -8.630000e-01
-7.553842e-01 -8.620000e-01
-7.550915e-01 -8.610000e-01
-7.547985e-01 -8.600000e-01
-7.545053e-01 -8.590000e-01
-7.542118e-01 -8.580000e-01
-7.539182e-01 -8.570000e-01
-7.536243e-01 -8.560000e-01
-7.533301e-01 -8.550000e-01
-7.530357e-01 -8.540000e-01
-7.527411e-01 -8.530000e-01
-7.524463e-01 -8.520000e-01
-7.521512e-01 -8.510000e-01
-7.518559e-01 -8.500000e-01
-7.515604e-01 -8.490000e-01
-7.512646e-01 -8.480000e-01
-7.509686e-01 -8.470000e-01
-7.506724e-01 -8.460000e-01
-7.503760e-01 -8.450000e-01
-7.500793e-01 -8.440000e-01
-7.497824e-01 -8.430000e-01
-7.494853e-01 -8.420000e-01
-7.491879e-01 -8.410000e-01
-7.488903e-01 -8.400000e-01
-7.485925e-01 -8.390000e-01
-7.482945e-01 -8.380000e-01
-7.479963e-01 -8.370000e-01
-7.476978e-01 -8.360000e-01
-7.473991e-01 -8.350000e-01
-7.471002e-01 -8.340000e-01
-7.468011e-01 -8.330000e-01
-7.465017e-01 -8.320000e-01
-7.462021e-01 -8.310000e-01
-7.459023e-01 -8.300000e-01
-7.456023e-01 -8.290000e-01
-7.453021e-01 -8.280000e-01
-7.450016e-01 -8.270000e-01
-7.447009e-01 -8.260000e-01
-7.444000e-01 -8.250000e-01
-7.440988e-01 -8.240000e-01
-7.437975e-01 -8.230000e-01
-7.434958e-01 -8.220000e-01
-7.431940e-01 -8.210000e-01
-7.428919e-01 -8.200000e-01
-7.425896e-01 -8.190000e-01
-7.422871e-01 -8.180000e-01
-7.419844e-01 -8.170000e-01
-7.416814e-01 -8.160000e-01
-7.413781e-01 -8.150000e-01
-7.410747e-01 -8.140000e-01
-7.407710e-01 -8.130000e-01
-7.404670e-01 -8.120000e-01
-7.401628e-01 -8.110000e-01
-7.398584e-01 -8.100000e-01
-7.395538e-01 -8.090000e-01
-7.392489e-01 -8.080000e-01
-7.389437e-01 -8.070000e-01
-7.386383e-01 -8.060000e-01
-7.383327e-01 -8.050000e-01
-7.380269e-01 -8.040000e-01
-7.377207e-01 -8.030000e-01
-7.374144e-01 -8.020000e-01
-7.371078e-01 -8.010000e-01
-7.368009e-01 -8.000000e-01
-7.364938e-01 -7.990000e-01
-7.361865e-01 -7.980000e-01
-7.358789e-01 -7.970000e-01
-7.355710e-01 -7.960000e-01
-7.352629e-01 -7.950000e-01
-7.349546e-01 -7.940000e-01
-7.346460e-01 -7.930000e-01
-7.343371e-01 -7.920000e-01
-7.340280e-01 -7.910000e-01
-7.337186e-01 -7.900000e-01
-7.334090e-01 -7.890000e-01
-7.330991e-01 -7.880000e-01
-7.327890e-01 -7.870000e-01
-7.324786e-01 -7.860000e-01
-7.321679e-01 -7.850000e-01
-7.318570e-01 -7.840000e-01
-7.315458e-01 -7.830000e-01
-7.312344e-01 -7.820000e-01
-7.309227e-01 -7.810000e-01
-7.306107e-01 -7.800000e-01
-7.302985e-01 -7.790000e-01
-7.299860e-01 -7.780000e-01
-7.296732e-01 -7.770000e-01
-7.293602e-01 -7.760000e-01
-7.290469e-01 -7.750000e-01
-7.287333e-01 -7.740000e-01
-7.284194e-01 -7.730000e-01
-7.281053e-01 -7.720000e-01
-7.277910e-01 -7.710000e-01
-7.274763e-01 -7.700000e-01
-7.271614e-01 -7.690000e-01
-7.268462e-01 -7.680000e-01
-7.265307e-01 -7.670000e-01
-7.262149e-01 -7.660000e-01
-7.258989e-01 -7.650000e-01
-7.255826e-01 -7.640000e-01
-7.252660e-01 -7.630000e-01
-7.249492e-01 -7.620000e-01
-7.246320e-01 -7.610000e-01
-7.243146e-01 -7.600000e-01
-7.239969e-01 -7.590000e-01
-7.236789e-01 -7.580000e-01
-7.233607e-01 -7.570000e-01
-7.230421e-01 -7.560000e-01
-7.227233e-01 -7.550000e-01
-7.224041e-01 -7.540000e-01
-7.220847e-01 -7.530000e-01
-7.217650e-01 -7.520000e-01
-7.214451e-01 -7.510000e-01
-7.211248e-01 -7.500000e-01
-7.208042e-01 -7.490000e-01
-7.204834e-01 -7.480000e-01
-7.201622e-01 -7.470000e-01
-7.198408e-01 -7.460000e-01
-7.195191e-01 -7.450000e-01
-7.191971e-01 -7.440000e-01
-7.188747e-01 -7.430000e-01
-7.185521e-01 -7.420000e-01
-7.182292e-01 -7.410000e-01
-7.179060e-01 -7.400000e-01
-7.175826e-01 -7.390000e-01
-7.172588e-01 -7.380000e-01
-7.169347e-01 -7.370000e-01
-7.166103e-01 -7.360000e-01
-7.162856e-01 -7.350000e-01
-7.159607e-01 -7.340000e-01
-7.156354e-01 -7.330000e-01
-7.153098e-01 -7.320000e-01
-7.149839e-01 -7.310000e-01
-7.146578e-01 -7.300000e-01
-7.143313e-01 -7.290000e-01
-7.140045e-01 -7.280000e-01
-7.136774e-01 -7.270000e-01
-7.133500e-01 -7.260000e-01
-7.130224e-01 -7.250000e-01
-7.126944e-01 -7.240000e-01
-7.123661e-01 -7.230000e-01
-7.120375e-01 -7.220000e-01
-7.117086e-01 -7.210000e-01
-7.113793e-01 -7.200000e-01
-7.110498e-01 -7.190000e-01
-7.107200e-01 -7.180000e-01
-7.103899e-01 -7.170000e-01
-7.100594e-01 -7.160000e-01
-7.097287e-01 -7.150000e-01
-7.093976e-01 -7.140000e-01
-7.090662e-01 -7.130000e-01
-7.087345e-01 -7.120000e-01
-7.084025e-01 -7.110000e-01
-7.080702e-01 -7.100000e-01
-7.077376e-01 -7.090000e-01
-7.074046e-01 -7.080000e-01
-7.070714e-01 -7.070000e-01
-7.067378e-01 -7.060000e-01
-7.064039e-01 -7.050000e-01
-7.060697e-01 -7.040000e-01
-7.057352e-01 -7.030000e-01
-7.054004e-01 -7.020000e-01
-7.050652e-01 -7.010000e-01
-7.047298e-01 -7.000000e-01
-7.043940e-01 -6.990000e-01
-7.040579e-01 -6.980000e-01
-7.037214e-01 -6.970000e-01
-7.033847e-01 -6.960000e-01
-7.030476e-01 -6.950000e-01
-7.027102e-01 -6.940000e-01
-7.023725e-01 -6.930000e-01
-7.020345e-01 -6.920000e-01
-7.016961e-01 -6.910000e-01
-7.013574e-01 -6.900000e-01
-7.010184e-01 -6.890000e-01
-7.006791e-01 -6.880000e-01
-7.003394e-01 -6.870000e-01
-6.999994e-01 -6.860000e-01
-6.996591e-01 -6.850000e-01
-6.993185e-01 -6.840000e-01
-6.989775e-01 -6.830000e-01
-6.986362e-01 -6.820000e-01
-6.982946e-01 -6.810000e-01
-6.979526e-01 -6.800000e-01
-6.976103e-01 -6.790000e-01
-6.972677e-01 -6.780000e-01
-6.969247e-01 -6.770000e-01
-6.965814e-01 -6.760000e-01
-6.962378e-01 -6.750000e-01
-6.958939e-01 -6.740000e-01
-6.955496e-01 -6.730000e-01
-6.952049e-01 -6.720000e-01
-6.948600e-01 -6.710000e-01
-6.945147e-01 -6.700000e-01
-6.941691e-01 -6.690000e-01
-6.938231e-01 -6.680000e-01
-6.934768e-01 -6.670000e-01
-6.931301e-01 -6.660000e-01
-6.927832e-01 -6.650000e-01
-6.924358e-01 -6.640000e-01
-6.920882e-01 -6.630000e-01
-6.917402e-01 -6.620000e-01
-6.913918e-01 -6.610000e-01
-6.910431e-01 -6.600000e-01
-6.906940e-01 -6.590000e-01
-6.903447e-01 -6.580000e-01
-6.899949e-01 -6.570000e-01
-6.896448e-01 -6.560000e-01
-6.892944e-01 -6.550000e-01
-6.889435e-01 -6.540000e-01
-6.885924e-01 -6.530000e-01
-6.882409e-01 -6.520000e-01
-6.878890e-01 -6.510000e-01
-6.875368e-01 -6.500000e-01
-6.871842e-01 -6.490000e-01
-6.868312e-01 -6.480000e-01
-6.864779e-01 -6.470000e-01
-6.861242e-01 -6.460000e-01
-6.857702e-01 -6.450000e-01
-6.854157e-01 -6.440000e-01
-6.850610e-01 -6.430000e-01
-6.847058e-01 -6.420000e-01
-6.843503e-01 -6.410000e-01
-6.839944e-01 -6.400000e-01
-6.836381e-01 -6.390000e-01
-6.832815e-01 -6.380000e-01
-6.829244e-01 -6.370000e-01
-6.825670e-01 -6.360000e-01
-6.822092e-01 -6.350000e-01
-6.818511e-01 -6.340000e-01
-6.814925e-01 -6.330000e-01
-6.811336e-01 -6.320000e-01
-6.807743e-01 -6.310000e-01
-6.804146e-01 -6.300000e-01
-6.800545e-01 -6.290000e-01
-6.796941e-01 -6.280000e-01
-6.793332e-01 -6.270000e-01
-6.789720e-01 -6.260000e-01
-6.786103e-01 -6.250000e-01
-6.782483e-01 -6.240000e-01
-6.778858e-01 -6.230000e-01
-6.775230e-01 -6.220000e-01
-6.771598e-01 -6.210000e-01
-6.767962e-01 -6.200000e-01
-6.764321e-01 -6.190000e-01
-6.760677e-01 -6.180000e-01
-6.757029e-01 -6.170000e-01
-6.753377e-01 -6.160000e-01
-6.749720e-01 -6.150000e-01
-6.746060e-01 -6.140000e-01
-6.742395e-01 -6.130000e-01
-6.738727e-01 -6.120000e-01
-6.735054e-01 -6.110000e-01
-6.731377e-01 -6.100000e-01
-6.727696e-01 -6.090000e-01
-6.724011e-01 -6.080000e-01
-6.720322e-01 -6.070000e-01
-6.716628e-01 -6.060000e-01
-6.712931e-01 -6.050000e-01
-6.709229e-01 -6.040000e-01
-6.705523e-01 -6.030000e-01
-6.701813e-01 -6.020000e-01
-6.698098e-01 -6.010000e-01
-6.694379e-01 -6.000000e-01
-6.690656e-01 -5.990000e-01
-6.686929e-01 -5.980000e-01
-6.683197e-01 -5.970000e-01
-6.679461e-01 -5.960000e-01
-6.675721e-01 -5.950000e-01
-6.671977e-01 -5.940000e-01
-6.668228e-01 -5.930000e-01
-6.664475e-01 -5.920000e-01
-6.660717e-01 -5.910000e-01
-6.656955e-01 -5.900000e-01
-6.653189e-01 -5.890000e-01
-6.649418e-01 -5.880000e-01
-6.645643e-01 -5.870000e-01
-6.641863e-01 -5.860000e-01
-6.638079e-01 -5.850000e-01
-6.634290e-01 -5.840000e-01
-6.630497e-01 -5.830000e-01
-6.626700e-01 -5.820000e-01
-6.622898e-01 -5.810000e-01
-6.619091e-01 -5.800000e-01
-6.615280e-01 -5.790000e-01
-6.611465e-01 -5.780000e-01
-6.607645e-01 -5.770000e-01
-6.603820e-01 -5.760000e-01
-6.599991e-01 -5.750000e-01
-6.596157e-01 -5.740000e-01
-6.592319e-01 -5.730000e-01
-6.588477e-01 -5.720000e-01
-6.584629e-01 -5.710000e-01
-6.580778e-01 -5.700000e-01
-6.576921e-01 -5.690000e-01
-6.573061e-01 -5.680000e-01
-6.569195e-01 -5.670000e-01
-6.565325e-01 -5.660000e-01
-6.561451e-01 -5.650000e-01
-6.557572e-01 -5.640000e-01
-6.553688e-01 -5.630000e-01
-6.549800e-01 -5.620000e-01
-6.545907e-01 -5.610000e-01
-6.542010e-01 -5.600000e-01
-6.538108e-01 -5.590000e-01
-6.534201e-01 -5.580000e-01
-6.530290e-01 -5.570000e-01
-6.526374e-01 -5.560000e-01
-6.522454e-01 -5.550000e-01
-6.518529e-01 -5.540000e-01
-6.514600e-01 -5.530000e-01
-6.510665e-01 -5.520000e-01
-6.506726e-01 -5.510000e-01
-6.502783e-01 -5.500000e-01
-6.498835e-01 -5.490000e-01
-6.494882e-01 -5.480000e-01
-6.490925e-01 -5.470000e-01
-6.486963e-01 -5.460000e-01
-6.482996e-01 -5.450000e-01
-6.479025e-01 -5.440000e-01
-6.475049e-01 -5.430000e-01
-6.471068e-01 -5.420000e-01
-6.467083e-01 -5.410000e-01
-6.463093e-01 -5.400000e-01
-6.459098e-01 -5.390000e-01
-6.455099e-01 -5.380000e-01
-6.451094e-01 -5.370000e-01
-6.447086e-01 -5.360000e-01
-6.443072e-01 -5.350000e-01
-6.439054e-01 -5.340000e-01
-6.435031e-01 -5.330000e-01
-6.431004e-01 -5.320000e-01
-6.426971e-01 -5.310000e-01
-6.422934e-01 -5.300000e-01
-6.418892e-01 -5.290000e-01
-6.414846e-01 -5.280000e-01
-6.410795e-01 -5.270000e-01
-6.406739e-01 -5.260000e-01
-6.402678e-01 -5.250000e-01
-6.398613e-01 -5.240000e-01
-6.394542e-01 -5.230000e-01
-6.390467e-01 -5.220000e-01
-6.386388e-01 -5.210000e-01
-6.382303e-01 -5.200000e-01
-6.378214e-01 -5.190000e-01
-6.374120e-01 -5.180000e-01
-6.370021e-01 -5.170000e-01
-6.365917e-01 -5.160000e-01
-6.361809e-01 -5.150000e-01
-6.357696e-01 -5.140000e-01
-6.353578e-01 -5.130000e-01
-6.349455e-01 -5.120000e-01
-6.345327e-01 -5.110000e-01
-6.341195e-01 -5.100000e-01
-6.337058e-01 -5.090000e-01
-6.332916e-01 -5.080000e-01
-6.328769e-01 -5.070000e-01
-6.324617e-01 -5.060000e-01
-6.320461e-01 -5.050000e-01
-6.316299e-01 -5.040000e-01
-6.312133e-01 -5.030000e-01
-6.307962e-01 -5.020000e-01
-6.303786e-01 -5.010000e-01
-6.299605e-01 -5.000000e-01
-6.295420e-01 -4.990000e-01
-6.291229e-01 -4.980000e-01
-6.287033e-01 -4.970000e-01
-6.282833e-01 -4.960000e-01
-6.278627e-01 -4.950000e-01
-6.274416e-01 -4.940000e-01
-6.270200e-01 -4.930000e-01
-6.265979e-01 -4.920000e-01
-6.261752e-01 -4.910000e-01
-6.257520e-01 -4.900000e-01
-6.253282e-01 -4.890000e-01
-6.249039e-01 -4.880000e-01
-6.244790e-01 -4.870000e-01
-6.240536e-01 -4.860000e-01
-6.236275e-01 -4.850000e-01
-6.232009e-01 -4.840000e-01
-6.227737e-01 -4.830000e-01
-6.223460e-01 -4.820000e-01
-6.219176e-01 -4.810000e-01
-6.214886e-01 -4.800000e-01
-6.210590e-01 -4.790000e-01
-6.206288e-01 -4.780000e-01
-6.201980e-01 -4.770000e-01
-6.197665e-01 -4.760000e-01
-6.193345e-01 -4.750000e-01
-6.189017e-01 -4.740000e-01
-6.184684e-01 -4.730000e-01
-6.180343e-01 -4.720000e-01
-6.175996e-01 -4.710000e-01
-6.171643e-01 -4.700000e-01
-6.167282e-01 -4.690000e-01
-6.162915e-01 -4.680000e-01
-6.158542e-01 -4.670000e-01
-6.154161e-01 -4.660000e-01
-6.149773e-01 -4.650000e-01
-6.145378e-01 -4.640000e-01
-6.140976e-01 -4.630000e-01
-6.136567e-01 -4.620000e-01
-6.132151e-01 -4.610000e-01
-6.127727e-01 -4.600000e-01
-6.123297e-01 -4.590000e-01
-6.118858e-01 -4.580000e-01
-6.114413e-01 -4.570000e-01
-6.109959e-01 -4.560000e-01
-6.105499e-01 -4.550000e-01
-6.101030e-01 -4.540000e-01
-6.096554e-01 -4.530000e-01
-6.092070e-01 -4.520000e-01
-6.087578e-01 -4.510000e-01
-6.083079e-01 -4.500000e-01
-6.078571e-01 -4.490000e-01
-6.074055e-01 -4.480000e-01
-6.069532e-01 -4.470000e-01
-6.065000e-01 -4.460000e-01
-6.060460e-01 -4.450000e-01
-6.055911e-01 -4.440000e-01
-6.051355e-01 -4.430000e-01
-6.046790e-01 -4.420000e-01
-6.042216e-01 -4.410000e-01
-6.037634e-01 -4.400000e-01
-6.033043e-01 -4.390000e-01
-6.028444e-01 -4.380000e-01
-6.023836e-01 -4.370000e-01
-6.019220e-01 -4.360000e-01
-6.014594e-01 -4.350000e-01
-6.009960e-01 -4.340000e-01
-6.005316e-01 -4.330000e-01
-6.000664e-01 -4.320000e-01
-5.996003e-01 -4.310000e-01
-5.991332e-01 -4.300000e-01
-5.986652e-01 -4.290000e-01
-5.981963e-01 -4.280000e-01
-5.977265e-01 -4.270000e-01
-5.972557e-01 -4.260000e-01
-5.967840e-01 -4.250000e-01
-5.963114e-01 -4.240000e-01
-5.958377e-01 -4.230000e-01
-5.953632e-01 -4.220000e-01
-5.948876e-01 -4.210000e-01
-5.944111e-01 -4.200000e-01
-5.939336e-01 -4.190000e-01
-5.934551e-01 -4.180000e-01
-5.929756e-01 -4.170000e-01
-5.924951e-01 -4.160000e-01
-5.920136e-01 -4.150000e-01
-5.915312e-01 -4.140000e-01
-5.910477e-01 -4.130000e-01
-5.905633e-01 -4.120000e-01
-5.900780e-01 -4.110000e-01
-5.895917e-01 -4.100000e-01
-5.891044e-01 -4.090000e-01
-5.886163e-01 -4.080000e-01
-5.881272e-01 -4.070000e-01
-5.876373e-01 -4.060000e-01
-5.871464e-01 -4.050000e-01
-5.866547e-01 -4.040000e-01
-5.861621e-01 -4.030000e-01
-5.856686e-01 -4.020000e-01
-5.851743e-01 -4.010000e-01
-5.846792e-01 -4.000000e-01
-5.841832e-01 -3.990000e-01
-5.836864e-01 -3.980000e-01
-5.831888e-01 -3.970000e-01
-5.826904e-01 -3.960000e-01
-5.821912e-01 -3.950000e-01
-5.816913e-01 -3.940000e-01
-5.811906e-01 -3.930000e-01
-5.806891e-01 -3.920000e-01
-5.801869e-01 -3.910000e-01
-5.796839e-01 -3.900000e-01
-5.791803e-01 -3.890000e-01
-5.786759e-01 -3.880000e-01
-5.781708e-01 -3.870000e-01
-5.776650e-01 -3.860000e-01
-5.771586e-01 -3.850000e-01
-5.766515e-01 -3.840000e-01
-5.761437e-01 -3.830000e-01
-5.756353e-01 -3.820000e-01
-5.751262e-01 -3.810000e-01
-5.746165e-01 -3.800000e-01
-5.741062e-01 -3.790000e-01
-5.735952e-01 -3.780000e-01
-5.730837e-01 -3.770000e-01
-5.725716e-01 -3.760000e-01
-5.720589e-01 -3.750000e-01
-5.715457e-01 -3.740000e-01
-5.710319e-01 -3.730000e-01
-5.705176e-01 -3.720000e-01
-5.700027e-01 -3.710000e-01
-5.694873e-01 -3.700000e-01
-5.689714e-01 -3.690000e-01
-5.684549e-01 -3.680000e-01
-5.679380e-01 -3.670000e-01
-5.674206e-01 -3.660000e-01
-5.669028e-01 -3.650000e-01
-5.663845e-01 -3.640000e-01
-5.658657e-01 -3.630000e-01
-5.653465e-01 -3.620000e-01
-5.648268e-01 -3.610000e-01
-5.643068e-01 -3.600000e-01
-5.637863e-01 -3.590000e-01
-5.632655e-01 -3.580000e-01
-5.627442e-01 -3.570000e-01
-5.622226e-01 -3.560000e-01
-5.617006e-01 -3.550000e-01
-5.611783e-01 -3.540000e-01
-5.606556e-01 -3.530000e-01
-5.601325e-01 -3.520000e-01
-5.596092e-01 -3.510000e-01
-5.590855e-01 -3.500000e-01
-5.585616e-01 -3.490000e-01
-5.580373e-01 -3.480000e-01
-5.575127e-01 -3.470000e-01
-5.569879e-01 -3.460000e-01
-5.564629e-01 -3.450000e-01
-5.559375e-01 -3.440000e-01
-5.554120e-01 -3.430000e-01
-5.548862e-01 -3.420000e-01
-5.543602e-01 -3.410000e-01
-5.538339e-01 -3.400000e-01
-5.533075e-01 -3.390000e-01
-5.527809e-01 -3.380000e-01
-5.522541e-01 -3.370000e-01
-5.517272e-01 -3.360000e-01
-5.512000e-01 -3.350000e-01
-5.506728e-01 -3.340000e-01
-5.501454e-01 -3.330000e-01
-5.496179e-01 -3.320000e-01
-5.490901e-01 -3.310000e-01
-5.485621e-01 -3.300000e-01
-5.480337e-01 -3.290000e-01
-5.475050e-01 -3.280000e-01
-5.469757e-01 -3.270000e-01
-5.464460e-01 -3.260000e-01
-5.459157e-01 -3.250000e-01
-5.453848e-01 -3.240000e-01
-5.448531e-01 -3.230000e-01
-5.443207e-01 -3.220000e-01
-5.437875e-01 -3.210000e-01
-5.432533e-01 -3.200000e-01
-5.427183e-01 -3.190000e-01
-5.421822e-01 -3.180000e-01
-5.416450e-01 -3.170000e-01
-5.411068e-01 -3.160000e-01
-5.405673e-01 -3.150000e-01
-5.400266e-01 -3.140000e-01
-5.394845e-01 -3.130000e-01
-5.389411e-01 -3.120000e-01
-5.383962e-01 -3.110000e-01
-5.378499e-01 -3.100000e-01
-5.373019e-01 -3.090000e-01
-5.367524e-01 -3.080000e-01
-5.362012e-01 -3.070000e-01
-5.356482e-01 -3.060000e-01
-5.350934e-01 -3.050000e-01
-5.345368e-01 -3.040000e-01
-5.339782e-01 -3.030000e-01
-5.334176e-01 -3.020000e-01
-5.328550e-01 -3.010000e-01
-5.322902e-01 -3.000000e-01
-5.317233e-01 -2.990000e-01
-5.311542e-01 -2.980000e-01
-5.305827e-01 -2.970000e-01
-5.300089e-01 -2.960000e-01
-5.294327e-01 -2.950000e-01
-5.288540e-01 -2.940000e-01
-5.282727e-01 -2.930000e-01
-5.276888e-01 -2.920000e-01
-5.271023e-01 -2.910000e-01
-5.265130e-01 -2.900000e-01
-5.259210e-01 -2.890000e-01
-5.253261e-01 -2.880000e-01
-5.247283e-01 -2.870000e-01
-5.241275e-01 -2.860000e-01
-5.235236e-01 -2.850000e-01
-5.229167e-01 -2.840000e-01
-5.223066e-01 -2.830000e-01
-5.216933e-01 -2.820000e-01
-5.210767e-01 -2.810000e-01
-5.204568e-01 -2.800000e-01
-5.198335e-01 -2.790000e-01
-5.192067e-01 -2.780000e-01
-5.185764e-01 -2.770000e-01
-5.179425e-01 -2.760000e-01
-5.173049e-01 -2.750000e-01
-5.166636e-01 -2.740000e-01
-5.160186e-01 -2.730000e-01
-5.153697e-01 -2.720000e-01
-5.147169e-01 -2.710000e-01
-5.140602e-01 -2.700000e-01
-5.133994e-01 -2.690000e-01
-5.127346e-01 -2.680000e-01
-5.120656e-01 -2.670000e-01
-5.113925e-01 -2.660000e-01
-5.107150e-01 -2.650000e-01
-5.100333e-01 -2.640000e-01
-5.093471e-01 -2.630000e-01
-5.086565e-01 -2.620000e-01
-5.079614e-01 -2.610000e-01
-5.072617e-01 -2.600000e-01
-5.065574e-01 -2.590000e-01
-5.058484e-01 -2.580000e-01
-5.051346e-01 -2.570000e-01
-5.044161e-01 -2.560000e-01
-5.036926e-01 -2.550000e-01
-5.029642e-01 -2.540000e-01
-5.022308e-01 -2.530000e-01
-5.014924e-01 -2.520000e-01
-5.007488e-01 -2.510000e-01
-5.000000e-01 -2.500000e-01
-4.992460e-01 -2.490000e-01
-4.984870e-01 -2.480000e-01
-4.977231e-01 -2.470000e-01
-4.969544e-01 -2.460000e-01
-4.961813e-01 -2.450000e-01
-4.954038e-01 -2.440000e-01
-4.946222e-01 -2.430000e-01
-4.938366e-01 -2.420000e-01
-4.930473e-01 -2.410000e-01
-4.922543e-01 -2.400000e-01
-4.914579e-01 -2.390000e-01
-4.906583e-01 -2.380000e-01
-4.898556e-01 -2.370000e-01
-4.890500e-01 -2.360000e-01
-4.882418e-01 -2.350000e-01
-4.874310e-01 -2.340000e-01
-4.866179e-01 -2.330000e-01
-4.858027e-01 -2.320000e-01
-4.849856e-01 -2.310000e-01
-4.841666e-01 -2.300000e-01
-4.833461e-01 -2.290000e-01
-4.825241e-01 -2.280000e-01
-4.817009e-01 -2.270000e-01
-4.808767e-01 -2.260000e-01
-4.800516e-01 -2.250000e-01
-4.792259e-01 -2.240000e-01
-4.783996e-01 -2.230000e-01
-4.775730e-01 -2.220000e-01
-4.767463e-01 -2.210000e-01
-4.759197e-01 -2.200000e-01
-4.750933e-01 -2.190000e-01
-4.742673e-01 -2.180000e-01
-4.734419e-01 -2.170000e-01
-4.726173e-01 -2.160000e-01
-4.717936e-01 -2.150000e-01
-4.709711e-01 -2.140000e-01
-4.701500e-01 -2.130000e-01
-4.693303e-01 -2.120000e-01
-4.685123e-01 -2.110000e-01
-4.676963e-01 -2.100000e-01
-4.668823e-01 -2.090000e-01
-4.660705e-01 -2.080000e-01
-4.652611e-01 -2.070000e-01
-4.644544e-01 -2.060000e-01
-4.636505e-01 -2.050000e-01
-4.628495e-01 -2.040000e-01
-4.620517e-01 -2.030000e-01
-4.612572e-01 -2.020000e-01
-4.604663e-01 -2.010000e-01
-4.596790e-01 -2.000000e-01
-4.588957e-01 -1.990000e-01
-4.581164e-01 -1.980000e-01
-4.573414e-01 -1.970000e-01
-4.565708e-01 -1.960000e-01
-4.558049e-01 -1.950000e-01
-4.550437e-01 -1.940000e-01
-4.542875e-01 -1.930000e-01
-4.535365e-01 -1.920000e-01
-4.527909e-01 -1.910000e-01
-4.520507e-01 -1.900000e-01
-4.513163e-01 -1.890000e-01
-4.505878e-01 -1.880000e-01
-4.498654e-01 -1.870000e-01
-4.491492e-01 -1.860000e-01
-4.484395e-01 -1.850000e-01
-4.477364e-01 -1.840000e-01
-4.470402e-01 -1.830000e-01
-4.463509e-01 -1.820000e-01
-4.456688e-01 -1.810000e-01
-4.449941e-01 -1.800000e-01
-4.443269e-01 -1.790000e-01
-4.436674e-01 -1.780000e-01
-4.430159e-01 -1.770000e-01
-4.423724e-01 -1.760000e-01
-4.417372e-01 -1.750000e-01
-4.411105e-01 -1.740000e-01
-4.404924e-01 -1.730000e-01
-4.398831e-01 -1.720000e-01
-4.392829e-01 -1.710000e-01
-4.386918e-01 -1.700000e-01
-4.381101e-01 -1.690000e-01
-4.375379e-01 -1.680000e-01
-4.369755e-01 -1.670000e-01
-4.364230e-01 -1.660000e-01
-4.358798e-01 -1.650000e-01
-4.353454e-01 -1.640000e-01
-4.348187e-01 -1.630000e-01
-4.342990e-01 -1.620000e-01
-4.337855e-01 -1.610000e-01
-4.332773e-01 -1.600000e-01
-4.327737e-01 -1.590000e-01
-4.322738e-01 -1.580000e-01
-4.317769e-01 -1.570000e-01
-4.312820e-01 -1.560000e-01
-4.307885e-01 -1.550000e-01
-4.302954e-01 -1.540000e-01
-4.298020e-01 -1.530000e-01
-4.293074e-01 -1.520000e-01
-4.288109e-01 -1.510000e-01
-4.283115e-01 -1.500000e-01
-4.278086e-01 -1.490000e-01
-4.273013e-01 -1.480000e-01
-4.267887e-01 -1.470000e-01
-4.262701e-01 -1.460000e-01
-4.257446e-01 -1.450000e-01
-4.252114e-01 -1.440000e-01
-4.246698e-01 -1.430000e-01
-4.241189e-01 -1.420000e-01
-4.235578e-01 -1.410000e-01
-4.229858e-01 -1.400000e-01
-4.224021e-01 -1.390000e-01
-4.218058e-01 -1.380000e-01
-4.211962e-01 -1.370000e-01
-4.205723e-01 -1.360000e-01
-4.199334e-01 -1.350000e-01
-4.192788e-01 -1.340000e-01
-4.186074e-01 -1.330000e-01
-4.179187e-01 -1.320000e-01
-4.172116e-01 -1.310000e-01
-4.164855e-01 -1.300000e-01
-4.157395e-01 -1.290000e-01
-4.149728e-01 -1.280000e-01
-4.141846e-01 -1.270000e-01
-4.133740e-01 -1.260000e-01
-4.125403e-01 -1.250000e-01
-4.116826e-01 -1.240000e-01
-4.108001e-01 -1.230000e-01
-4.098921e-01 -1.220000e-01
-4.089576e-01 -1.210000e-01
-4.079959e-01 -1.200000e-01
-4.070061e-01 -1.190000e-01
-4.059875e-01 -1.180000e-01
-4.049393e-01 -1.170000e-01
-4.038605e-01 -1.160000e-01
-4.027504e-01 -1.150000e-01
-4.016083e-01 -1.140000e-01
-4.004332e-01 -1.130000e-01
-3.992243e-01 -1.120000e-01
-3.979809e-01 -1.110000e-01
-3.967021e-01 -1.100000e-01
-3.953872e-01 -1.090000e-01
-3.940352e-01 -1.080000e-01
-3.926454e-01 -1.070000e-01
-3.912170e-01 -1.060000e-01
-3.897491e-01 -1.050000e-01
-3.882410e-01 -1.040000e-01
-3.866918e-01 -1.030000e-01
-3.851007e-01 -1.020000e-01
-3.834669e-01 -1.010000e-01
-3.817896e-01 -1.000000e-01
-3.800679e-01 -9.900000e-02
-3.783011e-01 -9.800000e-02
-3.764883e-01 -9.700000e-02
-3.746288e-01 -9.600000e-02
-3.727216e-01 -9.500000e-02
-3.707661e-01 -9.400000e-02
-3.687613e-01 -9.300000e-02
-3.667065e-01 -9.200000e-02
-3.646008e-01 -9.100000e-02
-3.624435e-01 -9.000000e-02
-3.602336e-01 -8.900000e-02
-3.579705e-01 -8.800000e-02
-3.556533e-01 -8.700000e-02
-3.532811e-01 -8.600000e-02
-3.508532e-01 -8.500000e-02
-3.483688e-01 -8.400000e-02
-3.458269e-01 -8.300000e-02
-3.432275e-01 -8.200000e-02
-3.405711e-01 -8.100000e-02
-3.378584e-01 -8.000000e-02
-3.350901e-01 -7.900000e-02
-3.322669e-01 -7.800000e-02
-3.293895e-01 -7.700000e-02
-3.264585e-01 -7.600000e-02
-3.234748e-01 -7.500000e-02
-3.204389e-01 -7.400000e-02
-3.173516e-01 -7.300000e-02
-3.142136e-01 -7.200000e-02
-3.110255e-01 -7.100000e-02
-3.077881e-01 -7.000000e-02
-3.045020e-01 -6.900000e-02
-3.011680e-01 -6.800000e-02
-2.977868e-01 -6.700000e-02
-2.943589e-01 -6.600000e-02
-2.908852e-01 -6.500000e-02
-2.873663e-01 -6.400000e-02
-2.838030e-01 -6.300000e-02
-2.801959e-01 -6.200000e-02
-2.765456e-01 -6.100000e-02
-2.728530e-01 -6.000000e-02
-2.691187e-01 -5.900000e-02
-2.653434e-01 -5.800000e-02
-2.615277e-01 -5.700000e-02
-2.576725e-01 -5.600000e-02
-2.537783e-01 -5.500000e-02
-2.498460e-01 -5.400000e-02
-2.458760e-01 -5.300000e-02
-2.418693e-01 -5.200000e-02
-2.378264e-01 -5.100000e-02
-2.337481e-01 -5.000000e-02
-2.296350e-01 -4.900000e-02
-2.254879e-01 -4.800000e-02
-2.213074e-01 -4.700000e-02
-2.170942e-01 -4.600000e-02
-2.128491e-01 -4.500000e-02
-2.085727e-01 -4.400000e-02
-2.042657e-01 -4.300000e-02
-1.999289e-01 -4.200000e-02
-1.955628e-01 -4.100000e-02
-1.911683e-01 -4.000000e-02
-1.867460e-01 -3.900000e-02
-1.822965e-01 -3.800000e-02
-1.778207e-01 -3.700000e-02
-1.733191e-01 -3.600000e-02
-1.687925e-01 -3.500000e-02
-1.642416e-01 -3.400000e-02
-1.596671e-01 -3.300000e-02
-1.550696e-01 -3.200000e-02
-1.504499e-01 -3.100000e-02
-1.458086e-01 -3.000000e-02
-1.411465e-01 -2.900000e-02
-1.364643e-01 -2.800000e-02
-1.317625e-01 -2.700000e-02
-1.270421e-01 -2.600000e-02
-1.223035e-01 -2.500000e-02
-1.175476e-01 -2.400000e-02
-1.127750e-01 -2.300000e-02
-1.079864e-01 -2.200000e-02
-1.031825e-01 -2.100000e-02
-9.836404e-02 -2.000000e-02
-9.353166e-02 -1.900000e-02
-8.868609e-02 -1.800000e-02
-8.382800e-02 -1.700000e-02
-7.895810e-02 -1.600000e-02
-7.407708e-02 -1.500000e-02
-6.918563e-02 -1.400000e-02
-6.428446e-02 -1.300000e-02
-5.937425e-02 -1.200000e-02
-5.445570e-02 -1.100000e-02
-4.952950e-02 -1.000000e-02
-4.459636e-02 -9.000000e-03
-3.965696e-02 -8.000000e-03
-3.471200e-02 -7.000000e-03
-2.976218e-02 -6.000000e-03
-2.480819e-02 -5.000000e-03
-1.985072e-02 -4.000000e-03
-1.489047e-02 -3.000000e-03
-9.928140e-03 -2.000000e-03
-4.964417e-03 -1.000000e-03
4.374943e-15 8.812395e-16
4.964417e-03 1.000000e-03
9.928140e-03 2.000000e-03
1.489047e-02 3.000000e-03
1.985072e-02 4.000000e-03
2.480819e-02 5.000000e-03
2.976218e-02 6.000000e-03
3.471200e-02 7.000000e-03
3.965696e-02 8.000000e-03
4.459636e-02 9.000000e-03
4.952950e-02 1.000000e-02
5.445570e-02 1.100000e-02
5.937425e-02 1.200000e-02
6.428446e-02 1.300000e-02
6.918563e-02 1.400000e-02
7.407708e-02 1.500000e-02
7.895810e-02 1.600000e-02
8.382800e-02 1.700000e-02
8.868609e-02 1.800000e-02
9.353166e-02 1.900000e-02
9.836404e-02 2.000000e-02
1.031825e-01 2.100000e-02
1.079864e-01 2.200000e-02
1.127750e-01 2.300000e-02
1.175476e-01 2.400000e-02
1.223035e-01 2.500000e-02
1.270421e-01 2.600000e-02
1.317625e-01 2.700000e-02
1.364643e-01 2.800000e-02
1.411465e-01 2.900000e-02
1.458086e-01 3.000000e-02
1.504499e-01 3.100000e-02
1.550696e-01 3.200000e-02
1.596671e-01 3.300000e-02
1.642416e-01 3.400000e-02
1.687925e-01 3.500000e-02
1.733191e-01 3.600000e-02
1.778207e-01 3.700000e-02
1.822965e-01 3.800000e-02
1.867460e-01 3.900000e-02
1.911683e-01 4.000000e-02
1.955628e-01 4.100000e-02
1.999289e-01 4.200000e-02
2.042657e-01 4.300000e-02
2.085727e-01 4.400000e-02
2.128491e-01 4.500000e-02
2.170942e-01 4.600000e-02
2.213074e-01 4.700000e-02
2.254879e-01 4.800000e-02
2.296350e-01 4.900000e-02
2.337481e-01 5.000000e-02
2.378264e-01 5.100000e-02
2.418693e-01 5.200000e-02
2.458760e-01 5.300000e-02
2.498460e-01 5.400000e-02
2.537783e-01 5.500000e-02
2.576725e-01 5.600000e-02
2.615277e-01 5.700000e-02
2.653434e-01 5.800000e-02
2.691187e-01 5.900000e-02
2.728530e-01 6.000000e-02
2.765456e-01 6.100000e-02
2.801959e-01 6.200000e-02
2.838030e-01 6.300000e-02
2.873663e-01 6.400000e-02
2.908852e-01 6.500000e-02
2.943589e-01 6.600000e-02
2.977868e-01 6.700000e-02
3.011680e-01 6.800000e-02
3.045020e-01 6.900000e-02
3.077881e-01 7.000000e-02
3.110255e-01 7.100000e-02
3.142136e-01 7.200000e-02
3.173516e-01 7.300000e-02
3.204389e-01 7.400000e-02
3.234748e-01 7.500000e-02
3.264585e-01 7.600000e-02
3.293895e-01 7.700000e-02
3.322669e-01 7.800000e-02
3.350901e-01 7.900000e-02
3.378584e-01 8.000000e-02
3.405711e-01 8.100000e-02
3.432275e-01 8.200000e-02
3.458269e-01 8.300000e-02
3.483688e-01 8.400000e-02
3.508532e-01 8.500000e-02
3.532811e-01 8.600000e-02
3.556533e-01 8.700000e-02
3.579705e-01 8.800000e-02
3.602336e-01 8.900000e-02
3.624435e-01 9.000000e-02
3.646008e-01 9.100000e-02
3.667065e-01 9.200000e-02
3.687613e-01 9.300000e-02
3.707661e-01 9.400000e-02
3.727216e-01 9.500000e-02
3.746288e-01 9.600000e-02
3.764883e-01 9.700000e-02
3.783011e-01 9.800000e-02
3.800679e-01 9.900000e-02
3.817896e-01 1.000000e-01
3.834669e-01 1.010000e-01
3.851007e-01 1.020000e-01
3.866918e-01 1.030000e-01
3.882410e-01 1.040000e-01
3.897491e-01 1.050000e-01
3.912170e-01 1.060000e-01
3.926454e-01 1.070000e-01
3.940352e-01 1.080000e-01
3.953872e-01 1.090000e-01
3.967021e-01 1.100000e-01
3.979809e-01 1.110000e-01
3.992243e-01 1.120000e-01
4.004332e-01 1.130000e-01
4.016083e-01 1.140000e-01
4.027504e-01 1.150000e-01
4.038605e-01 1.160000e-01
4.049393e-01 1.170000e-01
4.059875e-01 1.180000e-01
4.070061e-01 1.190000e-01
4.079959e-01 1.200000e-01
4.089576e-01 1.210000e-01
4.098921e-01 1.220000e-01
4.108001e-01 1.230000e-01
4.116826e-01 1.240000e-01
4.125403e-01 1.250000e-01
4.133740e-01 1.260000e-01
4.141846e-01 1.270000e-01
4.149728e-01 1.280000e-01
4.157395e-01 1.290000e-01
4.164855e-01 1.300000e-01
4.172116e-01 1.310000e-01
4.179187e-01 1.320000e-01
4.186074e-01 1.330000e-01
4.192788e-01 1.340000e-01
4.199334e-01 1.350000e-01
4.205723e-01 1.360000e-01
4.211962e-01 1.370000e-01
4.218058e-01 1.380000e-01
4.224021e-01 1.390000e-01
4.229858e-01 1.400000e-01
4.235578e-01 1.410000e-01
4.241189e-01 1.420000e-01
4.246698e-01 1.430000e-01
4.252114e-01 1.440000e-01
4.257446e-01 1.450000e-01
4.262701e-01 1.460000e-01
4.267887e-01 1.470000e-01
4.273013e-01 1.480000e-01
4.278086e-01 1.490000e-01
4.283115e-01 1.500000e-01
4.288109e-01 1.510000e-01
4.293074e-01 1.520000e-01
4.298020e-01 1.530000e-01
4.302954e-01 1.540000e-01
4.307885e-01 1.550000e-01
4.312820e-01 1.560000e-01
4.317769e-01 1.570000e-01
4.322738e-01 1.580000e-01
4.327737e-01 1.590000e-01
4.332773e-01 1.600000e-01
4.337855e-01 1.610000e-01
4.342990e-01 1.620000e-01
4.348187e-01 1.630000e-01
4.353454e-01 1.640000e-01
4.358798e-01 1.650000e-01
4.364230e-01 1.660000e-01
4.369755e-01 1.670000e-01
4.375379e-01 1.680000e-01
4.381101e-01 1.690000e-01
4.386918e-01 1.700000e-01
4.392829e-01 1.710000e-01
4.398831e-01 1.720000e-01
4.404924e-01 1.730000e-01
4.411105e-01 1.740000e-01
4.417372e-01 1.750000e-01
4.423724e-01 1.760000e-01
4.430159e-01 1.770000e-01
4.436674e-01 1.780000e-01
4.443269e-01 1.790000e-01
4.449941e-01 1.800000e-01
4.456688e-01 1.810000e-01
4.463509e-01 1.820000e-01
4.470402e-01 1.830000e-01
4.477364e-01 1.840000e-01
4.484395e-01 1.850000e-01
4.491492e-01 1.860000e-01
4.498654e-01 1.870000e-01
4.505878e-01 1.880000e-01
4.513163e-01 1.890000e-01
4.520507e-01 1.900000e-01
4.527909e-01 1.910000e-01
4.535365e-01 1.920000e-01
4.542875e-01 1.930000e-01
4.550437e-01 1.940000e-01
4.558049e-01 1.950000e-01
4.565708e-01 1.960000e-01
4.573414e-01 1.970000e-01
4.581164e-01 1.980000e-01
4.588957e-01 1.990000e-01
4.596790e-01 2.000000e-01
4.604663e-01 2.010000e-01
4.612572e-01 2.020000e-01
4.620517e-01 2.030000e-01
4.628495e-01 2.040000e-01
4.636505e-01 2.050000e-01
4.644544e-01 2.060000e-01
4.652611e-01 2.070000e-01
4.660705e-01 2.080000e-01
4.668823e-01 2.090000e-01
4.676963e-01 2.100000e-01
4.685123e-01 2.110000e-01
4.693303e-01 2.120000e-01
4.701500e-01 2.130000e-01
4.709711e-01 2.140000e-01
4.717936e-01 2.150000e-01
4.726173e-01 2.160000e-01
4.734419e-01 2.170000e-01
4.742673e-01 2.180000e-01
4.750933e-01 2.190000e-01
4.759197e-01 2.200000e-01
4.767463e-01 2.210000e-01
4.775730e-01 2.220000e-01
4.783996e-01 2.230000e-01
4.792259e-01 2.240000e-01
4.800516e-01 2.250000e-01
4.808767e-01 2.260000e-01
4.817009e-01 2.270000e-01
4.825241e-01 2.280000e-01
4.833461e-01 2.290000e-01
4.841666e-01 2.300000e-01
4.849856e-01 2.310000e-01
4.858027e-01 2.320000e-01
4.866179e-01 2.330000e-01
4.874310e-01 2.340000e-01
4.882418e-01 2.350000e-01
4.890500e-01 2.360000e-01
4.898556e-01 2.370000e-01
4.906583e-01 2.380000e-01
4.914579e-01 2.390000e-01
4.922543e-01 2.400000e-01
4.930473e-01 2.410000e-01
4.938366e-01 2.420000e-01
4.946222e-01 2.430000e-01
4.954038e-01 2.440000e-01
4.961813e-01 2.450000e-01
4.969544e-01 2.460000e-01
4.977231e-01 2.470000e-01
4.984870e-01 2.480000e-01
4.992460e-01 2.490000e-01
5.000000e-01 2.500000e-01
5.007488e-01 2.510000e-01
5.014924e-01 2.520000e-01
5.022308e-01 2.530000e-01
5.029642e-01 2.540000e-01
5.036926e-01 2.550000e-01
5.044161e-01 2.560000e-01
5.051346e-01 2.570000e-01
5.058484e-01 2.580000e-01
5.065574e-01 2.590000e-01
5.072617e-01 2.600000e-01
5.079614e-01 2.610000e-01
5.086565e-01 2.620000e-01
5.093471e-01 2.630000e-01
5.100333e-01 2.640000e-01
5.107150e-01 2.650000e-01
5.113925e-01 2.660000e-01
5.120656e-01 2.670000e-01
5.127346e-01 2.680000e-01
5.133994e-01 2.690000e-01
5.140602e-01 2.700000e-01
5.147169e-01 2.710000e-01
5.153697e-01 2.720000e-01
5.160186e-01 2.730000e-01
5.166636e-01 2.740000e-01
5.173049e-01 2.750000e-01
5.179425e-01 2.760000e-01
5.185764e-01 2.770000e-01
5.192067e-01 2.780000e-01
5.198335e-01 2.790000e-01
5.204568e-01 2.800000e-01
5.210767e-01 2.810000e-01
5.216933e-01 2.820000e-01
5.223066e-01 2.830000e-01
5.229167e-01 2.840000e-01
5.235236e-01 2.850000e-01
5.241275e-01 2.860000e-01
5.247283e-01 2.870000e-01
5.253261e-01 2.880000e-01
5.259210e-01 2.890000e-01
5.265130e-01 2.900000e-01
5.271023e-01 2.910000e-01
5.276888e-01 2.920000e-01
5.282727e-01 2.930000e-01
5.288540e-01 2.940000e-01
5.294327e-01 2.950000e-01
5.300089e-01 2.960000e-01
5.305827e-01 2.970000e-01
5.311542e-01 2.980000e-01
5.317233e-01 2.990000e-01
5.322902e-01 3.000000e-01
5.328550e-01 3.010000e-01
5.334176e-01 3.020000e-01
5.339782e-01 3.030000e-01
5.345368e-01 3.040000e-01
5.350934e-01 3.050000e-01
5.356482e-01 3.060000e-01
5.362012e-01 3.070000e-01
5.367524e-01 3.080000e-01
5.373019e-01 3.090000e-01
5.378499e-01 3.100000e-01
5.383962e-01 3.110000e-01
5.389411e-01 3.120000e-01
5.394845e-01 3.130000e-01
5.400266e-01 3.140000e-01
5.405673e-01 3.150000e-01
5.411068e-01 3.160000e-01
5.416450e-01 3.170000e-01
5.421822e-01 3.180000e-01
5.427183e-01 3.190000e-01
5.432533e-01 3.200000e-01
5.437875e-01 3.210000e-01
5.443207e-01 3.220000e-01
5.448531e-01 3.230000e-01
5.453848e-01 3.240000e-01
5.459157e-01 3.250000e-01
5.464460e-01 3.260000e-01
5.469757e-01 3.270000e-01
5.475050e-01 3.280000e-01
5.480337e-01 3.290000e-01
5.485621e-01 3.300000e-01
5.490901e-01 3.310000e-01
5.496179e-01 3.320000e-01
5.501454e-01 3.330000e-01
5.506728e-01 3.340000e-01
5.512000e-01 3.350000e-01
5.517272e-01 3.360000e-01
5.522541e-01 3.370000e-01
5.527809e-01 3.380000e-01
5.533075e-01 3.390000e-01
5.538339e-01 3.400000e-01
5.543602e-01 3.410000e-01
5.548862e-01 3.420000e-01
5.554120e-01 3.430000e-01
5.559375e-01 3.440000e-01
5.564629e-01 3.450000e-01
5.569879e-01 3.460000e-01
5.575127e-01 3.470000e-01
5.580373e-01 3.480000e-01
5.585615e-01 3.490000e-01
5.590855e-01 3.500000e-01
5.596092e-01 3.510000e-01
5.601325e-01 3.520000e-01
5.606556e-01 3.530000e-01
5.611783e-01 3.540000e-01
5.617006e-01 3.550000e-01
5.622226e-01 3.560000e-01
5.627442e-01 3.570000e-01
5.632655e-01 3.580000e-01
5.637863e-01 3.590000e-01
5.643068e-01 3.600000e-01
5.648268e-01 3.610000e-01
5.653465e-01 3.620000e-01
5.658657e-01 3.630000e-01
5.663845e-01 3.640000e-01
5.669028e-01 3.650000e-01
5.674206e-01 3.660000e-01
5.679380e-01 3.670000e-01
5.684549e-01 3.680000e-01
5.689714e-01 3.690000e-01
5.694873e-01 3.700000e-01
5.700027e-01 3.710000e-01
5.705176e-01 3.720000e-01
5.710319e-01 3.730000e-01
5.715457e-01 3.740000e-01
5.720589e-01 3.750000e-01
5.725716e-01 3.760000e-01
5.730837e-01 3.770000e-01
5.735952e-01 3.780000e-01
5.741062e-01 3.790000e-01
5.746165e-01 3.800000e-01
5.751262e-01 3.810000e-01
5.756352e-01 3.820000e-01
5.761437e-01 3.830000e-01
5.766515e-01 3.840000e-01
5.771586e-01 3.850000e-01
5.776650e-01 3.860000e-01
5.781708e-01 3.870000e-01
5.786759e-01 3.880000e-01
5.791803e-01 3.890000e-01
5.796839e-01 3.900000e-01
5.801869e-01 3.910000e-01
5.806891e-01 3.920000e-01
5.811906e-01 3.930000e-01
5.816913e-01 3.940000e-01
5.821912e-01 3.950000e-01
5.826904e-01 3.960000e-01
5.831888e-01 3.970000e-01
5.836864e-01 3.980000e-01
5.841832e-01 3.990000e-01
5.846792e-01 4.000000e-01
5.851743e-01 4.010000e-01
5.856686e-01 4.020000e-01
5.861621e-01 4.030000e-01
5.866547e-01 4.040000e-01
5.871464e-01 4.050000e-01
5.876373e-01 4.060000e-01
5.881272e-01 4.070000e-01
5.886163e-01 4.080000e-01
5.891044e-01 4.090000e-01
5.895917e-01 4.100000e-01
5.900780e-01 4.110000e-01
5.905633e-01 4.120000e-01
5.910477e-01 4.130000e-01
5.915312e-01 4.140000e-01
5.920136e-01 4.150000e-01
5.924951e-01 4.160000e-01
5.929756e-01 4.170000e-01
5.934551e-01 4.180000e-01
5.939336e-01 4.190000e-01
5.944111e-01 4.200000e-01
5.948876e-01 4.210000e-01
5.953632e-01 4.220000e-01
5.958377e-01 4.230000e-01
5.963114e-01 4.240000e-01
5.967840e-01 4.250000e-01
5.972557e-01 4.260000e-01
5.977265e-01 4.270000e-01
5.981963e-01 4.280000e-01
5.986652e-01 4.290000e-01
5.991332e-01 4.300000e-01
5.996003e-01 4.310000e-01
6.000664e-01 4.320000e-01
6.005316e-01 4.330000e-01
6.009960e-01 4.340000e-01
6.014594e-01 4.350000e-01
6.019220e-01 4.360000e-01
6.023836e-01 4.370000e-01
6.028444e-01 4.380000e-01
6.033044e-01 4.390000e-01
6.037634e-01 4.400000e-01
6.042216e-01 4.410000e-01
6.046790e-01 4.420000e-01
6.051355e-01 4.430000e-01
6.055911e-01 4.440000e-01
6.060460e-01 4.450000e-01
6.065000e-01 4.460000e-01
6.069532e-01 4.470000e-01
6.074055e-01 4.480000e-01
6.078571e-01 4.490000e-01
6.083079e-01 4.500000e-01
6.087578e-01 4.510000e-01
6.092070e-01 4.520000e-01
6.096554e-01 4.530000e-01
6.101030e-01 4.540000e-01
6.105499e-01 4.550000e-01
6.109959e-01 4.560000e-01
6.114413e-01 4.570000e-01
6.118858e-01 4.580000e-01
6.123297e-01 4.590000e-01
6.127728e-01 4.600000e-01
6.132151e-01 4.610000e-01
6.136567e-01 4.620000e-01
6.140976e-01 4.630000e-01
6.145378e-01 4.640000e-01
6.149773e-01 4.650000e-01
6.154161e-01 4.660000e-01
6.158542e-01 4.670000e-01
6.162916e-01 4.680000e-01
6.167283e-01 4.690000e-01
6.171643e-01 4.700000e-01
6.175996e-01 4.710000e-01
6.180343e-01 4.720000e-01
6.184684e-01 4.730000e-01
6.189017e-01 4.740000e-01
6.193345e-01 4.750000e-01
6.197666e-01 4.760000e-01
6.201980e-01 4.770000e-01
6.206288e-01 4.780000e-01
6.210590e-01 4.790000e-01
6.214886e-01 4.800000e-01
6.219176e-01 4.810000e-01
6.223460e-01 4.820000e-01
6.227738e-01 4.830000e-01
6.232009e-01 4.840000e-01
6.236275e-01 4.850000e-01
6.240536e-01 4.860000e-01
6.244790e-01 4.870000e-01
6.249039e-01 4.880000e-01
6.253282e-01 4.890000e-01
6.257520e-01 4.900000e-01
6.261752e-01 4.910000e-01
6.265979e-01 4.920000e-01
6.270200e-01 4.930000e-01
6.274416e-01 4.940000e-01
6.278627e-01 4.950000e-01
6.282833e-01 4.960000e-01
6.287033e-01 4.970000e-01
6.291229e-01 4.980000e-01
6.295420e-01 4.990000e-01
6.299605e-01 5.000000e-01
6.303786e-01 5.010000e-01
6.307962e-01 5.020000e-01
6.312133e-01 5.030000e-01
6.316299e-01 5.040000e-01
6.320461e-01 5.050000e-01
6.324617e-01 5.060000e-01
6.328769e-01 5.070000e-01
6.332916e-01 5.080000e-01
6.337058e-01 5.090000e-01
6.341195e-01 5.100000e-01
6.345327e-01 5.110000e-01
6.349455e-01 5.120000e-01
6.353578e-01 5.130000e-01
6.357696e-01 5.140000e-01
6.361809e-01 5.150000e-01
6.365917e-01 5.160000e-01
6.370021e-01 5.170000e-01
6.374120e-01 5.180000e-01
6.378214e-01 5.190000e-01
6.382303e-01 5.200000e-01
6.386387e-01 5.210000e-01
6.390467e-01 5.220000e-01
6.394542e-01 5.230000e-01
6.398612e-01 5.240000e-01
6.402678e-01 5.250000e-01
6.406739e-01 5.260000e-01
6.410794e-01 5.270000e-01
6.414846e-01 5.280000e-01
6.418892e-01 5.290000e-01
6.422934e-01 5.300000e-01
6.426971e-01 5.310000e-01
6.431003e-01 5.320000e-01
6.435031e-01 5.330000e-01
6.439054e-01 5.340000e-01
6.443072e-01 5.350000e-01
6.447085e-01 5.360000e-01
6.451094e-01 5.370000e-01
6.455098e-01 5.380000e-01
6.459098e-01 5.390000e-01
6.463092e-01 5.400000e-01
6.467082e-01 5.410000e-01
6.471068e-01 5.420000e-01
6.475048e-01 5.430000e-01
6.479024e-01 5.440000e-01
6.482996e-01 5.450000e-01
6.486962e-01 5.460000e-01
6.490924e-01 5.470000e-01
6.494882e-01 5.480000e-01
6.498835e-01 5.490000e-01
6.502783e-01 5.500000e-01
6.506726e-01 5.510000e-01
6.510665e-01 5.520000e-01
6.514599e-01 5.530000e-01
6.518529e-01 5.540000e-01
6.522454e-01 5.550000e-01
6.526374e-01 5.560000e-01
6.530290e-01 5.570000e-01
6.534201e-01 5.580000e-01
6.538108e-01 5.590000e-01
6.542010e-01 5.600000e-01
6.545907e-01 5.610000e-01
6.549800e-01 5.620000e-01
6.553688e-01 5.630000e-01
6.557572e-01 5.640000e-01
6.561451e-01 5.650000e-01
6.565325e-01 5.660000e-01
6.569195e-01 5.670000e-01
6.573060e-01 5.680000e-01
6.576921e-01 5.690000e-01
6.580777e-01 5.700000e-01
6.584629e-01 5.710000e-01
6.588476e-01 5.720000e-01
6.592319e-01 5.730000e-01
6.596157e-01 5.740000e-01
6.599991e-01 5.750000e-01
6.603820e-01 5.760000e-01
6.607644e-01 5.770000e-01
6.611464e-01 5.780000e-01
6.615280e-01 5.790000e-01
6.619091e-01 5.800000e-01
6.622898e-01 5.810000e-01
6.626700e-01 5.820000e-01
6.630497e-01 5.830000e-01
6.634290e-01 5.840000e-01
6.638079e-01 5.850000e-01
6.641863e-01 5.860000e-01
6.645643e-01 5.870000e-01
6.649418e-01 5.880000e-01
6.653189e-01 5.890000e-01
6.656955e-01 5.900000e-01
6.660717e-01 5.910000e-01
6.664475e-01 5.920000e-01
6.668228e-01 5.930000e-01
6.671977e-01 5.940000e-01
6.675722e-01 5.950000e-01
6.679462e-01 5.960000e-01
6.683198e-01 5.970000e-01
6.686929e-01 5.980000e-01
6.690657e-01 5.990000e-01
6.694380e-01 6.000000e-01
6.698099e-01 6.010000e-01
6.701813e-01 6.020000e-01
6.705523e-01 6.030000e-01
6.709229e-01 6.040000e-01
6.712931e-01 6.050000e-01
6.716629e-01 6.060000e-01
6.720322e-01 6.070000e-01
6.724012e-01 6.080000e-01
6.727697e-01 6.090000e-01
6.731378e-01 6.100000e-01
6.735055e-01 6.110000e-01
6.738727e-01 6.120000e-01
6.742396e-01 6.130000e-01
6.746061e-01 6.140000e-01
6.749721e-01 6.150000e-01
6.753378e-01 6.160000e-01
6.757030e-01 6.170000e-01
6.760678e-01 6.180000e-01
6.764322e-01 6.190000e-01
6.767963e-01 6.200000e-01
6.771599e-01 6.210000e-01
6.775231e-01 6.220000e-01
6.778860e-01 6.230000e-01
6.782484e-01 6.240000e-01
6.786104e-01 6.250000e-01
6.789721e-01 6.260000e-01
6.793333e-01 6.270000e-01
6.796942e-01 6.280000e-01
6.800546e-01 6.290000e-01
6.804147e-01 6.300000e-01
6.807744e-01 6.310000e-01
6.811337e-01 6.320000e-01
6.814927e-01 6.330000e-01
6.818512e-01 6.340000e-01
6.822094e-01 6.350000e-01
6.825671e-01 6.360000e-01
6.829245e-01 6.370000e-01
6.832816e-01 6.380000e-01
6.836382e-01 6.390000e-01
6.839945e-01 6.400000e-01
6.843504e-01 6.410000e-01
6.847059e-01 6.420000e-01
6.850611e-01 6.430000e-01
6.854159e-01 6.440000e-01
6.857703e-01 6.450000e-01
6.861243e-01 6.460000e-01
6.864780e-01 6.470000e-01
6.868313e-01 6.480000e-01
6.871843e-01 6.490000e-01
6.875369e-01 6.500000e-01
6.878891e-01 6.510000e-01
6.882410e-01 6.520000e-01
6.885925e-01 6.530000e-01
6.889436e-01 6.540000e-01
6.892944e-01 6.550000e-01
6.896449e-01 6.560000e-01
6.899950e-01 6.570000e-01
6.903447e-01 6.580000e-01
6.906941e-01 6.590000e-01
6.910431e-01 6.600000e-01
6.913918e-01 6.610000e-01
6.917402e-01 6.620000e-01
6.920882e-01 6.630000e-01
6.924359e-01 6.640000e-01
6.927832e-01 6.650000e-01
6.931301e-01 6.660000e-01
6.934768e-01 6.670000e-01
6.938231e-01 6.680000e-01
6.941690e-01 6.690000e-01
6.945147e-01 6.700000e-01
6.948599e-01 6.710000e-01
6.952049e-01 6.720000e-01
6.955495e-01 6.730000e-01
6.958938e-01 6.740000e-01
6.962377e-01 6.750000e-01
6.965813e-01 6.760000e-01
6.969246e-01 6.770000e-01
6.972676e-01 6.780000e-01
6.976102e-01 6.790000e-01
6.979525e-01 6.800000e-01
6.982944e-01 6.810000e-01
6.986360e-01 6.820000e-01
6.989773e-01 6.830000e-01
6.993183e-01 6.840000e-01
6.996589e-01 6.850000e-01
6.999992e-01 6.860000e-01
7.003392e-01 6.870000e-01
7.006788e-01 6.880000e-01
7.010182e-01 6.890000e-01
7.013572e-01 6.900000e-01
7.016958e-01 6.910000e-01
7.020342e-01 6.920000e-01
7.023722e-01 6.930000e-01
7.027099e-01 6.940000e-01
7.030473e-01 6.950000e-01
7.033844e-01 6.960000e-01
7.037211e-01 6.970000e-01
7.040575e-01 6.980000e-01
7.043936e-01 6.990000e-01
7.047294e-01 7.000000e-01
7.050649e-01 7.010000e-01
7.054000e-01 7.020000e-01
7.057348e-01 7.030000e-01
7.060694e-01 7.040000e-01
7.064035e-01 7.050000e-01
7.067374e-01 7.060000e-01
7.070710e-01 7.070000e-01
7.074042e-01 7.080000e-01
7.077372e-01 7.090000e-01
7.080698e-01 7.100000e-01
7.084021e-01 7.110000e-01
7.087341e-01 7.120000e-01
7.090658e-01 7.130000e-01
7.093972e-01 7.140000e-01
7.097282e-01 7.150000e-01
7.100590e-01 7.160000e-01
7.103894e-01 7.170000e-01
7.107196e-01 7.180000e-01
7.110494e-01 7.190000e-01
7.113789e-01 7.200000e-01
7.117081e-01 7.210000e-01
7.120370e-01 7.220000e-01
7.123656e-01 7.230000e-01
7.126939e-01 7.240000e-01
7.130219e-01 7.250000e-01
7.133496e-01 7.260000e-01
7.136770e-01 7.270000e-01
7.140041e-01 7.280000e-01
7.143309e-01 7.290000e-01
7.146574e-01 7.300000e-01
7.149836e-01 7.310000e-01
7.153094e-01 7.320000e-01
7.156350e-01 7.330000e-01
7.159603e-01 7.340000e-01
7.162853e-01 7.350000e-01
7.166100e-01 7.360000e-01
7.169344e-01 7.370000e-01
7.172585e-01 7.380000e-01
7.175823e-01 7.390000e-01
7.179058e-01 7.400000e-01
7.182290e-01 7.410000e-01
7.185519e-01 7.420000e-01
7.188746e-01 7.430000e-01
7.191969e-01 7.440000e-01
7.195189e-01 7.450000e-01
7.198407e-01 7.460000e-01
7.201621e-01 7.470000e-01
7.204833e-01 7.480000e-01
7.208042e-01 7.490000e-01
7.211248e-01 7.500000e-01
7.214451e-01 7.510000e-01
7.217651e-01 7.520000e-01
7.220848e-01 7.530000e-01
7.224043e-01 7.540000e-01
7.227234e-01 7.550000e-01
7.230423e-01 7.560000e-01
7.233609e-01 7.570000e-01
7.236792e-01 7.580000e-01
7.239972e-01 7.590000e-01
7.243150e-01 7.600000e-01
7.246324e-01 7.610000e-01
7.249496e-01 7.620000e-01
7.252665e-01 7.630000e-01
7.255831e-01 7.640000e-01
7.258995e-01 7.650000e-01
7.262156e-01 7.660000e-01
7.265313e-01 7.670000e-01
7.268469e-01 7.680000e-01
7.271621e-01 7.690000e-01
7.274771e-01 7.700000e-01
7.277918e-01 7.710000e-01
7.281062e-01 7.720000e-01
7.284204e-01 7.730000e-01
7.287342e-01 7.740000e-01
7.290478e-01 7.750000e-01
7.293612e-01 7.760000e-01
7.296743e-01 7.770000e-01
7.299871e-01 7.780000e-01
7.302996e-01 7.790000e-01
7.306119e-01 7.800000e-01
7.309239e-01 7.810000e-01
7.312356e-01 7.820000e-01
7.315471e-01 7.830000e-01
7.318583e-01 7.840000e-01
7.321693e-01 7.850000e-01
7.324800e-01 7.860000e-01
7.327904e-01 7.870000e-01
7.331006e-01 7.880000e-01
7.334105e-01 7.890000e-01
7.337201e-01 7.900000e-01
7.340295e-01 7.910000e-01
7.343387e-01 7.920000e-01
7.346475e-01 7.930000e-01
7.349562e-01 7.940000e-01
7.352645e-01 7.950000e-01
7.355726e-01 7.960000e-01
7.358805e-01 7.970000e-01
7.361881e-01 7.980000e-01
7.364955e-01 7.990000e-01
7.368026e-01 8.000000e-01
7.371094e-01 8.010000e-01
7.374160e-01 8.020000e-01
7.377224e-01 8.030000e-01
7.380285e-01 8.040000e-01
7.383344e-01 8.050000e-01
7.386400e-01 8.060000e-01
7.389453e-01 8.070000e-01
7.392505e-01 8.080000e-01
7.395553e-01 8.090000e-01
7.398600e-01 8.100000e-01
7.401644e-01 8.110000e-01
7.404685e-01 8.120000e-01
7.407724e-01 8.130000e-01
7.410761e-01 8.140000e-01
7.413795e-01 8.150000e-01
7.416827e-01 8.160000e-01
7.419857e-01 8.170000e-01
7.422884e-01 8.180000e-01
7.425909e-01 8.190000e-01
7.428931e-01 8.200000e-01
7.431951e-01 8.210000e-01
7.434969e-01 8.220000e-01
7.437984e-01 8.230000e-01
7.440997e-01 8.240000e-01
7.444008e-01 8.250000e-01
7.447016e-01 8.260000e-01
7.450022e-01 8.270000e-01
7.453026e-01 8.280000e-01
7.456028e-01 8.290000e-01
7.459027e-01 8.300000e-01
7.462024e-01 8.310000e-01
7.465019e-01 8.320000e-01
7.468011e-01 8.330000e-01
7.471001e-01 8.340000e-01
7.473989e-01 8.350000e-01
7.476975e-01 8.360000e-01
7.479958e-01 8.370000e-01
7.482939e-01 8.380000e-01
7.485918e-01 8.390000e-01
7.488895e-01 8.400000e-01
7.491869e-01 8.410000e-01
7.494841e-01 8.420000e-01
7.497811e-01 8.430000e-01
7.500778e-01 8.440000e-01
7.503744e-01 8.450000e-01
7.506706e-01 8.460000e-01
7.509667e-01 8.470000e-01
7.512625e-01 8.480000e-01
7.515581e-01 8.490000e-01
7.518535e-01 8.500000e-01
7.521487e-01 8.510000e-01
7.524436e-01 8.520000e-01
7.527383e-01 8.530000e-01
7.530327e-01 8.540000e-01
7.533269e-01 8.550000e-01
7.536209e-01 8.560000e-01
7.539147e-01 8.570000e-01
7.542082e-01 8.580000e-01
7.545015e-01 8.590000e-01
7.547945e-01 8.600000e-01
7.550874e-01 8.610000e-01
7.553800e-01 8.620000e-01
7.556723e-01 8.630000e-01
7.559644e-01 8.640000e-01
7.562563e-01 8.650000e-01
7.565480e-01 8.660000e-01
7.568394e-01 8.670000e-01
7.571306e-01 8.680000e-01
7.574215e-01 8.690000e-01
7.577123e-01 8.700000e-01
7.580027e-01 8.710000e-01
7.582930e-01 8.720000e-01
7.585830e-01 8.730000e-01
7.588727e-01 8.740000e-01
7.591623e-01 8.750000e-01
7.594516e-01 8.760000e-01
7.597406e-01 8.770000e-01
7.600294e-01 8.780000e-01
7.603180e-01 8.790000e-01
7.606063e-01 8.800000e-01
7.608944e-01 8.810000e-01
7.611823e-01 8.820000e-01
7.614699e-01 8.830000e-01
7.617573e-01 8.840000e-01
7.620444e-01 8.850000e-01
7.623313e-01 8.860000e-01
7.626180e-01 8.870000e-01
7.629044e-01 8.880000e-01
7.631905e-01 8.890000e-01
7.634765e-01 8.900000e-01
7.637621e-01 8.910000e-01
7.640476e-01 8.920000e-01
7.643328e-01 8.930000e-01
7.646177e-01 8.940000e-01
7.649025e-01 8.950000e-01
7.651869e-01 8.960000e-01
7.654712e-01 8.970000e-01
7.657551e-01 8.980000e-01
7.660389e-01 8.990000e-01
7.663224e-01 9.000000e-01
7.666056e-01 9.010000e-01
7.668886e-01 9.020000e-01
7.671714e-01 9.030000e-01
7.674539e-01 9.040000e-01
7.677361e-01 9.050000e-01
7.680181e-01 9.060000e-01
7.682999e-01 9.070000e-01
7.685814e-01 9.080000e-01
7.688627e-01 9.090000e-01
7.691437e-01 9.100000e-01
7.694245e-01 9.110000e-01
7.697050e-01 9.120000e-01
7.699853e-01 9.130000e-01
7.702653e-01 9.140000e-01
7.705451e-01 9.150000e-01
7.708246e-01 9.160000e-01
7.711039e-01 9.170000e-01
7.713829e-01 9.180000e-01
7.716617e-01 9.190000e-01
7.719402e-01 9.200000e-01
7.722185e-01 9.210000e-01
7.724966e-01 9.220000e-01
7.727744e-01 9.230000e-01
7.730520e-01 9.240000e-01
7.733294e-01 9.250000e-01
7.736065e-01 9.260000e-01
7.738834e-01 9.270000e-01
7.741601e-01 9.280000e-01
7.744366e-01 9.290000e-01
7.747129e-01 9.300000e-01
7.749889e-01 9.310000e-01
7.752648e-01 9.320000e-01
7.755404e-01 9.330000e-01
7.758159e-01 9.340000e-01
7.760911e-01 9.350000e-01
7.763662e-01 9.360000e-01
7.766410e-01 9.370000e-01
7.769157e-01 9.380000e-01
7.771902e-01 9.390000e-01
7.774645e-01 9.400000e-01
7.777386e-01 9.410000e-01
7.780125e-01 9.420000e-01
7.782863e-01 9.430000e-01
7.785599e-01 9.440000e-01
7.788333e-01 9.450000e-01
7.791066e-01 9.460000e-01
7.793797e-01 9.470000e-01
7.796526e-01 9.480000e-01
7.799254e-01 9.490000e-01
7.801980e-01 9.500000e-01
7.804705e-01 9.510000e-01
7.807429e-01 9.520000e-01
7.810150e-01 9.530000e-01
7.812871e-01 9.540000e-01
7.815590e-01 9.550000e-01
7.818308e-01 9.560000e-01
7.821024e-01 9.570000e-01
7.823739e-01 9.580000e-01
7.826453e-01 9.590000e-01
7.829166e-01 9.600000e-01
7.831877e-01 9.610000e-01
7.834587e-01 9.620000e-01
7.837297e-01 9.630000e-01
7.840005e-01 9.640000e-01
7.842711e-01 9.650000e-01
7.845417e-01 9.660000e-01
7.848122e-01 9.670000e-01
7.850826e-01 9.680000e-01
7.853529e-01 9.690000e-01
7.856231e-01 9.700000e-01
7.858932e-01 9.710000e-01
7.861632e-01 9.720000e-01
7.864331e-01 9.730000e-01
7.867030e-01 9.740000e-01
7.869728e-01 9.750000e-01
7.872425e-01 9.760000e-01
7.875121e-01 9.770000e-01
7.877817e-01 9.780000e-01
7.880511e-01 9.790000e-01
7.883206e-01 9.800000e-01
7.885899e-01 9.810000e-01
7.888593e-01 9.820000e-01
7.891285e-01 9.830000e-01
7.893977e-01 9.840000e-01
7.896669e-01 9.850000e-01
7.899360e-01 9.860000e-01
7.902051e-01 9.870000e-01
7.904741e-01 9.880000e-01
7.907431e-01 9.890000e-01
7.910121e-01 9.900000e-01
7.912810e-01 9.910000e-01
7.915499e-01 9.920000e-01
7.918188e-01 9.930000e-01
7.920876e-01 9.940000e-01
7.923565e-01 9.950000e-01
7.926253e-01 9.960000e-01
7.928941e-01 9.970000e-01
7.931629e-01 9.980000e-01
7.934317e-01 9.990000e-01
