0.000000e+00 0.000000e+00 -1.000000e+00
5.737966e-03 1.565153e-05 -9.990000e-01
1.135088e-02 3.087167e-05 -9.980000e-01
1.684027e-02 4.566477e-05 -9.970000e-01
2.220767e-02 6.003519e-05 -9.960000e-01
2.745458e-02 7.398727e-05 -9.950000e-01
3.258252e-02 8.752537e-05 -9.940000e-01
3.759295e-02 1.006538e-04 -9.930000e-01
4.248737e-02 1.133769e-04 -9.920000e-01
4.726723e-02 1.256990e-04 -9.910000e-01
5.193398e-02 1.376245e-04 -9.900000e-01
5.648907e-02 1.491575e-04 -9.890000e-01
6.093391e-02 1.603025e-04 -9.880000e-01
6.526993e-02 1.710637e-04 -9.870000e-01
6.949853e-02 1.814455e-04 -9.860000e-01
7.362109e-02 1.914520e-04 -9.850000e-01
7.763900e-02 2.010877e-04 -9.840000e-01
8.155363e-02 2.103567e-04 -9.830000e-01
8.536634e-02 2.192633e-04 -9.820000e-01
8.907846e-02 2.278119e-04 -9.810000e-01
9.269134e-02 2.360065e-04 -9.800000e-01
9.620629e-02 2.438516e-04 -9.790000e-01
9.962463e-02 2.513513e-04 -9.780000e-01
1.029477e-01 2.585099e-04 -9.770000e-01
1.061767e-01 2.653316e-04 -9.760000e-01
1.093129e-01 2.718206e-04 -9.750000e-01
1.123577e-01 2.779811e-04 -9.740000e-01
1.153122e-01 2.838173e-04 -9.730000e-01
1.181778e-01 2.893335e-04 -9.720000e-01
1.209556e-01 2.945339e-04 -9.710000e-01
1.236469e-01 2.994225e-04 -9.700000e-01
1.262529e-01 3.040037e-04 -9.690000e-01
1.287748e-01 3.082815e-04 -9.680000e-01
1.312138e-01 3.122602e-04 -9.670000e-01
1.335710e-01 3.159438e-04 -9.660000e-01
1.358477e-01 3.193367e-04 -9.650000e-01
1.380450e-01 3.224428e-04 -9.640000e-01
1.401640e-01 3.252664e-04 -9.630000e-01
1.422059e-01 3.278115e-04 -9.620000e-01
1.441718e-01 3.300824e-04 -9.610000e-01
1.460628e-01 3.320830e-04 -9.600000e-01
1.478801e-01 3.338176e-04 -9.590000e-01
1.496247e-01 3.352902e-04 -9.580000e-01
1.512978e-01 3.365050e-04 -9.570000e-01
1.529004e-01 3.374659e-04 -9.560000e-01
1.544335e-01 3.381772e-04 -9.550000e-01
1.558983e-01 3.386428e-04 -9.540000e-01
1.572957e-01 3.388668e-04 -9.530000e-01
1.586269e-01 3.388534e-04 -9.520000e-01
1.598929e-01 3.386065e-04 -9.510000e-01
1.610946e-01 3.381302e-04 -9.500000e-01
1.622331e-01 3.374285e-04 -9.490000e-01
1.633094e-01 3.365054e-04 -9.480000e-01
1.643245e-01 3.353651e-04 -9.470000e-01
1.652793e-01 3.340114e-04 -9.460000e-01
1.661749e-01 3.324485e-04 -9.450000e-01
1.670122e-01 3.306802e-04 -9.440000e-01
1.677921e-01 3.287107e-04 -9.430000e-01
1.685157e-01 3.265438e-04 -9.420000e-01
1.691838e-01 3.241835e-04 -9.410000e-01
1.697973e-01 3.216339e-04 -9.400000e-01
1.703573e-01 3.188989e-04 -9.390000e-01
1.708645e-01 3.159824e-04 -9.380000e-01
1.713200e-01 3.128883e-04 -9.370000e-01
1.717245e-01 3.096207e-04 -9.360000e-01
1.720790e-01 3.061834e-04 -9.350000e-01
1.723844e-01 3.025804e-04 -9.340000e-01
1.726415e-01 2.988155e-04 -9.330000e-01
1.728512e-01 2.948927e-04 -9.320000e-01
1.730142e-01 2.908159e-04 -9.310000e-01
1.731316e-01 2.865889e-04 -9.300000e-01
1.732040e-01 2.822157e-04 -9.290000e-01
1.732324e-01 2.777001e-04 -9.280000e-01
1.732175e-01 2.730460e-04 -9.270000e-01
1.731602e-01 2.682571e-04 -9.260000e-01
1.730612e-01 2.633375e-04 -9.250000e-01
1.729214e-01 2.582909e-04 -9.240000e-01
1.727414e-01 2.531211e-04 -9.230000e-01
1.725222e-01 2.478319e-04 -9.220000e-01
1.722644e-01 2.424273e-04 -9.210000e-01
1.719689e-01 2.369109e-04 -9.200000e-01
1.716363e-01 2.312865e-04 -9.190000e-01
1.712674e-01 2.255581e-04 -9.180000e-01
1.708630e-01 2.197292e-04 -9.170000e-01
1.704238e-01 2.138038e-04 -9.160000e-01
1.699505e-01 2.077855e-04 -9.150000e-01
1.694438e-01 2.016781e-04 -9.140000e-01
1.689044e-01 1.954854e-04 -9.130000e-01
1.683330e-01 1.892111e-04 -9.120000e-01
1.677304e-01 1.828589e-04 -9.110000e-01
1.670971e-01 1.764325e-04 -9.100000e-01
1.664339e-01 1.699356e-04 -9.090000e-01
1.657414e-01 1.633720e-04 -9.080000e-01
1.650203e-01 1.567453e-04 -9.070000e-01
1.642713e-01 1.500592e-04 -9.060000e-01
1.634950e-01 1.433173e-04 -9.050000e-01
1.626920e-01 1.365234e-04 -9.040000e-01
1.618629e-01 1.296810e-04 -9.030000e-01
1.610085e-01 1.227939e-04 -9.020000e-01
1.601292e-01 1.158656e-04 -9.010000e-01
1.592258e-01 1.088998e-04 -9.000000e-01
1.582988e-01 1.019000e-04 -8.990000e-01
1.573488e-01 9.487001e-05 -8.980000e-01
1.563764e-01 8.781325e-05 -8.970000e-01
1.553823e-01 8.073335e-05 -8.960000e-01
1.543669e-01 7.363390e-05 -8.950000e-01
1.533308e-01 6.651846e-05 -8.940000e-01
1.522746e-01 5.939057e-05 -8.930000e-01
1.511989e-01 5.225380e-05 -8.920000e-01
1.501042e-01 4.511166e-05 -8.910000e-01
1.489911e-01 3.796770e-05 -8.900000e-01
1.478601e-01 3.082542e-05 -8.890000e-01
1.467117e-01 2.368833e-05 -8.880000e-01
1.455464e-01 1.655992e-05 -8.870000e-01
1.443648e-01 9.443682e-06 -8.860000e-01
1.431674e-01 2.343092e-06 -8.850000e-01
1.419547e-01 4.738387e-06 -8.840000e-01
1.407271e-01 1.179730e-05 -8.830000e-01
1.394853e-01 1.883020e-05 -8.820000e-01
1.382296e-01 2.583366e-05 -8.810000e-01
1.369605e-01 3.280425e-05 -8.800000e-01
1.356786e-01 3.973855e-05 -8.790000e-01
1.343843e-01 4.663317e-05 -8.780000e-01
1.330780e-01 5.348472e-05 -8.770000e-01
1.317602e-01 6.028980e-05 -8.760000e-01
1.304314e-01 6.704505e-05 -8.750000e-01
1.290921e-01 7.374711e-05 -8.740000e-01
1.277425e-01 8.039263e-05 -8.730000e-01
1.263833e-01 8.697827e-05 -8.720000e-01
1.250148e-01 9.350071e-05 -8.710000e-01
1.236374e-01 9.995661e-05 -8.700000e-01
1.222516e-01 1.063427e-04 -8.690000e-01
1.208577e-01 1.126556e-04 -8.680000e-01
1.194563e-01 1.188922e-04 -8.670000e-01
1.180476e-01 1.250490e-04 -8.660000e-01
1.166320e-01 1.311229e-04 -8.650000e-01
1.152101e-01 1.371106e-04 -8.640000e-01
1.137821e-01 1.430089e-04 -8.630000e-01
1.123484e-01 1.488145e-04 -8.620000e-01
1.109094e-01 1.545243e-04 -8.610000e-01
1.094655e-01 1.601349e-04 -8.600000e-01
1.080171e-01 1.656433e-04 -8.590000e-01
1.065644e-01 1.710461e-04 -8.580000e-01
1.051079e-01 1.763404e-04 -8.570000e-01
1.036479e-01 1.815229e-04 -8.560000e-01
1.021847e-01 1.865904e-04 -8.550000e-01
1.007187e-01 1.915399e-04 -8.540000e-01
9.925026e-02 1.963681e-04 -8.530000e-01
9.777964e-02 2.010721e-04 -8.520000e-01
9.630718e-02 2.056486e-04 -8.510000e-01
9.483322e-02 2.100946e-04 -8.500000e-01
9.335805e-02 2.144071e-04 -8.490000e-01
9.188200e-02 2.185829e-04 -8.480000e-01
9.040537e-02 2.226190e-04 -8.470000e-01
8.892846e-02 2.265124e-04 -8.460000e-01
8.745156e-02 2.302600e-04 -8.450000e-01
8.597496e-02 2.338589e-04 -8.440000e-01
8.449896e-02 2.373060e-04 -8.430000e-01
8.302383e-02 2.405983e-04 -8.420000e-01
8.154985e-02 2.437329e-04 -8.410000e-01
8.007730e-02 2.467067e-04 -8.400000e-01
7.860644e-02 2.495169e-04 -8.390000e-01
7.713754e-02 2.521605e-04 -8.380000e-01
7.567085e-02 2.546346e-04 -8.370000e-01
7.420664e-02 2.569363e-04 -8.360000e-01
7.274515e-02 2.590626e-04 -8.350000e-01
7.128663e-02 2.610106e-04 -8.340000e-01
6.983132e-02 2.627776e-04 -8.330000e-01
6.837947e-02 2.643605e-04 -8.320000e-01
6.693130e-02 2.657567e-04 -8.310000e-01
6.548705e-02 2.669632e-04 -8.300000e-01
6.404695e-02 2.679773e-04 -8.290000e-01
6.261121e-02 2.687960e-04 -8.280000e-01
6.118005e-02 2.694167e-04 -8.270000e-01
5.975370e-02 2.698365e-04 -8.260000e-01
5.833235e-02 2.700526e-04 -8.250000e-01
5.691621e-02 2.700624e-04 -8.240000e-01
5.550550e-02 2.698630e-04 -8.230000e-01
5.410040e-02 2.694518e-04 -8.220000e-01
5.270111e-02 2.688260e-04 -8.210000e-01
5.130782e-02 2.679829e-04 -8.200000e-01
4.992073e-02 2.669199e-04 -8.190000e-01
4.854000e-02 2.656342e-04 -8.180000e-01
4.716584e-02 2.641233e-04 -8.170000e-01
4.579840e-02 2.623844e-04 -8.160000e-01
4.443786e-02 2.604149e-04 -8.150000e-01
4.308440e-02 2.582122e-04 -8.140000e-01
4.173818e-02 2.557738e-04 -8.130000e-01
4.039935e-02 2.530970e-04 -8.120000e-01
3.906809e-02 2.501792e-04 -8.110000e-01
3.774454e-02 2.470179e-04 -8.100000e-01
3.642885e-02 2.436106e-04 -8.090000e-01
3.512118e-02 2.399547e-04 -8.080000e-01
3.382167e-02 2.360477e-04 -8.070000e-01
3.253046e-02 2.318870e-04 -8.060000e-01
3.124768e-02 2.274704e-04 -8.050000e-01
2.997349e-02 2.227951e-04 -8.040000e-01
2.870800e-02 2.178588e-04 -8.030000e-01
2.745135e-02 2.126591e-04 -8.020000e-01
2.620365e-02 2.071936e-04 -8.010000e-01
2.496504e-02 2.014597e-04 -8.000000e-01
2.373564e-02 1.954552e-04 -7.990000e-01
2.251555e-02 1.891775e-04 -7.980000e-01
2.130490e-02 1.826245e-04 -7.970000e-01
2.010379e-02 1.757937e-04 -7.960000e-01
1.891232e-02 1.686828e-04 -7.950000e-01
1.773062e-02 1.612895e-04 -7.940000e-01
1.655876e-02 1.536114e-04 -7.930000e-01
1.539686e-02 1.456464e-04 -7.920000e-01
1.424501e-02 1.373920e-04 -7.910000e-01
1.310330e-02 1.288462e-04 -7.900000e-01
1.197183e-02 1.200065e-04 -7.890000e-01
1.085067e-02 1.108709e-04 -7.880000e-01
9.739911e-03 1.014370e-04 -7.870000e-01
8.639639e-03 9.170282e-05 -7.860000e-01
7.549929e-03 8.166602e-05 -7.850000e-01
6.470859e-03 7.132451e-05 -7.840000e-01
5.402501e-03 6.067613e-05 -7.830000e-01
4.344925e-03 4.971877e-05 -7.820000e-01
3.298201e-03 3.845031e-05 -7.810000e-01
2.262394e-03 2.686867e-05 -7.800000e-01
1.237567e-03 1.497178e-05 -7.790000e-01
2.237807e-04 2.757567e-06 -7.780000e-01
7.789074e-04 4.218556e-07 -7.770000e-01
1.770442e-03 1.246086e-06 -7.760000e-01
2.750768e-03 2.384411e-06 -7.750000e-01
3.719838e-03 3.833592e-06 -7.740000e-01
4.677601e-03 5.590376e-06 -7.730000e-01
5.624012e-03 7.651490e-06 -7.720000e-01
6.559027e-03 1.001365e-05 -7.710000e-01
7.482605e-03 1.267354e-05 -7.700000e-01
8.394708e-03 1.562784e-05 -7.690000e-01
9.295298e-03 1.887322e-05 -7.680000e-01
1.018434e-02 2.240630e-05 -7.670000e-01
1.106180e-02 2.622372e-05 -7.660000e-01
1.192766e-02 3.032208e-05 -7.650000e-01
1.278188e-02 3.469796e-05 -7.640000e-01
1.362443e-02 3.934793e-05 -7.630000e-01
1.445530e-02 4.426855e-05 -7.620000e-01
1.527446e-02 4.945635e-05 -7.610000e-01
1.608189e-02 5.490784e-05 -7.600000e-01
1.687758e-02 6.061952e-05 -7.590000e-01
1.766150e-02 6.658786e-05 -7.580000e-01
1.843365e-02 7.280932e-05 -7.570000e-01
1.919402e-02 7.928035e-05 -7.560000e-01
1.994259e-02 8.599736e-05 -7.550000e-01
2.067936e-02 9.295676e-05 -7.540000e-01
2.140433e-02 1.001549e-04 -7.530000e-01
2.211748e-02 1.075882e-04 -7.520000e-01
2.281881e-02 1.152530e-04 -7.510000e-01
2.350834e-02 1.231456e-04 -7.500000e-01
2.418605e-02 1.312623e-04 -7.490000e-01
2.485195e-02 1.395994e-04 -7.480000e-01
2.550605e-02 1.481532e-04 -7.470000e-01
2.614836e-02 1.569199e-04 -7.460000e-01
2.677888e-02 1.658957e-04 -7.450000e-01
2.739762e-02 1.750769e-04 -7.440000e-01
2.800459e-02 1.844597e-04 -7.430000e-01
2.859982e-02 1.940401e-04 -7.420000e-01
2.918331e-02 2.038144e-04 -7.410000e-01
2.975508e-02 2.137788e-04 -7.400000e-01
3.031515e-02 2.239292e-04 -7.390000e-01
3.086355e-02 2.342618e-04 -7.380000e-01
3.140028e-02 2.447727e-04 -7.370000e-01
3.192538e-02 2.554578e-04 -7.360000e-01
3.243888e-02 2.663134e-04 -7.350000e-01
3.294079e-02 2.773352e-04 -7.340000e-01
3.343114e-02 2.885194e-04 -7.330000e-01
3.390997e-02 2.998619e-04 -7.320000e-01
3.437730e-02 3.113586e-04 -7.310000e-01
3.483317e-02 3.230055e-04 -7.300000e-01
3.527761e-02 3.347985e-04 -7.290000e-01
3.571066e-02 3.467334e-04 -7.280000e-01
3.613234e-02 3.588061e-04 -7.270000e-01
3.654271e-02 3.710125e-04 -7.260000e-01
3.694179e-02 3.833483e-04 -7.250000e-01
3.732963e-02 3.958094e-04 -7.240000e-01
3.770627e-02 4.083915e-04 -7.230000e-01
3.807175e-02 4.210904e-04 -7.220000e-01
3.842612e-02 4.339019e-04 -7.210000e-01
3.876942e-02 4.468215e-04 -7.200000e-01
3.910169e-02 4.598451e-04 -7.190000e-01
3.942299e-02 4.729682e-04 -7.180000e-01
3.973336e-02 4.861865e-04 -7.170000e-01
4.003286e-02 4.994957e-04 -7.160000e-01
4.032152e-02 5.128913e-04 -7.150000e-01
4.059942e-02 5.263689e-04 -7.140000e-01
4.086659e-02 5.399241e-04 -7.130000e-01
4.112309e-02 5.535524e-04 -7.120000e-01
4.136898e-02 5.672492e-04 -7.110000e-01
4.160432e-02 5.810101e-04 -7.100000e-01
4.182915e-02 5.948306e-04 -7.090000e-01
4.204355e-02 6.087060e-04 -7.080000e-01
4.224756e-02 6.226319e-04 -7.070000e-01
4.244125e-02 6.366035e-04 -7.060000e-01
4.262469e-02 6.506162e-04 -7.050000e-01
4.279792e-02 6.646654e-04 -7.040000e-01
4.296101e-02 6.787465e-04 -7.030000e-01
4.311404e-02 6.928546e-04 -7.020000e-01
4.325706e-02 7.069851e-04 -7.010000e-01
4.339013e-02 7.211333e-04 -7.000000e-01
4.351333e-02 7.352942e-04 -6.990000e-01
4.362672e-02 7.494633e-04 -6.980000e-01
4.373037e-02 7.636355e-04 -6.970000e-01
4.382435e-02 7.778061e-04 -6.960000e-01
4.390873e-02 7.919702e-04 -6.950000e-01
4.398357e-02 8.061229e-04 -6.940000e-01
4.404896e-02 8.202593e-04 -6.930000e-01
4.410495e-02 8.343744e-04 -6.920000e-01
4.415163e-02 8.484633e-04 -6.910000e-01
4.418906e-02 8.625210e-04 -6.900000e-01
4.421733e-02 8.765423e-04 -6.890000e-01
4.423649e-02 8.905224e-04 -6.880000e-01
4.424664e-02 9.044561e-04 -6.870000e-01
4.424785e-02 9.183382e-04 -6.860000e-01
4.424018e-02 9.321638e-04 -6.850000e-01
4.422373e-02 9.459276e-04 -6.840000e-01
4.419856e-02 9.596245e-04 -6.830000e-01
4.416475e-02 9.732493e-04 -6.820000e-01
4.412239e-02 9.867967e-04 -6.810000e-01
4.407155e-02 1.000261e-03 -6.800000e-01
4.401232e-02 1.013638e-03 -6.790000e-01
4.394476e-02 1.026922e-03 -6.780000e-01
4.386897e-02 1.040107e-03 -6.770000e-01
4.378503e-02 1.053188e-03 -6.760000e-01
4.369301e-02 1.066160e-03 -6.750000e-01
4.359300e-02 1.079018e-03 -6.740000e-01
4.348508e-02 1.091755e-03 -6.730000e-01
4.336934e-02 1.104366e-03 -6.720000e-01
4.324585e-02 1.116847e-03 -6.710000e-01
4.311471e-02 1.129190e-03 -6.700000e-01
4.297599e-02 1.141392e-03 -6.690000e-01
4.282979e-02 1.153446e-03 -6.680000e-01
4.267617e-02 1.165347e-03 -6.670000e-01
4.251524e-02 1.177088e-03 -6.660000e-01
4.234708e-02 1.188665e-03 -6.650000e-01
4.217177e-02 1.200072e-03 -6.640000e-01
4.198940e-02 1.211303e-03 -6.630000e-01
4.180006e-02 1.222351e-03 -6.620000e-01
4.160383e-02 1.233213e-03 -6.610000e-01
4.140080e-02 1.243881e-03 -6.600000e-01
4.119106e-02 1.254350e-03 -6.590000e-01
4.097469e-02 1.264613e-03 -6.580000e-01
4.075179e-02 1.274666e-03 -6.570000e-01
4.052244e-02 1.284503e-03 -6.560000e-01
4.028673e-02 1.294116e-03 -6.550000e-01
4.004475e-02 1.303500e-03 -6.540000e-01
3.979658e-02 1.312650e-03 -6.530000e-01
3.954232e-02 1.321560e-03 -6.520000e-01
3.928206e-02 1.330222e-03 -6.510000e-01
3.901589e-02 1.338631e-03 -6.500000e-01
3.874388e-02 1.346782e-03 -6.490000e-01
3.846615e-02 1.354667e-03 -6.480000e-01
3.818276e-02 1.362281e-03 -6.470000e-01
3.789382e-02 1.369617e-03 -6.460000e-01
3.759942e-02 1.376670e-03 -6.450000e-01
3.729963e-02 1.383432e-03 -6.440000e-01
3.699457e-02 1.389899e-03 -6.430000e-01
3.668430e-02 1.396062e-03 -6.420000e-01
3.636893e-02 1.401917e-03 -6.410000e-01
3.604854e-02 1.407456e-03 -6.400000e-01
3.572323e-02 1.412673e-03 -6.390000e-01
3.539308e-02 1.417562e-03 -6.380000e-01
3.505819e-02 1.422116e-03 -6.370000e-01
3.471864e-02 1.426329e-03 -6.360000e-01
3.437453e-02 1.430195e-03 -6.350000e-01
3.402594e-02 1.433705e-03 -6.340000e-01
3.367298e-02 1.436855e-03 -6.330000e-01
3.331571e-02 1.439638e-03 -6.320000e-01
3.295425e-02 1.442046e-03 -6.310000e-01
3.258867e-02 1.444073e-03 -6.300000e-01
3.221906e-02 1.445712e-03 -6.290000e-01
3.184553e-02 1.446957e-03 -6.280000e-01
3.146815e-02 1.447800e-03 -6.270000e-01
3.108701e-02 1.448236e-03 -6.260000e-01
3.070222e-02 1.448256e-03 -6.250000e-01
3.031385e-02 1.447855e-03 -6.240000e-01
2.992199e-02 1.447025e-03 -6.230000e-01
2.952674e-02 1.445759e-03 -6.220000e-01
2.912818e-02 1.444051e-03 -6.210000e-01
2.872640e-02 1.441893e-03 -6.200000e-01
2.832149e-02 1.439278e-03 -6.190000e-01
2.791355e-02 1.436199e-03 -6.180000e-01
2.750265e-02 1.432650e-03 -6.170000e-01
2.708889e-02 1.428622e-03 -6.160000e-01
2.667235e-02 1.424109e-03 -6.150000e-01
2.625313e-02 1.419103e-03 -6.140000e-01
2.583131e-02 1.413598e-03 -6.130000e-01
2.540697e-02 1.407586e-03 -6.120000e-01
2.498021e-02 1.401059e-03 -6.110000e-01
2.455112e-02 1.394011e-03 -6.100000e-01
2.411977e-02 1.386433e-03 -6.090000e-01
2.368625e-02 1.378319e-03 -6.080000e-01
2.325066e-02 1.369661e-03 -6.070000e-01
2.281308e-02 1.360452e-03 -6.060000e-01
2.237359e-02 1.350684e-03 -6.050000e-01
2.193227e-02 1.340349e-03 -6.040000e-01
2.148922e-02 1.329440e-03 -6.030000e-01
2.104452e-02 1.317949e-03 -6.020000e-01
2.059826e-02 1.305869e-03 -6.010000e-01
2.015051e-02 1.293192e-03 -6.000000e-01
1.970136e-02 1.279910e-03 -5.990000e-01
1.925090e-02 1.266016e-03 -5.980000e-01
1.879920e-02 1.251501e-03 -5.970000e-01
1.834636e-02 1.236358e-03 -5.960000e-01
1.789245e-02 1.220579e-03 -5.950000e-01
1.743756e-02 1.204156e-03 -5.940000e-01
1.698176e-02 1.187081e-03 -5.930000e-01
1.652514e-02 1.169347e-03 -5.920000e-01
1.606779e-02 1.150944e-03 -5.910000e-01
1.560977e-02 1.131866e-03 -5.900000e-01
1.515117e-02 1.112103e-03 -5.890000e-01
1.469208e-02 1.091649e-03 -5.880000e-01
1.423257e-02 1.070494e-03 -5.870000e-01
1.377271e-02 1.048631e-03 -5.860000e-01
1.331260e-02 1.026051e-03 -5.850000e-01
1.285230e-02 1.002746e-03 -5.840000e-01
1.239190e-02 9.787085e-04 -5.830000e-01
1.193146e-02 9.539291e-04 -5.820000e-01
1.147108e-02 9.283998e-04 -5.810000e-01
1.101082e-02 9.021122e-04 -5.800000e-01
1.055077e-02 8.750580e-04 -5.790000e-01
1.009099e-02 8.472285e-04 -5.780000e-01
9.631561e-03 8.186154e-04 -5.770000e-01
9.172562e-03 7.892100e-04 -5.760000e-01
8.714064e-03 7.590038e-04 -5.750000e-01
8.256141e-03 7.279882e-04 -5.740000e-01
7.798866e-03 6.961545e-04 -5.730000e-01
7.342313e-03 6.634939e-04 -5.720000e-01
6.886553e-03 6.299979e-04 -5.710000e-01
6.431658e-03 5.956576e-04 -5.700000e-01
5.977700e-03 5.604642e-04 -5.690000e-01
5.524750e-03 5.244089e-04 -5.680000e-01
5.072877e-03 4.874829e-04 -5.670000e-01
4.622151e-03 4.496771e-04 -5.660000e-01
4.172642e-03 4.109826e-04 -5.650000e-01
3.724418e-03 3.713905e-04 -5.640000e-01
3.277548e-03 3.308917e-04 -5.630000e-01
2.832099e-03 2.894773e-04 -5.620000e-01
2.388139e-03 2.471379e-04 -5.610000e-01
1.945733e-03 2.038647e-04 -5.600000e-01
1.504948e-03 1.596483e-04 -5.590000e-01
1.065849e-03 1.144795e-04 -5.580000e-01
6.285021e-04 6.834917e-05 -5.570000e-01
1.929702e-04 2.124795e-05 -5.560000e-01
2.406823e-04 2.683260e-05 -5.550000e-01
6.723923e-04 7.588551e-05 -5.540000e-01
1.102097e-03 1.258904e-04 -5.530000e-01
1.529735e-03 1.768266e-04 -5.520000e-01
1.955244e-03 2.286734e-04 -5.510000e-01
2.378563e-03 2.814102e-04 -5.500000e-01
2.799633e-03 3.350162e-04 -5.490000e-01
3.218393e-03 3.894709e-04 -5.480000e-01
3.634784e-03 4.447538e-04 -5.470000e-01
4.048749e-03 5.008443e-04 -5.460000e-01
4.460228e-03 5.577220e-04 -5.450000e-01
4.869165e-03 6.153664e-04 -5.440000e-01
5.275503e-03 6.737572e-04 -5.430000e-01
5.679186e-03 7.328739e-04 -5.420000e-01
6.080158e-03 7.926963e-04 -5.410000e-01
6.478365e-03 8.532041e-04 -5.400000e-01
6.873752e-03 9.143770e-04 -5.390000e-01
7.266267e-03 9.761947e-04 -5.380000e-01
7.655855e-03 1.038637e-03 -5.370000e-01
8.042465e-03 1.101684e-03 -5.360000e-01
8.426044e-03 1.165316e-03 -5.350000e-01
8.806543e-03 1.229512e-03 -5.340000e-01
9.183910e-03 1.294252e-03 -5.330000e-01
9.558095e-03 1.359517e-03 -5.320000e-01
9.929051e-03 1.425286e-03 -5.310000e-01
1.029673e-02 1.491540e-03 -5.300000e-01
1.066108e-02 1.558258e-03 -5.290000e-01
1.102205e-02 1.625422e-03 -5.280000e-01
1.137961e-02 1.693010e-03 -5.270000e-01
1.173370e-02 1.761004e-03 -5.260000e-01
1.208427e-02 1.829383e-03 -5.250000e-01
1.243130e-02 1.898128e-03 -5.240000e-01
1.277472e-02 1.967219e-03 -5.230000e-01
1.311450e-02 2.036636e-03 -5.220000e-01
1.345059e-02 2.106361e-03 -5.210000e-01
1.378296e-02 2.176373e-03 -5.200000e-01
1.411155e-02 2.246653e-03 -5.190000e-01
1.443634e-02 2.317181e-03 -5.180000e-01
1.475728e-02 2.387939e-03 -5.170000e-01
1.507433e-02 2.458906e-03 -5.160000e-01
1.538746e-02 2.530063e-03 -5.150000e-01
1.569662e-02 2.601391e-03 -5.140000e-01
1.600177e-02 2.672871e-03 -5.130000e-01
1.630290e-02 2.744483e-03 -5.120000e-01
1.659994e-02 2.816208e-03 -5.110000e-01
1.689288e-02 2.888027e-03 -5.100000e-01
1.718168e-02 2.959921e-03 -5.090000e-01
1.746629e-02 3.031871e-03 -5.080000e-01
1.774670e-02 3.103857e-03 -5.070000e-01
1.802287e-02 3.175861e-03 -5.060000e-01
1.829476e-02 3.247863e-03 -5.050000e-01
1.856235e-02 3.319844e-03 -5.040000e-01
1.882560e-02 3.391787e-03 -5.030000e-01
1.908449e-02 3.463671e-03 -5.020000e-01
1.933899e-02 3.535478e-03 -5.010000e-01
1.958906e-02 3.607188e-03 -5.000000e-01
1.983469e-02 3.678784e-03 -4.990000e-01
2.007584e-02 3.750246e-03 -4.980000e-01
2.031249e-02 3.821556e-03 -4.970000e-01
2.054461e-02 3.892695e-03 -4.960000e-01
2.077218e-02 3.963644e-03 -4.950000e-01
2.099518e-02 4.034385e-03 -4.940000e-01
2.121357e-02 4.104898e-03 -4.930000e-01
2.142735e-02 4.175166e-03 -4.920000e-01
2.163648e-02 4.245170e-03 -4.910000e-01
2.184095e-02 4.314891e-03 -4.900000e-01
2.204073e-02 4.384311e-03 -4.890000e-01
2.223582e-02 4.453411e-03 -4.880000e-01
2.242617e-02 4.522173e-03 -4.870000e-01
2.261179e-02 4.590578e-03 -4.860000e-01
2.279265e-02 4.658609e-03 -4.850000e-01
2.296873e-02 4.726246e-03 -4.840000e-01
2.314002e-02 4.793472e-03 -4.830000e-01
2.330650e-02 4.860269e-03 -4.820000e-01
2.346816e-02 4.926617e-03 -4.810000e-01
2.362498e-02 4.992499e-03 -4.800000e-01
2.377696e-02 5.057896e-03 -4.790000e-01
2.392407e-02 5.122791e-03 -4.780000e-01
2.406631e-02 5.187165e-03 -4.770000e-01
2.420366e-02 5.251000e-03 -4.760000e-01
2.433611e-02 5.314278e-03 -4.750000e-01
2.446366e-02 5.376981e-03 -4.740000e-01
2.458630e-02 5.439091e-03 -4.730000e-01
2.470401e-02 5.500590e-03 -4.720000e-01
2.481679e-02 5.561459e-03 -4.710000e-01
2.492463e-02 5.621682e-03 -4.700000e-01
2.502753e-02 5.681240e-03 -4.690000e-01
2.512548e-02 5.740114e-03 -4.680000e-01
2.521847e-02 5.798288e-03 -4.670000e-01
2.530650e-02 5.855743e-03 -4.660000e-01
2.538957e-02 5.912462e-03 -4.650000e-01
2.546768e-02 5.968426e-03 -4.640000e-01
2.554081e-02 6.023618e-03 -4.630000e-01
2.560898e-02 6.078020e-03 -4.620000e-01
2.567218e-02 6.131614e-03 -4.610000e-01
2.573040e-02 6.184383e-03 -4.600000e-01
2.578366e-02 6.236309e-03 -4.590000e-01
2.583195e-02 6.287374e-03 -4.580000e-01
2.587527e-02 6.337560e-03 -4.570000e-01
2.591363e-02 6.386849e-03 -4.560000e-01
2.594702e-02 6.435225e-03 -4.550000e-01
2.597546e-02 6.482669e-03 -4.540000e-01
2.599895e-02 6.529164e-03 -4.530000e-01
2.601750e-02 6.574692e-03 -4.520000e-01
2.603110e-02 6.619236e-03 -4.510000e-01
2.603977e-02 6.662777e-03 -4.500000e-01
2.604351e-02 6.705299e-03 -4.490000e-01
2.604234e-02 6.746784e-03 -4.480000e-01
2.603625e-02 6.787214e-03 -4.470000e-01
2.602527e-02 6.826571e-03 -4.460000e-01
2.600940e-02 6.864839e-03 -4.450000e-01
2.598864e-02 6.901999e-03 -4.440000e-01
2.596302e-02 6.938035e-03 -4.430000e-01
2.593255e-02 6.972928e-03 -4.420000e-01
2.589723e-02 7.006662e-03 -4.410000e-01
2.585708e-02 7.039218e-03 -4.400000e-01
2.581212e-02 7.070579e-03 -4.390000e-01
2.576236e-02 7.100728e-03 -4.380000e-01
2.570781e-02 7.129646e-03 -4.370000e-01
2.564849e-02 7.157318e-03 -4.360000e-01
2.558442e-02 7.183725e-03 -4.350000e-01
2.551562e-02 7.208850e-03 -4.340000e-01
2.544209e-02 7.232674e-03 -4.330000e-01
2.536387e-02 7.255182e-03 -4.320000e-01
2.528097e-02 7.276355e-03 -4.310000e-01
2.519341e-02 7.296176e-03 -4.300000e-01
2.510121e-02 7.314627e-03 -4.290000e-01
2.500439e-02 7.331691e-03 -4.280000e-01
2.490298e-02 7.347350e-03 -4.270000e-01
2.479699e-02 7.361587e-03 -4.260000e-01
2.468645e-02 7.374384e-03 -4.250000e-01
2.457138e-02 7.385724e-03 -4.240000e-01
2.445181e-02 7.395590e-03 -4.230000e-01
2.432777e-02 7.403963e-03 -4.220000e-01
2.419926e-02 7.410826e-03 -4.210000e-01
2.406634e-02 7.416161e-03 -4.200000e-01
2.392901e-02 7.419952e-03 -4.190000e-01
2.378731e-02 7.422180e-03 -4.180000e-01
2.364126e-02 7.422828e-03 -4.170000e-01
2.349089e-02 7.421878e-03 -4.160000e-01
2.333624e-02 7.419312e-03 -4.150000e-01
2.317733e-02 7.415114e-03 -4.140000e-01
2.301419e-02 7.409264e-03 -4.130000e-01
2.284686e-02 7.401745e-03 -4.120000e-01
2.267536e-02 7.392540e-03 -4.110000e-01
2.249972e-02 7.381631e-03 -4.100000e-01
2.231998e-02 7.369000e-03 -4.090000e-01
2.213618e-02 7.354629e-03 -4.080000e-01
2.194833e-02 7.338501e-03 -4.070000e-01
2.175649e-02 7.320597e-03 -4.060000e-01
2.156068e-02 7.300899e-03 -4.050000e-01
2.136094e-02 7.279390e-03 -4.040000e-01
2.115731e-02 7.256051e-03 -4.030000e-01
2.094982e-02 7.230865e-03 -4.020000e-01
2.073850e-02 7.203813e-03 -4.010000e-01
2.052340e-02 7.174878e-03 -4.000000e-01
2.030455e-02 7.144040e-03 -3.990000e-01
2.008200e-02 7.111283e-03 -3.980000e-01
1.985577e-02 7.076587e-03 -3.970000e-01
1.962592e-02 7.039934e-03 -3.960000e-01
1.939247e-02 7.001306e-03 -3.950000e-01
1.915548e-02 6.960685e-03 -3.940000e-01
1.891498e-02 6.918052e-03 -3.930000e-01
1.867101e-02 6.873389e-03 -3.920000e-01
1.842362e-02 6.826677e-03 -3.910000e-01
1.817284e-02 6.777897e-03 -3.900000e-01
1.791873e-02 6.727031e-03 -3.890000e-01
1.766132e-02 6.674060e-03 -3.880000e-01
1.740066e-02 6.618965e-03 -3.870000e-01
1.713679e-02 6.561727e-03 -3.860000e-01
1.686976e-02 6.502328e-03 -3.850000e-01
1.659961e-02 6.440748e-03 -3.840000e-01
1.632640e-02 6.376968e-03 -3.830000e-01
1.605015e-02 6.310970e-03 -3.820000e-01
1.577093e-02 6.242733e-03 -3.810000e-01
1.548878e-02 6.172239e-03 -3.800000e-01
1.520374e-02 6.099468e-03 -3.790000e-01
1.491587e-02 6.024400e-03 -3.780000e-01
1.462521e-02 5.947016e-03 -3.770000e-01
1.433182e-02 5.867297e-03 -3.760000e-01
1.403573e-02 5.785223e-03 -3.750000e-01
1.373701e-02 5.700773e-03 -3.740000e-01
1.343570e-02 5.613929e-03 -3.730000e-01
1.313185e-02 5.524669e-03 -3.720000e-01
1.282551e-02 5.432974e-03 -3.710000e-01
1.251674e-02 5.338823e-03 -3.700000e-01
1.220558e-02 5.242197e-03 -3.690000e-01
1.189209e-02 5.143074e-03 -3.680000e-01
1.157632e-02 5.041434e-03 -3.670000e-01
1.125832e-02 4.937257e-03 -3.660000e-01
1.093815e-02 4.830522e-03 -3.650000e-01
1.061586e-02 4.721208e-03 -3.640000e-01
1.029150e-02 4.609293e-03 -3.630000e-01
9.965135e-03 4.494757e-03 -3.620000e-01
9.636808e-03 4.377579e-03 -3.610000e-01
9.306580e-03 4.257736e-03 -3.600000e-01
8.974504e-03 4.135208e-03 -3.590000e-01
8.640636e-03 4.009973e-03 -3.580000e-01
8.305033e-03 3.882009e-03 -3.570000e-01
7.967750e-03 3.751295e-03 -3.560000e-01
7.628844e-03 3.617807e-03 -3.550000e-01
7.288371e-03 3.481524e-03 -3.540000e-01
6.946390e-03 3.342424e-03 -3.530000e-01
6.602956e-03 3.200483e-03 -3.520000e-01
6.258129e-03 3.055680e-03 -3.510000e-01
5.911965e-03 2.907991e-03 -3.500000e-01
5.564523e-03 2.757394e-03 -3.490000e-01
5.215862e-03 2.603865e-03 -3.480000e-01
4.866039e-03 2.447381e-03 -3.470000e-01
4.515115e-03 2.287918e-03 -3.460000e-01
4.163148e-03 2.125453e-03 -3.450000e-01
3.810197e-03 1.959963e-03 -3.440000e-01
3.456323e-03 1.791421e-03 -3.430000e-01
3.101585e-03 1.619806e-03 -3.420000e-01
2.746043e-03 1.445092e-03 -3.410000e-01
2.389757e-03 1.267254e-03 -3.400000e-01
2.032789e-03 1.086269e-03 -3.390000e-01
1.675197e-03 9.021101e-04 -3.380000e-01
1.317044e-03 7.147529e-04 -3.370000e-01
9.583910e-04 5.241720e-04 -3.360000e-01
5.992981e-04 3.303417e-04 -3.350000e-01
2.398271e-04 1.332361e-04 -3.340000e-01
1.199606e-04 6.716996e-05 -3.330000e-01
4.800032e-04 2.708573e-04 -3.320000e-01
8.402391e-04 4.777373e-04 -3.310000e-01
1.200606e-03 6.877157e-04 -3.300000e-01
1.561043e-03 9.006984e-04 -3.290000e-01
1.921486e-03 1.116592e-03 -3.280000e-01
2.281875e-03 1.335302e-03 -3.270000e-01
2.642146e-03 1.556736e-03 -3.260000e-01
3.002237e-03 1.780800e-03 -3.250000e-01
3.362086e-03 2.007402e-03 -3.240000e-01
3.721629e-03 2.236449e-03 -3.230000e-01
4.080805e-03 2.467849e-03 -3.220000e-01
4.439551e-03 2.701509e-03 -3.210000e-01
4.797803e-03 2.937339e-03 -3.200000e-01
5.155500e-03 3.175246e-03 -3.190000e-01
5.512577e-03 3.415140e-03 -3.180000e-01
5.868973e-03 3.656929e-03 -3.170000e-01
6.224624e-03 3.900523e-03 -3.160000e-01
6.579467e-03 4.145831e-03 -3.150000e-01
6.933440e-03 4.392764e-03 -3.140000e-01
7.286479e-03 4.641231e-03 -3.130000e-01
7.638522e-03 4.891144e-03 -3.120000e-01
7.989506e-03 5.142413e-03 -3.110000e-01
8.339368e-03 5.394950e-03 -3.100000e-01
8.688044e-03 5.648666e-03 -3.090000e-01
9.035474e-03 5.903472e-03 -3.080000e-01
9.381592e-03 6.159282e-03 -3.070000e-01
9.726338e-03 6.416007e-03 -3.060000e-01
1.006965e-02 6.673561e-03 -3.050000e-01
1.041146e-02 6.931857e-03 -3.040000e-01
1.075171e-02 7.190809e-03 -3.030000e-01
1.109034e-02 7.450329e-03 -3.020000e-01
1.142729e-02 7.710334e-03 -3.010000e-01
1.176248e-02 7.970737e-03 -3.000000e-01
1.209587e-02 8.231454e-03 -2.990000e-01
1.242739e-02 8.492400e-03 -2.980000e-01
1.275697e-02 8.753491e-03 -2.970000e-01
1.308457e-02 9.014643e-03 -2.960000e-01
1.341010e-02 9.275773e-03 -2.950000e-01
1.373352e-02 9.536797e-03 -2.940000e-01
1.405477e-02 9.797635e-03 -2.930000e-01
1.437377e-02 1.005820e-02 -2.920000e-01
1.469048e-02 1.031842e-02 -2.910000e-01
1.500483e-02 1.057820e-02 -2.900000e-01
1.531676e-02 1.083747e-02 -2.890000e-01
1.562621e-02 1.109615e-02 -2.880000e-01
1.593312e-02 1.135415e-02 -2.870000e-01
1.623743e-02 1.161140e-02 -2.860000e-01
1.653909e-02 1.186782e-02 -2.850000e-01
1.683803e-02 1.212332e-02 -2.840000e-01
1.713420e-02 1.237784e-02 -2.830000e-01
1.742753e-02 1.263129e-02 -2.820000e-01
1.771797e-02 1.288359e-02 -2.810000e-01
1.800547e-02 1.313468e-02 -2.800000e-01
1.828996e-02 1.338447e-02 -2.790000e-01
1.857138e-02 1.363289e-02 -2.780000e-01
1.884969e-02 1.387986e-02 -2.770000e-01
1.912482e-02 1.412530e-02 -2.760000e-01
1.939672e-02 1.436915e-02 -2.750000e-01
1.966533e-02 1.461134e-02 -2.740000e-01
1.993060e-02 1.485177e-02 -2.730000e-01
2.019247e-02 1.509040e-02 -2.720000e-01
2.045088e-02 1.532713e-02 -2.710000e-01
2.070580e-02 1.556191e-02 -2.700000e-01
2.095715e-02 1.579466e-02 -2.690000e-01
2.120489e-02 1.602530e-02 -2.680000e-01
2.144897e-02 1.625378e-02 -2.670000e-01
2.168932e-02 1.648002e-02 -2.660000e-01
2.192591e-02 1.670395e-02 -2.650000e-01
2.215868e-02 1.692551e-02 -2.640000e-01
2.238757e-02 1.714462e-02 -2.630000e-01
2.261255e-02 1.736123e-02 -2.620000e-01
2.283355e-02 1.757525e-02 -2.610000e-01
2.305053e-02 1.778664e-02 -2.600000e-01
2.326344e-02 1.799532e-02 -2.590000e-01
2.347223e-02 1.820123e-02 -2.580000e-01
2.367686e-02 1.840430e-02 -2.570000e-01
2.387727e-02 1.860448e-02 -2.560000e-01
2.407342e-02 1.880170e-02 -2.550000e-01
2.426527e-02 1.899590e-02 -2.540000e-01
2.445276e-02 1.918701e-02 -2.530000e-01
2.463586e-02 1.937499e-02 -2.520000e-01
2.481452e-02 1.955975e-02 -2.510000e-01
2.498870e-02 1.974126e-02 -2.500000e-01
2.515834e-02 1.991945e-02 -2.490000e-01
2.532342e-02 2.009426e-02 -2.480000e-01
2.548389e-02 2.026564e-02 -2.470000e-01
2.563971e-02 2.043352e-02 -2.460000e-01
2.579083e-02 2.059786e-02 -2.450000e-01
2.593722e-02 2.075860e-02 -2.440000e-01
2.607884e-02 2.091569e-02 -2.430000e-01
2.621565e-02 2.106906e-02 -2.420000e-01
2.634762e-02 2.121868e-02 -2.410000e-01
2.647470e-02 2.136448e-02 -2.400000e-01
2.659686e-02 2.150642e-02 -2.390000e-01
2.671407e-02 2.164445e-02 -2.380000e-01
2.682628e-02 2.177851e-02 -2.370000e-01
2.693348e-02 2.190856e-02 -2.360000e-01
2.703561e-02 2.203455e-02 -2.350000e-01
2.713266e-02 2.215643e-02 -2.340000e-01
2.722459e-02 2.227416e-02 -2.330000e-01
2.731137e-02 2.238769e-02 -2.320000e-01
2.739296e-02 2.249698e-02 -2.310000e-01
2.746935e-02 2.260198e-02 -2.300000e-01
2.754050e-02 2.270265e-02 -2.290000e-01
2.760638e-02 2.279895e-02 -2.280000e-01
2.766697e-02 2.289083e-02 -2.270000e-01
2.772225e-02 2.297826e-02 -2.260000e-01
2.777218e-02 2.306119e-02 -2.250000e-01
2.781675e-02 2.313959e-02 -2.240000e-01
2.785592e-02 2.321341e-02 -2.230000e-01
2.788969e-02 2.328263e-02 -2.220000e-01
2.791803e-02 2.334720e-02 -2.210000e-01
2.794091e-02 2.340710e-02 -2.200000e-01
2.795832e-02 2.346228e-02 -2.190000e-01
2.797024e-02 2.351271e-02 -2.180000e-01
2.797665e-02 2.355835e-02 -2.170000e-01
2.797755e-02 2.359919e-02 -2.160000e-01
2.797290e-02 2.363518e-02 -2.150000e-01
2.796270e-02 2.366630e-02 -2.140000e-01
2.794693e-02 2.369251e-02 -2.130000e-01
2.792558e-02 2.371380e-02 -2.120000e-01
2.789864e-02 2.373012e-02 -2.110000e-01
2.786610e-02 2.374146e-02 -2.100000e-01
2.782795e-02 2.374779e-02 -2.090000e-01
2.778417e-02 2.374909e-02 -2.080000e-01
2.773478e-02 2.374532e-02 -2.070000e-01
2.767975e-02 2.373648e-02 -2.060000e-01
2.761908e-02 2.372253e-02 -2.050000e-01
2.755276e-02 2.370347e-02 -2.040000e-01
2.748081e-02 2.367925e-02 -2.030000e-01
2.740320e-02 2.364988e-02 -2.020000e-01
2.731995e-02 2.361533e-02 -2.010000e-01
2.723105e-02 2.357558e-02 -2.000000e-01
2.713650e-02 2.353063e-02 -1.990000e-01
2.703630e-02 2.348044e-02 -1.980000e-01
2.693046e-02 2.342502e-02 -1.970000e-01
2.681899e-02 2.336434e-02 -1.960000e-01
2.670188e-02 2.329840e-02 -1.950000e-01
2.657915e-02 2.322718e-02 -1.940000e-01
2.645080e-02 2.315068e-02 -1.930000e-01
2.631685e-02 2.306889e-02 -1.920000e-01
2.617729e-02 2.298179e-02 -1.910000e-01
2.603215e-02 2.288938e-02 -1.900000e-01
2.588144e-02 2.279166e-02 -1.890000e-01
2.572516e-02 2.268862e-02 -1.880000e-01
2.556334e-02 2.258026e-02 -1.870000e-01
2.539599e-02 2.246657e-02 -1.860000e-01
2.522313e-02 2.234755e-02 -1.850000e-01
2.504478e-02 2.222321e-02 -1.840000e-01
2.486095e-02 2.209353e-02 -1.830000e-01
2.467166e-02 2.195853e-02 -1.820000e-01
2.447695e-02 2.181821e-02 -1.810000e-01
2.427682e-02 2.167256e-02 -1.800000e-01
2.407132e-02 2.152159e-02 -1.790000e-01
2.386045e-02 2.136532e-02 -1.780000e-01
2.364425e-02 2.120374e-02 -1.770000e-01
2.342274e-02 2.103686e-02 -1.760000e-01
2.319597e-02 2.086469e-02 -1.750000e-01
2.296394e-02 2.068723e-02 -1.740000e-01
2.272671e-02 2.050451e-02 -1.730000e-01
2.248429e-02 2.031653e-02 -1.720000e-01
2.223672e-02 2.012331e-02 -1.710000e-01
2.198405e-02 1.992485e-02 -1.700000e-01
2.172630e-02 1.972117e-02 -1.690000e-01
2.146351e-02 1.951229e-02 -1.680000e-01
2.119572e-02 1.929822e-02 -1.670000e-01
2.092298e-02 1.907898e-02 -1.660000e-01
2.064532e-02 1.885459e-02 -1.650000e-01
2.036278e-02 1.862506e-02 -1.640000e-01
2.007541e-02 1.839043e-02 -1.630000e-01
1.978325e-02 1.815070e-02 -1.620000e-01
1.948636e-02 1.790590e-02 -1.610000e-01
1.918477e-02 1.765606e-02 -1.600000e-01
1.887853e-02 1.740120e-02 -1.590000e-01
1.856770e-02 1.714134e-02 -1.580000e-01
1.825233e-02 1.687651e-02 -1.570000e-01
1.793246e-02 1.660674e-02 -1.560000e-01
1.760815e-02 1.633205e-02 -1.550000e-01
1.727946e-02 1.605247e-02 -1.540000e-01
1.694644e-02 1.576804e-02 -1.530000e-01
1.660915e-02 1.547878e-02 -1.520000e-01
1.626764e-02 1.518472e-02 -1.510000e-01
1.592198e-02 1.488590e-02 -1.500000e-01
1.557222e-02 1.458235e-02 -1.490000e-01
1.521842e-02 1.427411e-02 -1.480000e-01
1.486066e-02 1.396120e-02 -1.470000e-01
1.449899e-02 1.364367e-02 -1.460000e-01
1.413347e-02 1.332155e-02 -1.450000e-01
1.376417e-02 1.299488e-02 -1.440000e-01
1.339117e-02 1.266370e-02 -1.430000e-01
1.301452e-02 1.232805e-02 -1.420000e-01
1.263430e-02 1.198796e-02 -1.410000e-01
1.225057e-02 1.164347e-02 -1.400000e-01
1.186341e-02 1.129464e-02 -1.390000e-01
1.147290e-02 1.094149e-02 -1.380000e-01
1.107909e-02 1.058408e-02 -1.370000e-01
1.068207e-02 1.022245e-02 -1.360000e-01
1.028192e-02 9.856637e-03 -1.350000e-01
9.878708e-03 9.486691e-03 -1.340000e-01
9.472512e-03 9.112656e-03 -1.330000e-01
9.063411e-03 8.734581e-03 -1.320000e-01
8.651485e-03 8.352511e-03 -1.310000e-01
8.236814e-03 7.966494e-03 -1.300000e-01
7.819479e-03 7.576578e-03 -1.290000e-01
7.399564e-03 7.182813e-03 -1.280000e-01
6.977150e-03 6.785247e-03 -1.270000e-01
6.552322e-03 6.383932e-03 -1.260000e-01
6.125164e-03 5.978916e-03 -1.250000e-01
5.695764e-03 5.570253e-03 -1.240000e-01
5.264206e-03 5.157992e-03 -1.230000e-01
4.830579e-03 4.742187e-03 -1.220000e-01
4.394971e-03 4.322890e-03 -1.210000e-01
3.957472e-03 3.900154e-03 -1.200000e-01
3.518170e-03 3.474032e-03 -1.190000e-01
3.077156e-03 3.044578e-03 -1.180000e-01
2.634523e-03 2.611847e-03 -1.170000e-01
2.190361e-03 2.175893e-03 -1.160000e-01
1.744765e-03 1.736772e-03 -1.150000e-01
1.297826e-03 1.294538e-03 -1.140000e-01
8.496408e-04 8.492470e-04 -1.130000e-01
4.003024e-04 4.009553e-04 -1.120000e-01
5.009318e-05 5.028102e-05 -1.110000e-01
5.014499e-04 5.043851e-04 -1.100000e-01
9.536712e-04 9.612207e-04 -1.090000e-01
1.406660e-03 1.420641e-03 -1.080000e-01
1.860318e-03 1.882498e-03 -1.070000e-01
2.314548e-03 2.346645e-03 -1.060000e-01
2.769250e-03 2.812934e-03 -1.050000e-01
3.224325e-03 3.281218e-03 -1.040000e-01
3.679675e-03 3.751350e-03 -1.030000e-01
4.135198e-03 4.223181e-03 -1.020000e-01
4.590795e-03 4.696564e-03 -1.010000e-01
5.046363e-03 5.171351e-03 -1.000000e-01
5.501803e-03 5.647396e-03 -9.900000e-02
5.957013e-03 6.124549e-03 -9.800000e-02
6.411891e-03 6.602665e-03 -9.700000e-02
6.866335e-03 7.081595e-03 -9.600000e-02
7.320242e-03 7.561192e-03 -9.500000e-02
7.773510e-03 8.041310e-03 -9.400000e-02
8.226036e-03 8.521803e-03 -9.300000e-02
8.677718e-03 9.002522e-03 -9.200000e-02
9.128453e-03 9.483323e-03 -9.100000e-02
9.578136e-03 9.964059e-03 -9.000000e-02
1.002667e-02 1.044459e-02 -8.900000e-02
1.047394e-02 1.092476e-02 -8.800000e-02
1.091985e-02 1.140443e-02 -8.700000e-02
1.136430e-02 1.188345e-02 -8.600000e-02
1.180718e-02 1.236169e-02 -8.500000e-02
1.224839e-02 1.283900e-02 -8.400000e-02
1.268783e-02 1.331523e-02 -8.300000e-02
1.312539e-02 1.379024e-02 -8.200000e-02
1.356098e-02 1.426390e-02 -8.100000e-02
1.399448e-02 1.473605e-02 -8.000000e-02
1.442579e-02 1.520656e-02 -7.900000e-02
1.485483e-02 1.567530e-02 -7.800000e-02
1.528147e-02 1.614211e-02 -7.700000e-02
1.570562e-02 1.660687e-02 -7.600000e-02
1.612718e-02 1.706942e-02 -7.500000e-02
1.654605e-02 1.752965e-02 -7.400000e-02
1.696213e-02 1.798741e-02 -7.300000e-02
1.737532e-02 1.844256e-02 -7.200000e-02
1.778551e-02 1.889498e-02 -7.100000e-02
1.819261e-02 1.934452e-02 -7.000000e-02
1.859652e-02 1.979106e-02 -6.900000e-02
1.899715e-02 2.023446e-02 -6.800000e-02
1.939438e-02 2.067460e-02 -6.700000e-02
1.978814e-02 2.111134e-02 -6.600000e-02
2.017831e-02 2.154456e-02 -6.500000e-02
2.056481e-02 2.197412e-02 -6.400000e-02
2.094754e-02 2.239991e-02 -6.300000e-02
2.132641e-02 2.282180e-02 -6.200000e-02
2.170131e-02 2.323966e-02 -6.100000e-02
2.207217e-02 2.365338e-02 -6.000000e-02
2.243889e-02 2.406282e-02 -5.900000e-02
2.280137e-02 2.446788e-02 -5.800000e-02
2.315953e-02 2.486842e-02 -5.700000e-02
2.351327e-02 2.526435e-02 -5.600000e-02
2.386252e-02 2.565553e-02 -5.500000e-02
2.420717e-02 2.604186e-02 -5.400000e-02
2.454715e-02 2.642322e-02 -5.300000e-02
2.488237e-02 2.679950e-02 -5.200000e-02
2.521275e-02 2.717059e-02 -5.100000e-02
2.553819e-02 2.753639e-02 -5.000000e-02
2.585863e-02 2.789678e-02 -4.900000e-02
2.617397e-02 2.825166e-02 -4.800000e-02
2.648415e-02 2.860093e-02 -4.700000e-02
2.678907e-02 2.894448e-02 -4.600000e-02
2.708867e-02 2.928222e-02 -4.500000e-02
2.738286e-02 2.961404e-02 -4.400000e-02
2.767157e-02 2.993985e-02 -4.300000e-02
2.795473e-02 3.025956e-02 -4.200000e-02
2.823226e-02 3.057307e-02 -4.100000e-02
2.850410e-02 3.088029e-02 -4.000000e-02
2.877017e-02 3.118113e-02 -3.900000e-02
2.903041e-02 3.147550e-02 -3.800000e-02
2.928474e-02 3.176332e-02 -3.700000e-02
2.953311e-02 3.204450e-02 -3.600000e-02
2.977545e-02 3.231896e-02 -3.500000e-02
3.001169e-02 3.258663e-02 -3.400000e-02
3.024178e-02 3.284741e-02 -3.300000e-02
3.046566e-02 3.310124e-02 -3.200000e-02
3.068326e-02 3.334805e-02 -3.100000e-02
3.089454e-02 3.358775e-02 -3.000000e-02
3.109943e-02 3.382029e-02 -2.900000e-02
3.129788e-02 3.404559e-02 -2.800000e-02
3.148985e-02 3.426358e-02 -2.700000e-02
3.167528e-02 3.447421e-02 -2.600000e-02
3.185412e-02 3.467742e-02 -2.500000e-02
3.202633e-02 3.487313e-02 -2.400000e-02
3.219186e-02 3.506130e-02 -2.300000e-02
3.235067e-02 3.524188e-02 -2.200000e-02
3.250271e-02 3.541480e-02 -2.100000e-02
3.264795e-02 3.558002e-02 -2.000000e-02
3.278635e-02 3.573749e-02 -1.900000e-02
3.291788e-02 3.588716e-02 -1.800000e-02
3.304249e-02 3.602899e-02 -1.700000e-02
3.316016e-02 3.616295e-02 -1.600000e-02
3.327085e-02 3.628898e-02 -1.500000e-02
3.337454e-02 3.640705e-02 -1.400000e-02
3.347119e-02 3.651714e-02 -1.300000e-02
3.356079e-02 3.661920e-02 -1.200000e-02
3.364331e-02 3.671320e-02 -1.100000e-02
3.371872e-02 3.679913e-02 -1.000000e-02
3.378702e-02 3.687695e-02 -9.000000e-03
3.384817e-02 3.694664e-02 -8.000000e-03
3.390216e-02 3.700819e-02 -7.000000e-03
3.394899e-02 3.706156e-02 -6.000000e-03
3.398863e-02 3.710676e-02 -5.000000e-03
3.402108e-02 3.714375e-02 -4.000000e-03
3.404633e-02 3.717255e-02 -3.000000e-03
3.406437e-02 3.719312e-02 -2.000000e-03
3.407519e-02 3.720548e-02 -1.000000e-03
3.407880e-02 3.720961e-02 8.812395e-16
3.407519e-02 3.720552e-02 1.000000e-03
3.406437e-02 3.719320e-02 2.000000e-03
3.404633e-02 3.717266e-02 3.000000e-03
3.402108e-02 3.714391e-02 4.000000e-03
3.398863e-02 3.710695e-02 5.000000e-03
3.394899e-02 3.706180e-02 6.000000e-03
3.390216e-02 3.700846e-02 7.000000e-03
3.384817e-02 3.694696e-02 8.000000e-03
3.378702e-02 3.687730e-02 9.000000e-03
3.371872e-02 3.679952e-02 1.000000e-02
3.364331e-02 3.671363e-02 1.100000e-02
3.356079e-02 3.661966e-02 1.200000e-02
3.347119e-02 3.651764e-02 1.300000e-02
3.337454e-02 3.640759e-02 1.400000e-02
3.327085e-02 3.628956e-02 1.500000e-02
3.316016e-02 3.616356e-02 1.600000e-02
3.304249e-02 3.602965e-02 1.700000e-02
3.291788e-02 3.588785e-02 1.800000e-02
3.278635e-02 3.573821e-02 1.900000e-02
3.264795e-02 3.558078e-02 2.000000e-02
3.250271e-02 3.541559e-02 2.100000e-02
3.235067e-02 3.524271e-02 2.200000e-02
3.219186e-02 3.506217e-02 2.300000e-02
3.202633e-02 3.487403e-02 2.400000e-02
3.185412e-02 3.467835e-02 2.500000e-02
3.167528e-02 3.447518e-02 2.600000e-02
3.148985e-02 3.426458e-02 2.700000e-02
3.129788e-02 3.404662e-02 2.800000e-02
3.109943e-02 3.382135e-02 2.900000e-02
3.089454e-02 3.358885e-02 3.000000e-02
3.068326e-02 3.334917e-02 3.100000e-02
3.046566e-02 3.310240e-02 3.200000e-02
3.024178e-02 3.284859e-02 3.300000e-02
3.001169e-02 3.258784e-02 3.400000e-02
2.977545e-02 3.232020e-02 3.500000e-02
2.953311e-02 3.204577e-02 3.600000e-02
2.928474e-02 3.176461e-02 3.700000e-02
2.903041e-02 3.147682e-02 3.800000e-02
2.877017e-02 3.118247e-02 3.900000e-02
2.850410e-02 3.088166e-02 4.000000e-02
2.823226e-02 3.057446e-02 4.100000e-02
2.795473e-02 3.026098e-02 4.200000e-02
2.767157e-02 2.994129e-02 4.300000e-02
2.738286e-02 2.961550e-02 4.400000e-02
2.708867e-02 2.928369e-02 4.500000e-02
2.678907e-02 2.894598e-02 4.600000e-02
2.648415e-02 2.860244e-02 4.700000e-02
2.617397e-02 2.825319e-02 4.800000e-02
2.585863e-02 2.789833e-02 4.900000e-02
2.553819e-02 2.753795e-02 5.000000e-02
2.521275e-02 2.717217e-02 5.100000e-02
2.488237e-02 2.680110e-02 5.200000e-02
2.454715e-02 2.642483e-02 5.300000e-02
2.420717e-02 2.604348e-02 5.400000e-02
2.386252e-02 2.565716e-02 5.500000e-02
2.351327e-02 2.526599e-02 5.600000e-02
2.315953e-02 2.487008e-02 5.700000e-02
2.280137e-02 2.446954e-02 5.800000e-02
2.243889e-02 2.406449e-02 5.900000e-02
2.207217e-02 2.365505e-02 6.000000e-02
2.170131e-02 2.324134e-02 6.100000e-02
2.132641e-02 2.282348e-02 6.200000e-02
2.094754e-02 2.240159e-02 6.300000e-02
2.056481e-02 2.197580e-02 6.400000e-02
2.017831e-02 2.154624e-02 6.500000e-02
1.978814e-02 2.111302e-02 6.600000e-02
1.939438e-02 2.067627e-02 6.700000e-02
1.899715e-02 2.023613e-02 6.800000e-02
1.859652e-02 1.979272e-02 6.900000e-02
1.819261e-02 1.934618e-02 7.000000e-02
1.778551e-02 1.889663e-02 7.100000e-02
1.737532e-02 1.844420e-02 7.200000e-02
1.696213e-02 1.798904e-02 7.300000e-02
1.654605e-02 1.753127e-02 7.400000e-02
1.612718e-02 1.707103e-02 7.500000e-02
1.570562e-02 1.660845e-02 7.600000e-02
1.528147e-02 1.614368e-02 7.700000e-02
1.485483e-02 1.567685e-02 7.800000e-02
1.442579e-02 1.520810e-02 7.900000e-02
1.399448e-02 1.473756e-02 8.000000e-02
1.356098e-02 1.426539e-02 8.100000e-02
1.312539e-02 1.379171e-02 8.200000e-02
1.268783e-02 1.331667e-02 8.300000e-02
1.224839e-02 1.284041e-02 8.400000e-02
1.180718e-02 1.236308e-02 8.500000e-02
1.136430e-02 1.188481e-02 8.600000e-02
1.091985e-02 1.140575e-02 8.700000e-02
1.047394e-02 1.092605e-02 8.800000e-02
1.002667e-02 1.044584e-02 8.900000e-02
9.578136e-03 9.965276e-03 9.000000e-02
9.128453e-03 9.484500e-03 9.100000e-02
8.677718e-03 9.003659e-03 9.200000e-02
8.226036e-03 8.522897e-03 9.300000e-02
7.773510e-03 8.042361e-03 9.400000e-02
7.320242e-03 7.562196e-03 9.500000e-02
6.866335e-03 7.082551e-03 9.600000e-02
6.411891e-03 6.603571e-03 9.700000e-02
5.957013e-03 6.125404e-03 9.800000e-02
5.501803e-03 5.648198e-03 9.900000e-02
5.046363e-03 5.172098e-03 1.000000e-01
4.590795e-03 4.697253e-03 1.010000e-01
4.135198e-03 4.223811e-03 1.020000e-01
3.679675e-03 3.751919e-03 1.030000e-01
3.224325e-03 3.281725e-03 1.040000e-01
2.769250e-03 2.813376e-03 1.050000e-01
2.314548e-03 2.347019e-03 1.060000e-01
1.860318e-03 1.882803e-03 1.070000e-01
1.406660e-03 1.420875e-03 1.080000e-01
9.536712e-04 9.613819e-04 1.090000e-01
5.014499e-04 5.044712e-04 1.100000e-01
5.009318e-05 5.028974e-05 1.110000e-01
4.003024e-04 4.010260e-04 1.120000e-01
8.496408e-04 8.493992e-04 1.130000e-01
1.297826e-03 1.294774e-03 1.140000e-01
1.744765e-03 1.737093e-03 1.150000e-01
2.190361e-03 2.176302e-03 1.160000e-01
2.634523e-03 2.612345e-03 1.170000e-01
3.077156e-03 3.045168e-03 1.180000e-01
3.518170e-03 3.474715e-03 1.190000e-01
3.957472e-03 3.900932e-03 1.200000e-01
4.394971e-03 4.323765e-03 1.210000e-01
4.830579e-03 4.743161e-03 1.220000e-01
5.264206e-03 5.159066e-03 1.230000e-01
5.695764e-03 5.571429e-03 1.240000e-01
6.125164e-03 5.980196e-03 1.250000e-01
6.552322e-03 6.385316e-03 1.260000e-01
6.977150e-03 6.786738e-03 1.270000e-01
7.399564e-03 7.184412e-03 1.280000e-01
7.819479e-03 7.578287e-03 1.290000e-01
8.236814e-03 7.968314e-03 1.300000e-01
8.651485e-03 8.354444e-03 1.310000e-01
9.063411e-03 8.736628e-03 1.320000e-01
9.472512e-03 9.114819e-03 1.330000e-01
9.878708e-03 9.488969e-03 1.340000e-01
1.028192e-02 9.859033e-03 1.350000e-01
1.068207e-02 1.022496e-02 1.360000e-01
1.107909e-02 1.058672e-02 1.370000e-01
1.147290e-02 1.094425e-02 1.380000e-01
1.186341e-02 1.129752e-02 1.390000e-01
1.225057e-02 1.164648e-02 1.400000e-01
1.263430e-02 1.199108e-02 1.410000e-01
1.301452e-02 1.233130e-02 1.420000e-01
1.339117e-02 1.266708e-02 1.430000e-01
1.376417e-02 1.299839e-02 1.440000e-01
1.413347e-02 1.332519e-02 1.450000e-01
1.449899e-02 1.364744e-02 1.460000e-01
1.486066e-02 1.396510e-02 1.470000e-01
1.521842e-02 1.427813e-02 1.480000e-01
1.557222e-02 1.458651e-02 1.490000e-01
1.592198e-02 1.489019e-02 1.500000e-01
1.626764e-02 1.518914e-02 1.510000e-01
1.660915e-02 1.548333e-02 1.520000e-01
1.694644e-02 1.577272e-02 1.530000e-01
1.727946e-02 1.605729e-02 1.540000e-01
1.760815e-02 1.633700e-02 1.550000e-01
1.793246e-02 1.661183e-02 1.560000e-01
1.825233e-02 1.688174e-02 1.570000e-01
1.856770e-02 1.714670e-02 1.580000e-01
1.887853e-02 1.740670e-02 1.590000e-01
1.918477e-02 1.766170e-02 1.600000e-01
1.948636e-02 1.791168e-02 1.610000e-01
1.978325e-02 1.815661e-02 1.620000e-01
2.007541e-02 1.839647e-02 1.630000e-01
2.036278e-02 1.863125e-02 1.640000e-01
2.064532e-02 1.886091e-02 1.650000e-01
2.092298e-02 1.908544e-02 1.660000e-01
2.119572e-02 1.930481e-02 1.670000e-01
2.146351e-02 1.951902e-02 1.680000e-01
2.172630e-02 1.972804e-02 1.690000e-01
2.198405e-02 1.993186e-02 1.700000e-01
2.223672e-02 2.013045e-02 1.710000e-01
2.248429e-02 2.032382e-02 1.720000e-01
2.272671e-02 2.051193e-02 1.730000e-01
2.296394e-02 2.069479e-02 1.740000e-01
2.319597e-02 2.087238e-02 1.750000e-01
2.342274e-02 2.104468e-02 1.760000e-01
2.364425e-02 2.121170e-02 1.770000e-01
2.386045e-02 2.137342e-02 1.780000e-01
2.407132e-02 2.152983e-02 1.790000e-01
2.427682e-02 2.168093e-02 1.800000e-01
2.447695e-02 2.182671e-02 1.810000e-01
2.467166e-02 2.196717e-02 1.820000e-01
2.486095e-02 2.210230e-02 1.830000e-01
2.504478e-02 2.223211e-02 1.840000e-01
2.522313e-02 2.235658e-02 1.850000e-01
2.539599e-02 2.247573e-02 1.860000e-01
2.556334e-02 2.258955e-02 1.870000e-01
2.572516e-02 2.269804e-02 1.880000e-01
2.588144e-02 2.280121e-02 1.890000e-01
2.603215e-02 2.289906e-02 1.900000e-01
2.617729e-02 2.299160e-02 1.910000e-01
2.631685e-02 2.307882e-02 1.920000e-01
2.645080e-02 2.316074e-02 1.930000e-01
2.657915e-02 2.323736e-02 1.940000e-01
2.670188e-02 2.330870e-02 1.950000e-01
2.681899e-02 2.337477e-02 1.960000e-01
2.693046e-02 2.343556e-02 1.970000e-01
2.703630e-02 2.349111e-02 1.980000e-01
2.713650e-02 2.354141e-02 1.990000e-01
2.723105e-02 2.358648e-02 2.000000e-01
2.731995e-02 2.362635e-02 2.010000e-01
2.740320e-02 2.366101e-02 2.020000e-01
2.748081e-02 2.369050e-02 2.030000e-01
2.755276e-02 2.371482e-02 2.040000e-01
2.761908e-02 2.373400e-02 2.050000e-01
2.767975e-02 2.374805e-02 2.060000e-01
2.773478e-02 2.375700e-02 2.070000e-01
2.778417e-02 2.376087e-02 2.080000e-01
2.782795e-02 2.375968e-02 2.090000e-01
2.786610e-02 2.375345e-02 2.100000e-01
2.789864e-02 2.374221e-02 2.110000e-01
2.792558e-02 2.372599e-02 2.120000e-01
2.794693e-02 2.370480e-02 2.130000e-01
2.796270e-02 2.367868e-02 2.140000e-01
2.797290e-02 2.364766e-02 2.150000e-01
2.797755e-02 2.361176e-02 2.160000e-01
2.797665e-02 2.357102e-02 2.170000e-01
2.797024e-02 2.352546e-02 2.180000e-01
2.795832e-02 2.347511e-02 2.190000e-01
2.794091e-02 2.342002e-02 2.200000e-01
2.791803e-02 2.336021e-02 2.210000e-01
2.788969e-02 2.329571e-02 2.220000e-01
2.785592e-02 2.322657e-02 2.230000e-01
2.781675e-02 2.315282e-02 2.240000e-01
2.777218e-02 2.307450e-02 2.250000e-01
2.772225e-02 2.299164e-02 2.260000e-01
2.766697e-02 2.290428e-02 2.270000e-01
2.760638e-02 2.281246e-02 2.280000e-01
2.754050e-02 2.271623e-02 2.290000e-01
2.746935e-02 2.261563e-02 2.300000e-01
2.739296e-02 2.251069e-02 2.310000e-01
2.731137e-02 2.240146e-02 2.320000e-01
2.722459e-02 2.228798e-02 2.330000e-01
2.713266e-02 2.217030e-02 2.340000e-01
2.703561e-02 2.204847e-02 2.350000e-01
2.693348e-02 2.192253e-02 2.360000e-01
2.682628e-02 2.179252e-02 2.370000e-01
2.671407e-02 2.165850e-02 2.380000e-01
2.659686e-02 2.152051e-02 2.390000e-01
2.647470e-02 2.137861e-02 2.400000e-01
2.634762e-02 2.123284e-02 2.410000e-01
2.621565e-02 2.108325e-02 2.420000e-01
2.607884e-02 2.092991e-02 2.430000e-01
2.593722e-02 2.077285e-02 2.440000e-01
2.579083e-02 2.061213e-02 2.450000e-01
2.563971e-02 2.044781e-02 2.460000e-01
2.548389e-02 2.027994e-02 2.470000e-01
2.532342e-02 2.010857e-02 2.480000e-01
2.515834e-02 1.993377e-02 2.490000e-01
2.498870e-02 1.975559e-02 2.500000e-01
2.481452e-02 1.957409e-02 2.510000e-01
2.463586e-02 1.938932e-02 2.520000e-01
2.445276e-02 1.920134e-02 2.530000e-01
2.426527e-02 1.901022e-02 2.540000e-01
2.407342e-02 1.881601e-02 2.550000e-01
2.387727e-02 1.861878e-02 2.560000e-01
2.367686e-02 1.841859e-02 2.570000e-01
2.347223e-02 1.821549e-02 2.580000e-01
2.326344e-02 1.800956e-02 2.590000e-01
2.305053e-02 1.780085e-02 2.600000e-01
2.283355e-02 1.758943e-02 2.610000e-01
2.261255e-02 1.737537e-02 2.620000e-01
2.238757e-02 1.715873e-02 2.630000e-01
2.215868e-02 1.693958e-02 2.640000e-01
2.192591e-02 1.671798e-02 2.650000e-01
2.168932e-02 1.649400e-02 2.660000e-01
2.144897e-02 1.626770e-02 2.670000e-01
2.120489e-02 1.603917e-02 2.680000e-01
2.095715e-02 1.580846e-02 2.690000e-01
2.070580e-02 1.557565e-02 2.700000e-01
2.045088e-02 1.534080e-02 2.710000e-01
2.019247e-02 1.510400e-02 2.720000e-01
1.993060e-02 1.486530e-02 2.730000e-01
1.966533e-02 1.462478e-02 2.740000e-01
1.939672e-02 1.438251e-02 2.750000e-01
1.912482e-02 1.413857e-02 2.760000e-01
1.884969e-02 1.389303e-02 2.770000e-01
1.857138e-02 1.364596e-02 2.780000e-01
1.828996e-02 1.339745e-02 2.790000e-01
1.800547e-02 1.314755e-02 2.800000e-01
1.771797e-02 1.289636e-02 2.810000e-01
1.742753e-02 1.264393e-02 2.820000e-01
1.713420e-02 1.239037e-02 2.830000e-01
1.683803e-02 1.213573e-02 2.840000e-01
1.653909e-02 1.188009e-02 2.850000e-01
1.623743e-02 1.162354e-02 2.860000e-01
1.593312e-02 1.136616e-02 2.870000e-01
1.562621e-02 1.110802e-02 2.880000e-01
1.531676e-02 1.084919e-02 2.890000e-01
1.500483e-02 1.058977e-02 2.900000e-01
1.469048e-02 1.032983e-02 2.910000e-01
1.437377e-02 1.006946e-02 2.920000e-01
1.405477e-02 9.808725e-03 2.930000e-01
1.373352e-02 9.547718e-03 2.940000e-01
1.341010e-02 9.286519e-03 2.950000e-01
1.308457e-02 9.025210e-03 2.960000e-01
1.275697e-02 8.763873e-03 2.970000e-01
1.242739e-02 8.502593e-03 2.980000e-01
1.209587e-02 8.241453e-03 2.990000e-01
1.176248e-02 7.980536e-03 3.000000e-01
1.142729e-02 7.719929e-03 3.010000e-01
1.109034e-02 7.459714e-03 3.020000e-01
1.075171e-02 7.199979e-03 3.030000e-01
1.041146e-02 6.940807e-03 3.040000e-01
1.006965e-02 6.682286e-03 3.050000e-01
9.726338e-03 6.424501e-03 3.060000e-01
9.381592e-03 6.167540e-03 3.070000e-01
9.035474e-03 5.911489e-03 3.080000e-01
8.688044e-03 5.656436e-03 3.090000e-01
8.339368e-03 5.402468e-03 3.100000e-01
7.989506e-03 5.149674e-03 3.110000e-01
7.638522e-03 4.898141e-03 3.120000e-01
7.286479e-03 4.647960e-03 3.130000e-01
6.933440e-03 4.399218e-03 3.140000e-01
6.579467e-03 4.152006e-03 3.150000e-01
6.224624e-03 3.906412e-03 3.160000e-01
5.868973e-03 3.662527e-03 3.170000e-01
5.512577e-03 3.420441e-03 3.180000e-01
5.155500e-03 3.180244e-03 3.190000e-01
4.797803e-03 2.942028e-03 3.200000e-01
4.439551e-03 2.705884e-03 3.210000e-01
4.080805e-03 2.471903e-03 3.220000e-01
3.721629e-03 2.240177e-03 3.230000e-01
3.362086e-03 2.010798e-03 3.240000e-01
3.002237e-03 1.783858e-03 3.250000e-01
2.642146e-03 1.559449e-03 3.260000e-01
2.281875e-03 1.337665e-03 3.270000e-01
1.921486e-03 1.118598e-03 3.280000e-01
1.561043e-03 9.023422e-04 3.290000e-01
1.200606e-03 6.889906e-04 3.300000e-01
8.402391e-04 4.786371e-04 3.310000e-01
4.800032e-04 2.713756e-04 3.320000e-01
1.199606e-04 6.730061e-05 3.330000e-01
2.398271e-04 1.334995e-04 3.340000e-01
5.992981e-04 3.310054e-04 3.350000e-01
9.583910e-04 5.252422e-04 3.360000e-01
1.317044e-03 7.162357e-04 3.370000e-01
1.675197e-03 9.040112e-04 3.380000e-01
2.032789e-03 1.088594e-03 3.390000e-01
2.389757e-03 1.270009e-03 3.400000e-01
2.746043e-03 1.448282e-03 3.410000e-01
3.101585e-03 1.623437e-03 3.420000e-01
3.456323e-03 1.795498e-03 3.430000e-01
3.810197e-03 1.964490e-03 3.440000e-01
4.163148e-03 2.130437e-03 3.450000e-01
4.515115e-03 2.293362e-03 3.460000e-01
4.866039e-03 2.453290e-03 3.470000e-01
5.215862e-03 2.610244e-03 3.480000e-01
5.564523e-03 2.764247e-03 3.490000e-01
5.911965e-03 2.915323e-03 3.500000e-01
6.258129e-03 3.063494e-03 3.510000e-01
6.602956e-03 3.208784e-03 3.520000e-01
6.946390e-03 3.351215e-03 3.530000e-01
7.288371e-03 3.490809e-03 3.540000e-01
7.628844e-03 3.627590e-03 3.550000e-01
7.967750e-03 3.761579e-03 3.560000e-01
8.305033e-03 3.892798e-03 3.570000e-01
8.640636e-03 4.021270e-03 3.580000e-01
8.974504e-03 4.147016e-03 3.590000e-01
9.306580e-03 4.270058e-03 3.600000e-01
9.636808e-03 4.390417e-03 3.610000e-01
9.965135e-03 4.508115e-03 3.620000e-01
1.029150e-02 4.623172e-03 3.630000e-01
1.061586e-02 4.735611e-03 3.640000e-01
1.093815e-02 4.845452e-03 3.650000e-01
1.125832e-02 4.952716e-03 3.660000e-01
1.157632e-02 5.057424e-03 3.670000e-01
1.189209e-02 5.159596e-03 3.680000e-01
1.220558e-02 5.259253e-03 3.690000e-01
1.251674e-02 5.356415e-03 3.700000e-01
1.282551e-02 5.451103e-03 3.710000e-01
1.313185e-02 5.543337e-03 3.720000e-01
1.343570e-02 5.633136e-03 3.730000e-01
1.373701e-02 5.720522e-03 3.740000e-01
1.403573e-02 5.805513e-03 3.750000e-01
1.433182e-02 5.888130e-03 3.760000e-01
1.462521e-02 5.968393e-03 3.770000e-01
1.491587e-02 6.046320e-03 3.780000e-01
1.520374e-02 6.121932e-03 3.790000e-01
1.548878e-02 6.195247e-03 3.800000e-01
1.577093e-02 6.266286e-03 3.810000e-01
1.605015e-02 6.335068e-03 3.820000e-01
1.632640e-02 6.401611e-03 3.830000e-01
1.659961e-02 6.465935e-03 3.840000e-01
1.686976e-02 6.528058e-03 3.850000e-01
1.713679e-02 6.588001e-03 3.860000e-01
1.740066e-02 6.645781e-03 3.870000e-01
1.766132e-02 6.701418e-03 3.880000e-01
1.791873e-02 6.754930e-03 3.890000e-01
1.817284e-02 6.806335e-03 3.900000e-01
1.842362e-02 6.855654e-03 3.910000e-01
1.867101e-02 6.902903e-03 3.920000e-01
1.891498e-02 6.948102e-03 3.930000e-01
1.915548e-02 6.991269e-03 3.940000e-01
1.939247e-02 7.032422e-03 3.950000e-01
1.962592e-02 7.071580e-03 3.960000e-01
1.985577e-02 7.108761e-03 3.970000e-01
2.008200e-02 7.143984e-03 3.980000e-01
2.030455e-02 7.177265e-03 3.990000e-01
2.052340e-02 7.208624e-03 4.000000e-01
2.073850e-02 7.238079e-03 4.010000e-01
2.094982e-02 7.265647e-03 4.020000e-01
2.115731e-02 7.291347e-03 4.030000e-01
2.136094e-02 7.315196e-03 4.040000e-01
2.156068e-02 7.337213e-03 4.050000e-01
2.175649e-02 7.357415e-03 4.060000e-01
2.194833e-02 7.375820e-03 4.070000e-01
2.213618e-02 7.392446e-03 4.080000e-01
2.231998e-02 7.407311e-03 4.090000e-01
2.249972e-02 7.420432e-03 4.100000e-01
2.267536e-02 7.431827e-03 4.110000e-01
2.284686e-02 7.441514e-03 4.120000e-01
2.301419e-02 7.449511e-03 4.130000e-01
2.317733e-02 7.455834e-03 4.140000e-01
2.333624e-02 7.460503e-03 4.150000e-01
2.349089e-02 7.463533e-03 4.160000e-01
2.364126e-02 7.464943e-03 4.170000e-01
2.378731e-02 7.464751e-03 4.180000e-01
2.392901e-02 7.462973e-03 4.190000e-01
2.406634e-02 7.459628e-03 4.200000e-01
2.419926e-02 7.454732e-03 4.210000e-01
2.432777e-02 7.448304e-03 4.220000e-01
2.445181e-02 7.440360e-03 4.230000e-01
2.457138e-02 7.430918e-03 4.240000e-01
2.468645e-02 7.419996e-03 4.250000e-01
2.479699e-02 7.407610e-03 4.260000e-01
2.490298e-02 7.393779e-03 4.270000e-01
2.500439e-02 7.378520e-03 4.280000e-01
2.510121e-02 7.361849e-03 4.290000e-01
2.519341e-02 7.343785e-03 4.300000e-01
2.528097e-02 7.324345e-03 4.310000e-01
2.536387e-02 7.303546e-03 4.320000e-01
2.544209e-02 7.281405e-03 4.330000e-01
2.551562e-02 7.257940e-03 4.340000e-01
2.558442e-02 7.233169e-03 4.350000e-01
2.564849e-02 7.207108e-03 4.360000e-01
2.570781e-02 7.179774e-03 4.370000e-01
2.576236e-02 7.151186e-03 4.380000e-01
2.581212e-02 7.121361e-03 4.390000e-01
2.585708e-02 7.090315e-03 4.400000e-01
2.589723e-02 7.058066e-03 4.410000e-01
2.593255e-02 7.024633e-03 4.420000e-01
2.596302e-02 6.990031e-03 4.430000e-01
2.598864e-02 6.954278e-03 4.440000e-01
2.600940e-02 6.917392e-03 4.450000e-01
2.602527e-02 6.879391e-03 4.460000e-01
2.603625e-02 6.840290e-03 4.470000e-01
2.604234e-02 6.800109e-03 4.480000e-01
2.604351e-02 6.758864e-03 4.490000e-01
2.603977e-02 6.716572e-03 4.500000e-01
2.603110e-02 6.673252e-03 4.510000e-01
2.601750e-02 6.628921e-03 4.520000e-01
2.599895e-02 6.583595e-03 4.530000e-01
2.597546e-02 6.537293e-03 4.540000e-01
2.594702e-02 6.490032e-03 4.550000e-01
2.591363e-02 6.441829e-03 4.560000e-01
2.587527e-02 6.392702e-03 4.570000e-01
2.583195e-02 6.342669e-03 4.580000e-01
2.578366e-02 6.291747e-03 4.590000e-01
2.573040e-02 6.239954e-03 4.600000e-01
2.567218e-02 6.187306e-03 4.610000e-01
2.560898e-02 6.133823e-03 4.620000e-01
2.554081e-02 6.079521e-03 4.630000e-01
2.546768e-02 6.024418e-03 4.640000e-01
2.538957e-02 5.968532e-03 4.650000e-01
2.530650e-02 5.911880e-03 4.660000e-01
2.521847e-02 5.854480e-03 4.670000e-01
2.512548e-02 5.796350e-03 4.680000e-01
2.502753e-02 5.737508e-03 4.690000e-01
2.492463e-02 5.677970e-03 4.700000e-01
2.481679e-02 5.617756e-03 4.710000e-01
2.470401e-02 5.556883e-03 4.720000e-01
2.458630e-02 5.495369e-03 4.730000e-01
2.446366e-02 5.433231e-03 4.740000e-01
2.433611e-02 5.370487e-03 4.750000e-01
2.420366e-02 5.307156e-03 4.760000e-01
2.406631e-02 5.243255e-03 4.770000e-01
2.392407e-02 5.178803e-03 4.780000e-01
2.377696e-02 5.113817e-03 4.790000e-01
2.362498e-02 5.048315e-03 4.800000e-01
2.346816e-02 4.982315e-03 4.810000e-01
2.330650e-02 4.915835e-03 4.820000e-01
2.314002e-02 4.848894e-03 4.830000e-01
2.296873e-02 4.781510e-03 4.840000e-01
2.279265e-02 4.713700e-03 4.850000e-01
2.261179e-02 4.645484e-03 4.860000e-01
2.242617e-02 4.576878e-03 4.870000e-01
2.223582e-02 4.507902e-03 4.880000e-01
2.204073e-02 4.438573e-03 4.890000e-01
2.184095e-02 4.368910e-03 4.900000e-01
2.163648e-02 4.298931e-03 4.910000e-01
2.142735e-02 4.228655e-03 4.920000e-01
2.121357e-02 4.158100e-03 4.930000e-01
2.099518e-02 4.087284e-03 4.940000e-01
2.077218e-02 4.016226e-03 4.950000e-01
2.054461e-02 3.944945e-03 4.960000e-01
2.031249e-02 3.873458e-03 4.970000e-01
2.007584e-02 3.801785e-03 4.980000e-01
1.983469e-02 3.729943e-03 4.990000e-01
1.958906e-02 3.657953e-03 5.000000e-01
1.933899e-02 3.585831e-03 5.010000e-01
1.908449e-02 3.513597e-03 5.020000e-01
1.882560e-02 3.441270e-03 5.030000e-01
1.856235e-02 3.368869e-03 5.040000e-01
1.829476e-02 3.296411e-03 5.050000e-01
1.802287e-02 3.223916e-03 5.060000e-01
1.774670e-02 3.151404e-03 5.070000e-01
1.746629e-02 3.078891e-03 5.080000e-01
1.718168e-02 3.006399e-03 5.090000e-01
1.689288e-02 2.933945e-03 5.100000e-01
1.659994e-02 2.861548e-03 5.110000e-01
1.630290e-02 2.789228e-03 5.120000e-01
1.600177e-02 2.717004e-03 5.130000e-01
1.569662e-02 2.644895e-03 5.140000e-01
1.538746e-02 2.572919e-03 5.150000e-01
1.507433e-02 2.501096e-03 5.160000e-01
1.475728e-02 2.429445e-03 5.170000e-01
1.443634e-02 2.357986e-03 5.180000e-01
1.411155e-02 2.286737e-03 5.190000e-01
1.378296e-02 2.215719e-03 5.200000e-01
1.345059e-02 2.144949e-03 5.210000e-01
1.311450e-02 2.074449e-03 5.220000e-01
1.277472e-02 2.004236e-03 5.230000e-01
1.243130e-02 1.934332e-03 5.240000e-01
1.208427e-02 1.864754e-03 5.250000e-01
1.173370e-02 1.795522e-03 5.260000e-01
1.137961e-02 1.726657e-03 5.270000e-01
1.102205e-02 1.658178e-03 5.280000e-01
1.066108e-02 1.590104e-03 5.290000e-01
1.029673e-02 1.522455e-03 5.300000e-01
9.929051e-03 1.455251e-03 5.310000e-01
9.558095e-03 1.388511e-03 5.320000e-01
9.183910e-03 1.322255e-03 5.330000e-01
8.806543e-03 1.256504e-03 5.340000e-01
8.426044e-03 1.191276e-03 5.350000e-01
8.042465e-03 1.126592e-03 5.360000e-01
7.655855e-03 1.062472e-03 5.370000e-01
7.266267e-03 9.989363e-04 5.380000e-01
6.873752e-03 9.360038e-04 5.390000e-01
6.478365e-03 8.736950e-04 5.400000e-01
6.080158e-03 8.120301e-04 5.410000e-01
5.679186e-03 7.510292e-04 5.420000e-01
5.275503e-03 6.907124e-04 5.430000e-01
4.869165e-03 6.310999e-04 5.440000e-01
4.460228e-03 5.722119e-04 5.450000e-01
4.048749e-03 5.140687e-04 5.460000e-01
3.634784e-03 4.566906e-04 5.470000e-01
3.218393e-03 4.000980e-04 5.480000e-01
2.799633e-03 3.443112e-04 5.490000e-01
2.378563e-03 2.893507e-04 5.500000e-01
1.955244e-03 2.352368e-04 5.510000e-01
1.529735e-03 1.819901e-04 5.520000e-01
1.102097e-03 1.296312e-04 5.530000e-01
6.723923e-04 7.818050e-05 5.540000e-01
2.406823e-04 2.765870e-05 5.550000e-01
1.929702e-04 2.191401e-05 5.560000e-01
6.285021e-04 7.053048e-05 5.570000e-01
1.065849e-03 1.181987e-04 5.580000e-01
1.504948e-03 1.649275e-04 5.590000e-01
1.945733e-03 2.107255e-04 5.600000e-01
2.388139e-03 2.556016e-04 5.610000e-01
2.832099e-03 2.995643e-04 5.620000e-01
3.277548e-03 3.426224e-04 5.630000e-01
3.724418e-03 3.847844e-04 5.640000e-01
4.172642e-03 4.260589e-04 5.650000e-01
4.622151e-03 4.664544e-04 5.660000e-01
5.072877e-03 5.059793e-04 5.670000e-01
5.524750e-03 5.446423e-04 5.680000e-01
5.977700e-03 5.824516e-04 5.690000e-01
6.431658e-03 6.194157e-04 5.700000e-01
6.886553e-03 6.555428e-04 5.710000e-01
7.342313e-03 6.908414e-04 5.720000e-01
7.798866e-03 7.253196e-04 5.730000e-01
8.256141e-03 7.589857e-04 5.740000e-01
8.714064e-03 7.918479e-04 5.750000e-01
9.172562e-03 8.239144e-04 5.760000e-01
9.631561e-03 8.551932e-04 5.770000e-01
1.009099e-02 8.856925e-04 5.780000e-01
1.055077e-02 9.154203e-04 5.790000e-01
1.101082e-02 9.443846e-04 5.800000e-01
1.147108e-02 9.725934e-04 5.810000e-01
1.193146e-02 1.000055e-03 5.820000e-01
1.239190e-02 1.026776e-03 5.830000e-01
1.285230e-02 1.052766e-03 5.840000e-01
1.331260e-02 1.078032e-03 5.850000e-01
1.377271e-02 1.102581e-03 5.860000e-01
1.423257e-02 1.126423e-03 5.870000e-01
1.469208e-02 1.149563e-03 5.880000e-01
1.515117e-02 1.172011e-03 5.890000e-01
1.560977e-02 1.193773e-03 5.900000e-01
1.606779e-02 1.214857e-03 5.910000e-01
1.652514e-02 1.235272e-03 5.920000e-01
1.698176e-02 1.255023e-03 5.930000e-01
1.743756e-02 1.274120e-03 5.940000e-01
1.789245e-02 1.292569e-03 5.950000e-01
1.834636e-02 1.310378e-03 5.960000e-01
1.879920e-02 1.327554e-03 5.970000e-01
1.925090e-02 1.344104e-03 5.980000e-01
1.970136e-02 1.360037e-03 5.990000e-01
2.015051e-02 1.375358e-03 6.000000e-01
2.059826e-02 1.390077e-03 6.010000e-01
2.104452e-02 1.404198e-03 6.020000e-01
2.148922e-02 1.417731e-03 6.030000e-01
2.193227e-02 1.430682e-03 6.040000e-01
2.237359e-02 1.443058e-03 6.050000e-01
2.281308e-02 1.454866e-03 6.060000e-01
2.325066e-02 1.466114e-03 6.070000e-01
2.368625e-02 1.476808e-03 6.080000e-01
2.411977e-02 1.486955e-03 6.090000e-01
2.455112e-02 1.496563e-03 6.100000e-01
2.498021e-02 1.505638e-03 6.110000e-01
2.540697e-02 1.514187e-03 6.120000e-01
2.583131e-02 1.522217e-03 6.130000e-01
2.625313e-02 1.529735e-03 6.140000e-01
2.667235e-02 1.536747e-03 6.150000e-01
2.708889e-02 1.543260e-03 6.160000e-01
2.750265e-02 1.549282e-03 6.170000e-01
2.791355e-02 1.554819e-03 6.180000e-01
2.832149e-02 1.559876e-03 6.190000e-01
2.872640e-02 1.564462e-03 6.200000e-01
2.912818e-02 1.568582e-03 6.210000e-01
2.952674e-02 1.572244e-03 6.220000e-01
2.992199e-02 1.575453e-03 6.230000e-01
3.031385e-02 1.578216e-03 6.240000e-01
3.070222e-02 1.580540e-03 6.250000e-01
3.108701e-02 1.582431e-03 6.260000e-01
3.146815e-02 1.583896e-03 6.270000e-01
3.184553e-02 1.584940e-03 6.280000e-01
3.221906e-02 1.585570e-03 6.290000e-01
3.258867e-02 1.585793e-03 6.300000e-01
3.295425e-02 1.585614e-03 6.310000e-01
3.331571e-02 1.585040e-03 6.320000e-01
3.367298e-02 1.584078e-03 6.330000e-01
3.402594e-02 1.582732e-03 6.340000e-01
3.437453e-02 1.581010e-03 6.350000e-01
3.471864e-02 1.578918e-03 6.360000e-01
3.505819e-02 1.576461e-03 6.370000e-01
3.539308e-02 1.573646e-03 6.380000e-01
3.572323e-02 1.570478e-03 6.390000e-01
3.604854e-02 1.566965e-03 6.400000e-01
3.636893e-02 1.563110e-03 6.410000e-01
3.668430e-02 1.558921e-03 6.420000e-01
3.699457e-02 1.554404e-03 6.430000e-01
3.729963e-02 1.549564e-03 6.440000e-01
3.759942e-02 1.544407e-03 6.450000e-01
3.789382e-02 1.538939e-03 6.460000e-01
3.818276e-02 1.533165e-03 6.470000e-01
3.846615e-02 1.527092e-03 6.480000e-01
3.874388e-02 1.520725e-03 6.490000e-01
3.901589e-02 1.514069e-03 6.500000e-01
3.928206e-02 1.507132e-03 6.510000e-01
3.954232e-02 1.499917e-03 6.520000e-01
3.979658e-02 1.492431e-03 6.530000e-01
4.004475e-02 1.484679e-03 6.540000e-01
4.028673e-02 1.476666e-03 6.550000e-01
4.052244e-02 1.468399e-03 6.560000e-01
4.075179e-02 1.459883e-03 6.570000e-01
4.097469e-02 1.451123e-03 6.580000e-01
4.119106e-02 1.442124e-03 6.590000e-01
4.140080e-02 1.432893e-03 6.600000e-01
4.160383e-02 1.423433e-03 6.610000e-01
4.180006e-02 1.413752e-03 6.620000e-01
4.198940e-02 1.403853e-03 6.630000e-01
4.217177e-02 1.393742e-03 6.640000e-01
4.234708e-02 1.383425e-03 6.650000e-01
4.251524e-02 1.372907e-03 6.660000e-01
4.267617e-02 1.362192e-03 6.670000e-01
4.282979e-02 1.351287e-03 6.680000e-01
4.297599e-02 1.340196e-03 6.690000e-01
4.311471e-02 1.328924e-03 6.700000e-01
4.324585e-02 1.317476e-03 6.710000e-01
4.336934e-02 1.305858e-03 6.720000e-01
4.348508e-02 1.294074e-03 6.730000e-01
4.359300e-02 1.282129e-03 6.740000e-01
4.369301e-02 1.270029e-03 6.750000e-01
4.378503e-02 1.257779e-03 6.760000e-01
4.386897e-02 1.245382e-03 6.770000e-01
4.394476e-02 1.232845e-03 6.780000e-01
4.401232e-02 1.220172e-03 6.790000e-01
4.407155e-02 1.207367e-03 6.800000e-01
4.412239e-02 1.194436e-03 6.810000e-01
4.416475e-02 1.181384e-03 6.820000e-01
4.419856e-02 1.168215e-03 6.830000e-01
4.422373e-02 1.154933e-03 6.840000e-01
4.424018e-02 1.141545e-03 6.850000e-01
4.424785e-02 1.128053e-03 6.860000e-01
4.424664e-02 1.114464e-03 6.870000e-01
4.423649e-02 1.100781e-03 6.880000e-01
4.421733e-02 1.087009e-03 6.890000e-01
4.418906e-02 1.073153e-03 6.900000e-01
4.415163e-02 1.059218e-03 6.910000e-01
4.410495e-02 1.045207e-03 6.920000e-01
4.404896e-02 1.031126e-03 6.930000e-01
4.398357e-02 1.016978e-03 6.940000e-01
4.390873e-02 1.002769e-03 6.950000e-01
4.382435e-02 9.885022e-04 6.960000e-01
4.373037e-02 9.741827e-04 6.970000e-01
4.362672e-02 9.598146e-04 6.980000e-01
4.351333e-02 9.454024e-04 6.990000e-01
4.339013e-02 9.309503e-04 7.000000e-01
4.325706e-02 9.164627e-04 7.010000e-01
4.311404e-02 9.019439e-04 7.020000e-01
4.296101e-02 8.873980e-04 7.030000e-01
4.279792e-02 8.728293e-04 7.040000e-01
4.262469e-02 8.582421e-04 7.050000e-01
4.244125e-02 8.436405e-04 7.060000e-01
4.224756e-02 8.290287e-04 7.070000e-01
4.204355e-02 8.144108e-04 7.080000e-01
4.182915e-02 7.997909e-04 7.090000e-01
4.160432e-02 7.851731e-04 7.100000e-01
4.136898e-02 7.705615e-04 7.110000e-01
4.112309e-02 7.559601e-04 7.120000e-01
4.086659e-02 7.413730e-04 7.130000e-01
4.059942e-02 7.268041e-04 7.140000e-01
4.032152e-02 7.122574e-04 7.150000e-01
4.003286e-02 6.977370e-04 7.160000e-01
3.973336e-02 6.832466e-04 7.170000e-01
3.942299e-02 6.687902e-04 7.180000e-01
3.910169e-02 6.543717e-04 7.190000e-01
3.876942e-02 6.399949e-04 7.200000e-01
3.842612e-02 6.256637e-04 7.210000e-01
3.807175e-02 6.113820e-04 7.220000e-01
3.770627e-02 5.971534e-04 7.230000e-01
3.732963e-02 5.829818e-04 7.240000e-01
3.694179e-02 5.688710e-04 7.250000e-01
3.654271e-02 5.548246e-04 7.260000e-01
3.613234e-02 5.408464e-04 7.270000e-01
3.571066e-02 5.269400e-04 7.280000e-01
3.527761e-02 5.131091e-04 7.290000e-01
3.483317e-02 4.993574e-04 7.300000e-01
3.437730e-02 4.856885e-04 7.310000e-01
3.390997e-02 4.721059e-04 7.320000e-01
3.343114e-02 4.586133e-04 7.330000e-01
3.294079e-02 4.452143e-04 7.340000e-01
3.243888e-02 4.319122e-04 7.350000e-01
3.192538e-02 4.187108e-04 7.360000e-01
3.140028e-02 4.056134e-04 7.370000e-01
3.086355e-02 3.926236e-04 7.380000e-01
3.031515e-02 3.797448e-04 7.390000e-01
2.975508e-02 3.669804e-04 7.400000e-01
2.918331e-02 3.543339e-04 7.410000e-01
2.859982e-02 3.418086e-04 7.420000e-01
2.800459e-02 3.294080e-04 7.430000e-01
2.739762e-02 3.171353e-04 7.440000e-01
2.677888e-02 3.049939e-04 7.450000e-01
2.614836e-02 2.929871e-04 7.460000e-01
2.550605e-02 2.811183e-04 7.470000e-01
2.485195e-02 2.693906e-04 7.480000e-01
2.418605e-02 2.578074e-04 7.490000e-01
2.350834e-02 2.463719e-04 7.500000e-01
2.281881e-02 2.350872e-04 7.510000e-01
2.211748e-02 2.239567e-04 7.520000e-01
2.140433e-02 2.129834e-04 7.530000e-01
2.067936e-02 2.021706e-04 7.540000e-01
1.994259e-02 1.915213e-04 7.550000e-01
1.919402e-02 1.810387e-04 7.560000e-01
1.843365e-02 1.707258e-04 7.570000e-01
1.766150e-02 1.605859e-04 7.580000e-01
1.687758e-02 1.506219e-04 7.590000e-01
1.608189e-02 1.408368e-04 7.600000e-01
1.527446e-02 1.312338e-04 7.610000e-01
1.445530e-02 1.218158e-04 7.620000e-01
1.362443e-02 1.125858e-04 7.630000e-01
1.278188e-02 1.035467e-04 7.640000e-01
1.192766e-02 9.470156e-05 7.650000e-01
1.106180e-02 8.605328e-05 7.660000e-01
1.018434e-02 7.760478e-05 7.670000e-01
9.295298e-03 6.935895e-05 7.680000e-01
8.394708e-03 6.131867e-05 7.690000e-01
7.482605e-03 5.348681e-05 7.700000e-01
6.559027e-03 4.586621e-05 7.710000e-01
5.624012e-03 3.845970e-05 7.720000e-01
4.677601e-03 3.127009e-05 7.730000e-01
3.719838e-03 2.430016e-05 7.740000e-01
2.750768e-03 1.755270e-05 7.750000e-01
1.770442e-03 1.103047e-05 7.760000e-01
7.789074e-04 4.736197e-06 7.770000e-01
2.237807e-04 1.327397e-06 7.780000e-01
1.237567e-03 7.158902e-06 7.790000e-01
2.262394e-03 1.275963e-05 7.800000e-01
3.298201e-03 1.813124e-05 7.810000e-01
4.344925e-03 2.327542e-05 7.820000e-01
5.402501e-03 2.819386e-05 7.830000e-01
6.470859e-03 3.288829e-05 7.840000e-01
7.549929e-03 3.736044e-05 7.850000e-01
8.639639e-03 4.161205e-05 7.860000e-01
9.739911e-03 4.564489e-05 7.870000e-01
1.085067e-02 4.946074e-05 7.880000e-01
1.197183e-02 5.306141e-05 7.890000e-01
1.310330e-02 5.644869e-05 7.900000e-01
1.424501e-02 5.962443e-05 7.910000e-01
1.539686e-02 6.259048e-05 7.920000e-01
1.655876e-02 6.534869e-05 7.930000e-01
1.773062e-02 6.790094e-05 7.940000e-01
1.891232e-02 7.024913e-05 7.950000e-01
2.010379e-02 7.239516e-05 7.960000e-01
2.130490e-02 7.434097e-05 7.970000e-01
2.251555e-02 7.608850e-05 7.980000e-01
2.373564e-02 7.763969e-05 7.990000e-01
2.496504e-02 7.899653e-05 8.000000e-01
2.620365e-02 8.016101e-05 8.010000e-01
2.745135e-02 8.113512e-05 8.020000e-01
2.870800e-02 8.192088e-05 8.030000e-01
2.997349e-02 8.252033e-05 8.040000e-01
3.124768e-02 8.293552e-05 8.050000e-01
3.253046e-02 8.316851e-05 8.060000e-01
3.382167e-02 8.322138e-05 8.070000e-01
3.512118e-02 8.309622e-05 8.080000e-01
3.642885e-02 8.279515e-05 8.090000e-01
3.774454e-02 8.232028e-05 8.100000e-01
3.906809e-02 8.167375e-05 8.110000e-01
4.039935e-02 8.085772e-05 8.120000e-01
4.173818e-02 7.987436e-05 8.130000e-01
4.308440e-02 7.872583e-05 8.140000e-01
4.443786e-02 7.741436e-05 8.150000e-01
4.579840e-02 7.594213e-05 8.160000e-01
4.716584e-02 7.431138e-05 8.170000e-01
4.854000e-02 7.252435e-05 8.180000e-01
4.992073e-02 7.058328e-05 8.190000e-01
5.130782e-02 6.849046e-05 8.200000e-01
5.270111e-02 6.624815e-05 8.210000e-01
5.410040e-02 6.385865e-05 8.220000e-01
5.550550e-02 6.132428e-05 8.230000e-01
5.691621e-02 5.864735e-05 8.240000e-01
5.833235e-02 5.583021e-05 8.250000e-01
5.975370e-02 5.287520e-05 8.260000e-01
6.118005e-02 4.978468e-05 8.270000e-01
6.261121e-02 4.656104e-05 8.280000e-01
6.404695e-02 4.320667e-05 8.290000e-01
6.548705e-02 3.972396e-05 8.300000e-01
6.693130e-02 3.611534e-05 8.310000e-01
6.837947e-02 3.238324e-05 8.320000e-01
6.983132e-02 2.853011e-05 8.330000e-01
7.128663e-02 2.455839e-05 8.340000e-01
7.274515e-02 2.047057e-05 8.350000e-01
7.420664e-02 1.626913e-05 8.360000e-01
7.567085e-02 1.195655e-05 8.370000e-01
7.713754e-02 7.535361e-06 8.380000e-01
7.860644e-02 3.008075e-06 8.390000e-01
8.007730e-02 1.622771e-06 8.400000e-01
8.154985e-02 6.354628e-06 8.410000e-01
8.302383e-02 1.118494e-05 8.420000e-01
8.449896e-02 1.611112e-05 8.430000e-01
8.597496e-02 2.113060e-05 8.440000e-01
8.745156e-02 2.624077e-05 8.450000e-01
8.892846e-02 3.143902e-05 8.460000e-01
9.040537e-02 3.672273e-05 8.470000e-01
9.188200e-02 4.208926e-05 8.480000e-01
9.335805e-02 4.753596e-05 8.490000e-01
9.483322e-02 5.306018e-05 8.500000e-01
9.630718e-02 5.865925e-05 8.510000e-01
9.777964e-02 6.433047e-05 8.520000e-01
9.925026e-02 7.007115e-05 8.530000e-01
1.007187e-01 7.587858e-05 8.540000e-01
1.021847e-01 8.175004e-05 8.550000e-01
1.036479e-01 8.768281e-05 8.560000e-01
1.051079e-01 9.367413e-05 8.570000e-01
1.065644e-01 9.972125e-05 8.580000e-01
1.080171e-01 1.058214e-04 8.590000e-01
1.094655e-01 1.119718e-04 8.600000e-01
1.109094e-01 1.181697e-04 8.610000e-01
1.123484e-01 1.244122e-04 8.620000e-01
1.137821e-01 1.306966e-04 8.630000e-01
1.152101e-01 1.370200e-04 8.640000e-01
1.166320e-01 1.433796e-04 8.650000e-01
1.180476e-01 1.497725e-04 8.660000e-01
1.194563e-01 1.561959e-04 8.670000e-01
1.208577e-01 1.626469e-04 8.680000e-01
1.222516e-01 1.691226e-04 8.690000e-01
1.236374e-01 1.756201e-04 8.700000e-01
1.250148e-01 1.821366e-04 8.710000e-01
1.263833e-01 1.886691e-04 8.720000e-01
1.277425e-01 1.952147e-04 8.730000e-01
1.290921e-01 2.017705e-04 8.740000e-01
1.304314e-01 2.083334e-04 8.750000e-01
1.317602e-01 2.149006e-04 8.760000e-01
1.330780e-01 2.214691e-04 8.770000e-01
1.343843e-01 2.280358e-04 8.780000e-01
1.356786e-01 2.345979e-04 8.790000e-01
1.369605e-01 2.411523e-04 8.800000e-01
1.382296e-01 2.476960e-04 8.810000e-01
1.394853e-01 2.542259e-04 8.820000e-01
1.407271e-01 2.607391e-04 8.830000e-01
1.419547e-01 2.672325e-04 8.840000e-01
1.431674e-01 2.737030e-04 8.850000e-01
1.443648e-01 2.801476e-04 8.860000e-01
1.455464e-01 2.865633e-04 8.870000e-01
1.467117e-01 2.929468e-04 8.880000e-01
1.478601e-01 2.992952e-04 8.890000e-01
1.489911e-01 3.056053e-04 8.900000e-01
1.501042e-01 3.118740e-04 8.910000e-01
1.511989e-01 3.180982e-04 8.920000e-01
1.522746e-01 3.242748e-04 8.930000e-01
1.533308e-01 3.304006e-04 8.940000e-01
1.543669e-01 3.364724e-04 8.950000e-01
1.553823e-01 3.424871e-04 8.960000e-01
1.563764e-01 3.484415e-04 8.970000e-01
1.573488e-01 3.543325e-04 8.980000e-01
1.582988e-01 3.601568e-04 8.990000e-01
1.592258e-01 3.659113e-04 9.000000e-01
1.601292e-01 3.715927e-04 9.010000e-01
1.610085e-01 3.771978e-04 9.020000e-01
1.618629e-01 3.827233e-04 9.030000e-01
1.626920e-01 3.881661e-04 9.040000e-01
1.634950e-01 3.935229e-04 9.050000e-01
1.642713e-01 3.987905e-04 9.060000e-01
1.650203e-01 4.039654e-04 9.070000e-01
1.657414e-01 4.090446e-04 9.080000e-01
1.664339e-01 4.140246e-04 9.090000e-01
1.670971e-01 4.189023e-04 9.100000e-01
1.677304e-01 4.236742e-04 9.110000e-01
1.683330e-01 4.283372e-04 9.120000e-01
1.689044e-01 4.328877e-04 9.130000e-01
1.694438e-01 4.373226e-04 9.140000e-01
1.699505e-01 4.416385e-04 9.150000e-01
1.704238e-01 4.458320e-04 9.160000e-01
1.708630e-01 4.498997e-04 9.170000e-01
1.712674e-01 4.538384e-04 9.180000e-01
1.716363e-01 4.576446e-04 9.190000e-01
1.719689e-01 4.613149e-04 9.200000e-01
1.722644e-01 4.648460e-04 9.210000e-01
1.725222e-01 4.682344e-04 9.220000e-01
1.727414e-01 4.714768e-04 9.230000e-01
1.729214e-01 4.745696e-04 9.240000e-01
1.730612e-01 4.775096e-04 9.250000e-01
1.731602e-01 4.802931e-04 9.260000e-01
1.732175e-01 4.829169e-04 9.270000e-01
1.732324e-01 4.853774e-04 9.280000e-01
1.732040e-01 4.876712e-04 9.290000e-01
1.731316e-01 4.897948e-04 9.300000e-01
1.730142e-01 4.917447e-04 9.310000e-01
1.728512e-01 4.935175e-04 9.320000e-01
1.726415e-01 4.951096e-04 9.330000e-01
1.723844e-01 4.965176e-04 9.340000e-01
1.720790e-01 4.977378e-04 9.350000e-01
1.717245e-01 4.987669e-04 9.360000e-01
1.713200e-01 4.996013e-04 9.370000e-01
1.708645e-01 5.002374e-04 9.380000e-01
1.703573e-01 5.006717e-04 9.390000e-01
1.697973e-01 5.009006e-04 9.400000e-01
1.691838e-01 5.009207e-04 9.410000e-01
1.685157e-01 5.007282e-04 9.420000e-01
1.677921e-01 5.003197e-04 9.430000e-01
1.670122e-01 4.996916e-04 9.440000e-01
1.661749e-01 4.988402e-04 9.450000e-01
1.652793e-01 4.977619e-04 9.460000e-01
1.643245e-01 4.964533e-04 9.470000e-01
1.633094e-01 4.949105e-04 9.480000e-01
1.622331e-01 4.931301e-04 9.490000e-01
1.610946e-01 4.911084e-04 9.500000e-01
1.598929e-01 4.888417e-04 9.510000e-01
1.586269e-01 4.863265e-04 9.520000e-01
1.572957e-01 4.835589e-04 9.530000e-01
1.558983e-01 4.805355e-04 9.540000e-01
1.544335e-01 4.772525e-04 9.550000e-01
1.529004e-01 4.737063e-04 9.560000e-01
1.512978e-01 4.698931e-04 9.570000e-01
1.496247e-01 4.658093e-04 9.580000e-01
1.478801e-01 4.614512e-04 9.590000e-01
1.460628e-01 4.568150e-04 9.600000e-01
1.441718e-01 4.518971e-04 9.610000e-01
1.422059e-01 4.466938e-04 9.620000e-01
1.401640e-01 4.412012e-04 9.630000e-01
1.380450e-01 4.354158e-04 9.640000e-01
1.358477e-01 4.293337e-04 9.650000e-01
1.335710e-01 4.229512e-04 9.660000e-01
1.312138e-01 4.162645e-04 9.670000e-01
1.287748e-01 4.092699e-04 9.680000e-01
1.262529e-01 4.019637e-04 9.690000e-01
1.236469e-01 3.943419e-04 9.700000e-01
1.209556e-01 3.864010e-04 9.710000e-01
1.181778e-01 3.781370e-04 9.720000e-01
1.153122e-01 3.695461e-04 9.730000e-01
1.123577e-01 3.606246e-04 9.740000e-01
1.093129e-01 3.513687e-04 9.750000e-01
1.061767e-01 3.417746e-04 9.760000e-01
1.029477e-01 3.318383e-04 9.770000e-01
9.962463e-02 3.215562e-04 9.780000e-01
9.620629e-02 3.109243e-04 9.790000e-01
9.269134e-02 2.999388e-04 9.800000e-01
8.907846e-02 2.885958e-04 9.810000e-01
8.536634e-02 2.768916e-04 9.820000e-01
8.155363e-02 2.648222e-04 9.830000e-01
7.763900e-02 2.523838e-04 9.840000e-01
7.362109e-02 2.395725e-04 9.850000e-01
6.949853e-02 2.263844e-04 9.860000e-01
6.526993e-02 2.128156e-04 9.870000e-01
6.093391e-02 1.988623e-04 9.880000e-01
5.648907e-02 1.845205e-04 9.890000e-01
5.193398e-02 1.697863e-04 9.900000e-01
4.726723e-02 1.546559e-04 9.910000e-01
4.248737e-02 1.391252e-04 9.920000e-01
3.759295e-02 1.231904e-04 9.930000e-01
3.258252e-02 1.068476e-04 9.940000e-01
2.745458e-02 9.009269e-05 9.950000e-01
2.220767e-02 7.292187e-05 9.960000e-01
1.684027e-02 5.533115e-05 9.970000e-01
1.135088e-02 3.731658e-05 9.980000e-01
5.737966e-03 1.887418e-05 9.990000e-01
