100 0.056
200 0.072
300 0.106
400 0.154
500 0.157
600 0.189
700 0.235
800 0.25
900 0.27
1000 0.306
1100 0.34
1200 0.358
1300 0.394
1400 0.412
1500 0.448
1600 0.471
1700 0.502
1800 0.523
1900 0.552
2000 0.576
2100 0.609
2200 0.629
2300 0.66
2400 0.638
2500 0.702
2600 0.751
2700 0.697
2800 0.624
2900 0.595
3000 0.731
3100 0.8
3200 0.69
3300 0.623
3400 0.637
3500 0.657
3600 0.665
3700 0.683
3800 0.705
3900 0.736
4000 0.744
4100 0.779
4200 0.788
4300 0.832
4400 0.817
4500 0.879
4600 0.881
4700 0.879
4800 0.996
4900 1.005
5000 0.996
5100 1.059
5200 1.093
5300 0.981
5400 0.973
5500 0.917
5600 0.949
5700 0.943
5800 0.957
5900 0.977
6000 0.977
6100 1.006
6200 1.036
6300 1.066
6400 1.136
6500 1.267
6600 1.343
6700 1.225
6800 1.28
6900 1.116
7000 1.117
7100 1.169
7200 1.187
7300 1.207
7400 1.253
7500 1.23
7600 1.266
7700 1.291
7800 1.504
7900 1.465
8000 1.401
8100 1.38
8200 1.335
8300 1.344
8400 1.36
8500 1.365
8600 1.363
8700 1.426
8800 1.407
8900 1.477
9000 1.637
9100 1.739
9200 1.552
9300 1.516
9400 1.538
9500 1.523
9600 1.585
9700 1.623
9800 1.634
9900 1.742
10000 1.94
10100 1.865
10200 1.642
10300 1.657
10400 1.638
10500 1.675
10600 1.771
10700 1.687
10800 1.77
10900 1.766
11000 1.87
11100 1.815
11200 2.114
11300 1.818
11400 1.847
11500 1.899
11600 2.02
11700 2.042
11800 2.077
11900 2.106
12000 1.921
12100 1.936
12200 1.912
12300 1.968
12400 2.083
12500 2.01
12600 2.049
12700 2.061
12800 2.118
12900 2.128
13000 2.145
13100 2.187
13200 2.148
13300 2.182
13400 2.219
13500 2.253
13600 2.163
13700 2.15
13800 2.075
13900 2.192
14000 2.214
14100 2.252
14200 2.346
14300 2.397
14400 2.358
14500 2.381
14600 2.493
14700 2.374
14800 2.326
14900 2.574
15000 2.355
15100 2.365
15200 2.522
15300 2.634
15400 2.651
15500 2.875
15600 2.989
15700 2.831
15800 2.811
15900 2.853
16000 2.839
16100 2.826
16200 2.834
16300 2.823
16400 2.769
16500 2.848
16600 2.549
16700 3.034
16800 3.09
16900 3.586
17000 3.45
17100 3.477
17200 3.464
17300 3.57
17400 3.416
17500 3.164
17600 2.704
17700 2.845
17800 2.931
17900 2.76
18000 2.792
18100 2.825
18200 2.858
18300 2.971
18400 3.024
18500 2.945
18600 3.137
18700 2.958
18800 2.909
18900 3.118
19000 2.987
19100 2.943
19200 2.916
19300 3.019
19400 3.333
19500 3.016
19600 3.137
19700 3.391
19800 3.023
19900 3.179
20000 3.205
20100 3.074
20200 3.096
20300 3.128
20400 3.46
20500 3.579
20600 3.624
20700 3.818
20800 3.49
20900 3.306
21000 3.241
21100 3.311
21200 3.29
21300 3.529
21400 3.303
21500 3.399
21600 3.526
21700 3.62
21800 3.244
21900 3.438
22000 3.368
22100 3.341
22200 3.484
22300 3.289
22400 3.542
22500 3.502
22600 3.947
22700 3.803
22800 3.702
22900 3.564
23000 3.428
23100 3.862
23200 3.522
23300 3.591
23400 3.619
23500 4.009
23600 4.198
23700 4.017
23800 4.085
23900 4.094
24000 4.081
24100 4.054
24200 4.081
24300 4.567
24400 4.194
24500 4.144
24600 4.165
24700 4.191
24800 4.423
24900 4.358
25000 4.154
25100 4.109
25200 4.247
25300 4.147
25400 4.152
25500 4.457
25600 4.476
25700 4.265
25800 4.264
25900 4.311
26000 4.41
26100 4.669
26200 4.442
26300 4.358
26400 4.359
26500 4.446
26600 4.48
26700 4.687
26800 4.819
26900 4.91
27000 4.502
27100 4.514
27200 4.589
27300 4.769
27400 4.664
27500 4.548
27600 4.901
27700 4.674
27800 4.966
27900 4.756
28000 4.618
28100 4.74
28200 4.597
28300 4.828
28400 4.924
28500 4.838
28600 4.846
28700 4.784
28800 4.798
28900 4.813
29000 5.015
29100 4.848
29200 4.862
29300 5.246
29400 4.941
29500 4.983
29600 5.796
29700 4.966
29800 4.954
29900 5.055
30000 5.032
30100 5.387
30200 4.948
30300 5.08
30400 5.159
30500 5.225
30600 5.666
30700 5.135
30800 5.126
30900 5.19
31000 5.257
31100 5.401
31200 5.378
31300 5.226
31400 5.194
31500 5.322
31600 5.503
31700 5.43
31800 5.557
31900 5.321
32000 5.32
32100 5.389
32200 5.672
32300 5.335
32400 5.655
32500 5.797
32600 5.686
32700 6.031
32800 5.414
32900 5.513
33000 5.543
33100 5.943
33200 5.436
33300 5.522
33400 5.551
33500 5.852
33600 5.732
33700 5.625
33800 5.649
33900 5.844
34000 5.862
34100 5.707
34200 5.869
34300 5.686
34400 6.032
34500 5.767
34600 5.689
34700 5.817
34800 6.213
34900 6.001
35000 5.581
35100 7.057
35200 6.49
35300 6.24
35400 6.257
35500 5.998
35600 6.565
35700 6.073
35800 6.043
35900 6.076
36000 6.244
36100 7.433
36200 6.071
36300 6.331
36400 6.278
36500 6.618
36600 6.172
36700 6.222
36800 6.266
36900 6.455
37000 6.216
37100 6.332
37200 6.45
37300 6.286
37400 6.265
37500 6.495
37600 6.422
37700 6.284
37800 6.486
37900 6.638
38000 6.62
38100 6.347
38200 6.544
38300 8.068
38400 7.639
38500 7.703
38600 7.715
38700 7.699
38800 7.714
38900 7.855
39000 7.623
39100 6.864
39200 6.821
39300 6.612
39400 6.666
39500 6.329
39600 6.652
39700 6.732
39800 6.498
39900 6.688
40000 6.649
40100 6.623
40200 6.738
40300 6.706
40400 6.846
40500 6.778
40600 9.838
40700 8.932
40800 6.882
40900 6.749
41000 6.8
41100 6.961
41200 7.14
41300 6.609
41400 6.815
41500 7.414
41600 7.208
41700 6.987
41800 6.659
41900 6.808
42000 7.238
42100 6.94
42200 7.194
42300 6.847
42400 7.347
42500 7.405
42600 7.331
42700 7.239
42800 7.039
42900 7.055
43000 7.103
43100 8.511
43200 10.941
43300 7.994
43400 7.32
43500 7.341
43600 7.325
43700 7.457
43800 7.485
43900 7.394
44000 7.314
44100 7.36
44200 7.587
44300 7.458
44400 7.329
44500 7.371
44600 7.501
44700 7.746
44800 7.546
44900 7.552
45000 7.597
45100 7.69
45200 7.616
45300 7.606
45400 7.478
45500 8.598
45600 8.905
45700 9.141
45800 9.211
45900 9.134
46000 9.234
46100 9.067
46200 9.516
46300 9.041
46400 9.156
46500 8.737
46600 7.749
46700 7.831
46800 7.969
46900 8.144
47000 8.043
47100 9.236
47200 8.631
47300 9.383
47400 8.491
47500 8.577
47600 9.587
47700 8.694
47800 9.342
47900 8.723
48000 9.437
48100 8.812
48200 8.794
48300 9.541
48400 8.791
48500 10.075
48600 9.181
48700 8.966
48800 9.595
48900 8.939
49000 8.703
49100 8.377
49200 8.292
49300 8.502
49400 9.192
49500 8.413
49600 8.541
49700 8.646
49800 8.751
49900 8.61
50000 8.75
50100 8.732
50200 8.842
50300 8.847
50400 8.575
50500 8.669
50600 8.713
50700 8.758
50800 8.929
50900 9.039
51000 9.032
51100 8.786
51200 8.804
51300 8.782
51400 8.907
51500 9.316
51600 9.443
51700 10.649
51800 10.26
51900 9.644
52000 10.243
52100 9.665
52200 10.124
52300 11.118
52400 10.866
52500 10.567
52600 9.525
52700 10.2
52800 9.514
52900 10.242
53000 9.864
53100 9.62
53200 8.842
53300 8.859
53400 9.079
53500 8.843
53600 8.764
53700 8.887
53800 9.042
53900 9.327
54000 9.047
54100 8.942
54200 9.016
54300 8.86
54400 9.048
54500 8.979
54600 9.359
54700 9.127
54800 9.354
54900 9.198
55000 9.029
55100 9.769
55200 9.773
55300 10.405
55400 9.909
55500 10.833
55600 10.49
55700 9.56
55800 10.659
55900 10.12
56000 10.96
56100 10.667
56200 10.08
56300 11.067
56400 10.742
56500 10.049
56600 10.711
56700 10.689
56800 10.149
56900 10.799
57000 10.096
57100 10.466
57200 11.126
57300 10.292
57400 10.628
57500 10.874
57600 10.133
57700 11.647
57800 11.36
57900 10.286
58000 11.311
58100 10.812
58200 10.053
58300 10.204
58400 9.827
58500 9.961
58600 9.671
58700 10.939
58800 11.485
58900 11.859
59000 11.067
59100 10.332
59200 12.313
59300 16.393
59400 13.652
59500 11.111
59600 11.737
59700 11.318
59800 11.612
59900 11.943
60000 12.52
60100 10.782
60200 11.31
60300 13.006
60400 11.48
60500 11.889
60600 10.649
60700 12.858
60800 13.916
60900 11.201
61000 11.909
61100 12.612
61200 12.27
61300 12.74
61400 11.469
61500 11.576
61600 11.473
61700 11.981
61800 12.873
61900 14.381
62000 10.776
62100 10.797
62200 10.872
62300 10.527
62400 12.038
62500 11.966
62600 11.383
62700 12.216
62800 12.976
62900 13.267
63000 13.918
63100 11.433
63200 13.565
63300 12.476
63400 13.921
63500 10.648
63600 12.273
63700 13.326
63800 13.084
63900 11.476
64000 13.173
64100 12.71
64200 12.084
64300 10.972
64400 10.784
64500 11.161
64600 12.689
64700 12.734
64800 13.874
64900 13.479
65000 13.836
65100 11.713
65200 14.96
65300 13.475
65400 13.591
65500 12.306
65600 12.75
65700 13.833
65800 13.322
65900 14.154
66000 12.428
66100 12.751
66200 14.15
66300 13.355
66400 12.867
66500 11.506
66600 14.51
66700 15.146
66800 13.107
66900 11.273
67000 11.446
67100 11.552
67200 12.585
67300 13.915
67400 12.743
67500 13.608
67600 13.364
67700 14.753
67800 13.155
67900 11.414
68000 13.068
68100 14.001
68200 13.549
68300 13.31
68400 13.704
68500 13.435
68600 13.812
68700 14.122
68800 15.84
68900 13.572
69000 12.899
69100 13.76
69200 12.956
69300 12.856
69400 13.356
69500 15.823
69600 16.44
69700 17.548
69800 14.402
69900 16.284
70000 12.381
70100 12.441
70200 12.385
70300 12.079
70400 11.161
70500 12.315
70600 11.376
70700 12.232
70800 12.566
70900 14.073
71000 12.666
71100 12.566
71200 13.678
71300 13.488
71400 13.593
71500 13.755
71600 13.729
71700 12.365
71800 12.32
71900 12.771
72000 11.737
72100 12.099
72200 12.458
72300 12.508
72400 12.935
72500 13.547
72600 12.664
72700 12.598
72800 12.82
72900 12.792
73000 12.359
73100 12.105
73200 13.697
73300 14.394
73400 14.384
73500 14.434
73600 13.693
73700 14.703
73800 13.505
73900 15.44
74000 12.901
74100 14.66
74200 13.054
74300 15.668
74400 14.699
74500 15.805
74600 14.767
74700 12.981
74800 14.921
74900 17.697
75000 14.683
75100 15.207
75200 16.251
75300 14.274
75400 16.894
75500 14.855
75600 14.54
75700 14.548
75800 14.34
75900 15.257
76000 13.422
76100 14.467
76200 12.946
76300 14.218
76400 14.136
76500 14.006
76600 15.569
76700 14.727
76800 13.394
76900 13.88
77000 16.429
77100 13.485
77200 16.961
77300 13.286
77400 13.21
77500 13.345
77600 13.286
77700 12.176
77800 13.028
77900 12.386
78000 16.526
78100 14.961
78200 15.609
78300 12.718
78400 12.595
78500 13.803
78600 13.653
78700 14.791
78800 13.743
78900 13.988
79000 13.92
79100 12.929
79200 14.273
79300 13.839
79400 13.665
79500 14.02
79600 13.682
79700 12.977
79800 14.375
79900 13.954
80000 14.924
80100 14.346
80200 14.021
80300 14.018
80400 13.056
80500 14.478
80600 14.041
80700 14.127
80800 13.789
80900 14.232
81000 14.211
81100 15.365
81200 13.39
81300 14.072
81400 14.032
81500 14.128
81600 15.01
81700 15.276
81800 14.013
81900 13.115
82000 14.666
82100 17.338
82200 15.375
82300 14.808
82400 14.861
82500 17.827
82600 16.062
82700 16.944
82800 14.551
82900 14.649
83000 14.164
83100 14.857
83200 14.905
83300 14.78
83400 14.871
83500 14.952
83600 14.778
83700 14.251
83800 14.975
83900 17.458
84000 14.518
84100 14.94
84200 14.733
84300 14.798
84400 14.018
84500 14.906
84600 14.086
84700 14.873
84800 14.155
84900 14.883
85000 13.499
85100 14.819
85200 16.472
85300 14.891
85400 15.181
85500 14.519
85600 14.945
85700 13.863
85800 14.48
85900 18.695
86000 13.897
86100 14.895
86200 15.361
86300 14.98
86400 14.302
86500 14.409
86600 14.836
86700 13.983
86800 15.485
86900 14.529
87000 15.67
87100 14.807
87200 15.119
87300 14.299
87400 14.173
87500 14.837
87600 15.135
87700 15.285
87800 14.631
87900 16.239
88000 14.347
88100 14.676
88200 15.266
88300 16.074
88400 15.85
88500 14.575
88600 15.802
88700 14.124
88800 14.417
88900 14.362
89000 14.561
89100 15.852
89200 15.073
89300 15.149
89400 15.256
89500 14.983
89600 16.506
89700 14.816
89800 16.198
89900 14.842
90000 15.832
90100 14.602
90200 14.967
90300 16.006
90400 15.291
90500 16.153
90600 15.233
90700 15.829
90800 15.234
90900 15.516
91000 16.51
91100 15.227
91200 16.279
91300 15.147
91400 16.137
91500 14.376
91600 15.049
91700 16.477
91800 15.264
91900 16.893
92000 15.647
92100 16.04
92200 15.555
92300 15.161
92400 16.474
92500 15.351
92600 16.375
92700 15.656
92800 16.174
92900 15.293
93000 15.055
93100 15.929
93200 15.674
93300 16.584
93400 15.536
93500 16.281
93600 15.601
93700 16.198
93800 15.658
93900 16.373
94000 16.39
94100 15.994
94200 16.376
94300 15.785
94400 17.499
94500 15.391
94600 15.563
94700 16.673
94800 15.793
94900 16.839
95000 15.678
95100 16.884
95200 16.452
95300 15.997
95400 15.642
95500 16.114
95600 16.53
95700 17.581
95800 16.777
95900 16.294
96000 16.622
96100 17.305
96200 16.246
96300 16.742
96400 16.321
96500 17.077
96600 15.963
96700 16.263
96800 17.117
96900 16.53
97000 16.928
97100 16.608
97200 17.196
97300 15.874
97400 16.614
97500 17.099
97600 15.924
97700 17.048
97800 16.133
97900 15.904
98000 16.933
98100 18.079
98200 17.074
98300 16.292
98400 16.36
98500 17.108
98600 16.545
98700 16.065
98800 16.661
98900 16.288
99000 16.188
99100 16.131
99200 16.059
99300 16.996
99400 16.46
99500 16.581
99600 16.275
99700 16.536
99800 17.041
99900 17.061
100000 16.613
100100 16.317
100200 17.094
100300 16.522
100400 16.609
100500 16.701
100600 16.732
100700 16.554
100800 16.863
100900 16.546
101000 16.647
101100 16.593
101200 17.065
101300 16.631
101400 16.58
101500 16.608
101600 16.901
101700 16.487
101800 20.744
101900 16.666
102000 17.418
102100 18.005
102200 17.155
102300 17.114
102400 17.148
102500 17.438
102600 17.552
102700 17.122
102800 17.317
102900 17.696
103000 17.242
103100 17.598
103200 17.707
103300 17.503
103400 17.549
103500 17.863
103600 17.055
103700 16.81
103800 17.258
103900 17.392
104000 17.468
104100 17.39
104200 17.737
104300 17.236
104400 18.118
104500 17.228
104600 17.254
104700 17.193
104800 17.959
104900 18.107
105000 17.175
105100 19.138
105200 18.805
105300 17.336
105400 17.548
105500 17.323
105600 18.21
105700 17.513
105800 18.29
105900 17.226
106000 17.724
106100 17.606
106200 17.926
106300 17.715
106400 17.76
106500 17.751
106600 18.739
106700 18.17
106800 18.163
106900 17.62
107000 18.015
107100 17.74
107200 18.281
107300 17.951
107400 17.653
107500 19.922
107600 18.33
107700 18.123
107800 18.454
107900 17.821
108000 18.534
108100 18.904
108200 18.127
108300 18.052
108400 18.248
108500 18.085
108600 18.22
108700 18.018
108800 17.653
108900 18.309
109000 18.897
109100 18.232
109200 17.964
109300 18.539
109400 18.994
109500 18.383
109600 18.268
109700 17.998
109800 18.278
109900 18.245
110000 18.261
110100 17.87
110200 18.308
110300 18.418
110400 18.948
110500 18.342
110600 18.535
110700 18.327
110800 18.408
110900 18.403
111000 18.576
111100 18.49
111200 18.513
111300 18.163
111400 18.214
111500 18.813
111600 18.648
111700 19.748
111800 18.329
111900 18.672
112000 18.716
112100 18.794
112200 19.148
112300 19.251
112400 18.608
112500 18.557
112600 18.718
112700 19.441
112800 18.607
112900 19.051
113000 19.141
113100 18.939
113200 18.972
113300 18.702
113400 18.83
113500 18.801
113600 18.977
113700 18.896
113800 19.145
113900 17.943
114000 17.748
114100 19.096
114200 19.282
114300 18.267
114400 19.078
114500 19.581
114600 19.17
114700 19.105
114800 19.98
114900 19.136
115000 19.36
115100 18.876
115200 19.313
115300 18.9
115400 19.545
115500 19.082
115600 18.718
115700 19.311
115800 19.788
115900 19.374
116000 19.094
116100 19.388
116200 20.557
116300 19.72
116400 20.093
116500 19.723
116600 19.038
116700 19.194
116800 19.449
116900 21.271
117000 20.098
117100 20.302
117200 20.726
117300 20.377
117400 19.669
117500 19.802
117600 19.867
117700 20.015
117800 27.917
117900 22.585
118000 20.841
118100 20.301
118200 22.144
118300 21.397
118400 20.379
118500 20.843
118600 20.231
118700 20.841
118800 20.81
118900 20.948
119000 20.969
119100 22.015
119200 20.589
119300 20.475
119400 21.747
119500 21.508
119600 20.672
119700 21.07
119800 21.334
119900 21.033
120000 20.553
120100 22.118
120200 21.337
120300 20.797
120400 20.622
120500 21.012
120600 21.192
120700 20.915
120800 20.919
120900 21.5
121000 21.119
121100 22.342
121200 21.466
121300 21.043
121400 21.108
121500 20.907
121600 20.976
121700 21.551
121800 21.549
121900 21.652
122000 23.299
122100 23.05
122200 21.204
122300 21.64
122400 20.602
122500 19.785
122600 20.866
122700 21.945
122800 22.014
122900 21.695
123000 21.961
123100 21.082
123200 21.591
123300 21.958
123400 21.949
123500 21.77
123600 21.256
123700 21.48
123800 21.641
123900 22.241
124000 21.525
124100 21.633
124200 22.24
124300 22.229
124400 21.765
124500 22.1
124600 22.206
124700 22.543
124800 22.927
124900 21.72
125000 21.872
125100 21.953
125200 22.4
125300 21.49
125400 22.156
125500 22.174
125600 22.374
125700 23.695
125800 22.41
125900 22.372
126000 22.018
126100 22.256
126200 22.478
126300 22.305
126400 22.534
126500 22.537
126600 23.916
126700 22.539
126800 22.224
126900 21.971
127000 22.217
127100 22.262
127200 25.497
127300 22.255
127400 22.377
127500 23.225
127600 22.76
127700 22.712
127800 23.243
127900 22.783
128000 23.196
128100 23.567
128200 22.712
128300 23.132
128400 24.148
128500 23.232
128600 23.218
128700 22.32
128800 22.794
128900 22.531
129000 22.156
129100 22.684
129200 23.454
129300 24.817
129400 22.655
129500 23.092
129600 23.394
129700 23.589
129800 23.319
129900 22.985
130000 23.208
130100 23.955
130200 23.226
130300 23.13
130400 23.535
130500 23.667
130600 22.033
130700 22.063
130800 22.095
130900 22.144
131000 20.486
131100 19.851
131200 21.176
131300 21.79
131400 20.141
131500 20.554
131600 22.087
131700 21.069
131800 20.719
131900 22.542
132000 22.941
132100 22.711
132200 22.332
132300 21.581
132400 20.681
132500 20.806
132600 22.312
132700 24.229
132800 22.371
132900 24.836
133000 23.329
133100 22.145
133200 27.858
133300 35.36
133400 20.596
133500 20.763
133600 20.453
133700 20.634
133800 20.422
133900 20.543
134000 20.135
134100 20.718
134200 20.451
134300 20.515
134400 20.272
134500 21.058
134600 20.846
134700 20.488
134800 20.732
134900 20.696
135000 22.451
135100 21.076
135200 21.944
135300 20.298
135400 20.231
135500 20.291
135600 20.368
135700 20.564
135800 20.295
135900 20.339
136000 20.263
136100 21.172
136200 21.27
136300 37.09
136400 25.428
136500 20.111
136600 20.581
136700 20.125
136800 20.517
136900 20.404
137000 20.305
137100 20.512
137200 20.783
137300 20.609
137400 20.034
137500 20.309
137600 20.483
137700 20.252
137800 20.7
137900 21.127
138000 20.54
138100 20.769
138200 20.495
138300 20.883
138400 20.588
138500 20.747
138600 20.624
138700 20.726
138800 20.741
138900 20.674
139000 20.854
139100 20.976
139200 20.505
139300 20.802
139400 21.435
139500 20.914
139600 20.74
139700 20.547
139800 21.127
139900 22.275
140000 22.269
140100 21.416
140200 21.076
140300 21.1
140400 20.905
140500 20.949
140600 21.286
140700 20.968
140800 21.558
140900 22.487
141000 35.011
141100 40.938
141200 24.237
141300 21.201
141400 21.03
141500 21.525
141600 21.008
141700 21.234
141800 21.423
141900 21.224
142000 21.448
142100 21.035
142200 21.305
142300 23.774
142400 40.401
142500 24.496
142600 21.263
142700 21.414
142800 22.321
142900 21.561
143000 21.493
143100 21.275
143200 21.752
143300 21.282
143400 23.454
143500 39.611
143600 25.585
143700 21.387
143800 21.67
143900 21.477
144000 21.027
144100 21.211
144200 21.662
144300 21.662
144400 34.289
144500 39.905
144600 35.603
144700 21.729
144800 21.406
144900 22.507
145000 40.173
145100 26.491
145200 21.661
145300 23.747
145400 42.271
145500 39.717
145600 22.671
145700 21.796
145800 21.651
145900 21.718
146000 22.004
146100 22.218
146200 22.573
146300 22.143
146400 22.38
146500 23.217
146600 22.035
146700 22.314
146800 21.877
146900 22.254
147000 21.953
147100 22.311
147200 21.953
147300 22.328
147400 22.023
147500 22.106
147600 22.314
147700 23.154
147800 22.062
147900 21.979
148000 22.326
148100 22.32
148200 22.208
148300 22.182
148400 22.111
148500 22.066
148600 22.186
148700 22.207
148800 22.414
148900 22.592
149000 22.721
149100 23.236
149200 23.404
149300 22.523
149400 22.607
149500 22.688
149600 22.377
149700 22.675
149800 22.596
149900 22.649
150000 22.594
150100 24.684
150200 41.08
150300 26.582
150400 27.068
150500 41.805
150600 23.213
150700 22.659
150800 23.972
150900 22.545
151000 22.591
151100 22.4
151200 22.635
151300 22.827
151400 24.157
151500 22.837
151600 22.799
151700 22.879
151800 22.929
151900 23.847
152000 35.092
152100 34.754
152200 23.115
152300 34.869
152400 39.327
152500 36.877
152600 37.421
152700 22.416
152800 22.805
152900 22.838
153000 22.571
153100 22.884
153200 22.943
153300 22.652
153400 24.124
153500 22.974
153600 22.364
153700 22.535
153800 23.632
153900 27.673
154000 22.728
154100 22.869
154200 23.252
154300 23.288
154400 33.559
154500 36.75
154600 36.313
154700 37.171
154800 22.816
154900 23.17
155000 23.241
155100 23.412
155200 23.118
155300 23.092
155400 22.925
155500 24.744
155600 30.521
155700 44.988
155800 39.256
155900 23.519
156000 23.375
156100 27.227
156200 24.272
156300 23.469
156400 23.377
156500 23.156
156600 23.481
156700 23.559
156800 23.516
156900 23.502
157000 23.225
157100 23.731
157200 23.087
157300 23.391
157400 23.344
157500 23.558
157600 22.965
157700 24.088
157800 23.204
157900 23.136
158000 23.407
158100 23.112
158200 22.942
158300 23.972
158400 23.678
158500 24.001
158600 23.439
158700 25.154
158800 31.508
158900 37.267
159000 23.958
159100 41.157
159200 31.039
159300 24.012
159400 23.577
159500 24.468
159600 24.158
159700 23.896
159800 24.834
159900 24.843
160000 39.153
160100 40.481
160200 24.429
160300 24.042
160400 23.798
160500 23.863
160600 23.703
160700 23.773
160800 23.95
160900 23.815
161000 26.361
161100 28.782
161200 24.502
161300 23.885
161400 23.879
161500 23.942
161600 23.822
161700 24.275
161800 24.051
161900 24.191
162000 25.545
162100 24.044
162200 23.618
162300 24.227
162400 23.991
162500 24.395
162600 26.289
162700 24.071
162800 24.327
162900 24.598
163000 24.035
163100 24.36
163200 24.048
163300 24.46
163400 24.411
163500 26.757
163600 44.362
163700 26.737
163800 24.666
163900 24.869
164000 33.82
164100 47.768
164200 33.6
164300 24.577
164400 24.125
164500 24.269
164600 25.34
164700 25.753
164800 42.855
164900 29.5
165000 24.76
165100 25.03
165200 24.446
165300 24.57
165400 27.718
165500 43.373
165600 24.99
165700 24.277
165800 24.636
165900 24.75
166000 25.363
166100 25.705
166200 46.75
166300 27.255
166400 25.402
166500 39.23
166600 34.712
166700 24.899
166800 24.653
166900 25.608
167000 24.589
167100 25.08
167200 24.909
167300 25.398
167400 42.04
167500 31.459
167600 24.958
167700 25.1
167800 25.289
167900 26.288
168000 43.52
168100 46.346
168200 45.127
168300 36.177
168400 25.198
168500 30.215
168600 45.845
168700 25.771
168800 25.362
168900 43.789
169000 30.283
169100 24.667
169200 25.253
169300 25
169400 25.28
169500 26.269
169600 27.086
169700 39.451
169800 31.737
169900 25.47
170000 25.494
170100 41.198
170200 41.934
170300 25.179
170400 26.01
170500 30.631
170600 25.641
170700 32.682
170800 43.501
170900 25.616
171000 25.148
171100 25.174
171200 25.525
171300 25.968
171400 25.972
171500 25.315
171600 25.842
171700 25.703
171800 25.483
171900 25.436
172000 25.133
172100 25.884
172200 25.501
172300 25.725
172400 25.976
172500 25.647
172600 25.591
172700 25.579
172800 25.655
172900 26.04
173000 26.038
173100 25.771
173200 27.338
173300 25.944
173400 26.065
173500 26.591
173600 25.569
173700 26.153
173800 26.534
173900 26.041
174000 26.074
174100 27.153
174200 37.645
174300 28.97
174400 26.419
174500 33.141
174600 44.759
174700 26.578
174800 25.79
174900 25.924
175000 26.97
175100 47.992
175200 42.88
175300 33.406
175400 26.343
175500 25.931
175600 26.472
175700 39.538
175800 36.424
175900 26.331
176000 26.604
176100 43.374
176200 32.199
176300 26.092
176400 25.986
176500 27.304
176600 26.814
176700 26.85
176800 26.598
176900 26.666
177000 26.245
177100 26.749
177200 27.122
177300 30.905
177400 27.827
177500 26.562
177600 26.55
177700 26.499
177800 26.488
177900 36.365
178000 42.786
178100 26.455
178200 29.736
178300 47.758
178400 27.275
178500 26.616
178600 27.182
178700 27.797
178800 26.687
178900 26.883
179000 26.818
179100 28.918
179200 41.563
179300 34.826
179400 27.048
179500 38.076
179600 40.512
179700 26.81
179800 41.437
179900 41.981
180000 27.104
180100 42.708
180200 51.686
