100 0.098
200 0.136
300 0.161
400 0.199
500 0.253
600 0.372
700 0.375
800 0.442
900 0.466
1000 0.307
1100 0.368
1200 0.389
1300 0.48
1400 0.506
1500 0.586
1600 0.561
1700 0.638
1800 0.621
1900 0.72
2000 0.721
2100 0.773
2200 0.774
2300 0.995
2400 0.858
2500 0.966
2600 0.898
2700 0.915
2800 0.917
2900 0.961
3000 0.982
3100 1.041
3200 1.081
3300 1.079
3400 1.111
3500 1.117
3600 1.203
3700 1.244
3800 1.387
3900 1.435
4000 1.54
4100 1.398
4200 1.393
4300 1.914
4400 1.841
4500 1.767
4600 4.082
4700 2.304
4800 1.786
4900 1.71
5000 1.622
5100 1.612
5200 1.56
5300 1.761
5400 1.781
5500 2.055
5600 2.505
5700 2.205
5800 2.551
5900 2.093
6000 1.937
6100 2.117
6200 2.577
6300 4.007
6400 5.011
6500 3.964
6600 7.067
6700 2.291
6800 2.209
6900 2.812
7000 2.876
7100 2.776
7200 2.703
7300 2.172
7400 2.239
7500 2.307
7600 2.425
7700 2.43
7800 2.553
7900 4.486
8000 3.197
8100 3.34
8200 3.354
8300 3.585
8400 3.837
8500 3.393
8600 3.622
8700 3.759
8800 3.641
8900 3.683
9000 3.441
9100 3.347
9200 3.337
9300 3.565
9400 3.613
9500 3.778
9600 3.636
9700 4.269
9800 3.699
9900 3.499
10000 3.351
10100 3.484
10200 3.963
10300 3.787
10400 3.738
10500 3.783
10600 4.039
10700 3.674
10800 3.878
10900 3.832
11000 4.558
11100 4.306
11200 4.289
11300 3.869
11400 4.156
11500 3.898
11600 4.106
11700 4.267
11800 4.991
11900 4.308
12000 4.454
12100 4.089
12200 5.449
12300 5.236
12400 5.698
12500 4.83
12600 4.581
12700 6.401
12800 6.097
12900 5.173
13000 5.18
13100 5.67
13200 5.959
13300 5.335
13400 7.196
13500 5.734
13600 5.41
13700 5.998
13800 5.737
13900 5.429
14000 5.312
14100 6.098
14200 5.498
14300 5.738
14400 5.416
14500 5.154
14600 5.8
14700 5.605
14800 5.291
14900 6.247
15000 5.269
15100 5.483
15200 6.024
15300 5.59
15400 5.415
15500 6.365
15600 6.267
15700 5.951
15800 6.778
15900 5.66
16000 6.824
16100 6.08
16200 6.412
16300 6.048
16400 5.953
16500 6.736
16600 6.233
16700 6.149
16800 6.592
16900 6.253
17000 6.798
17100 8.057
17200 6.568
17300 7.299
17400 6.963
17500 7.255
17600 6.966
17700 7.331
17800 7.542
17900 7.237
18000 8.736
18100 9.279
18200 8.909
18300 8.516
18400 8.262
18500 8.32
18600 9.023
18700 8.564
18800 7.503
18900 7.835
19000 7.765
19100 9.807
19200 8.636
19300 9.272
19400 7.545
19500 8.274
19600 7.81
19700 9.975
19800 9.029
19900 10.814
20000 10.252
20100 11.636
20200 11.132
20300 11.289
20400 9.363
20500 9.793
20600 9.182
20700 8.894
20800 7.836
20900 8.886
21000 9.178
21100 7.998
21200 8.541
21300 10.267
21400 9.457
21500 9.705
21600 8.23
21700 9.323
21800 10.67
21900 10.019
22000 11.069
22100 11.178
22200 17.92
22300 17.273
22400 10.315
22500 15.077
22600 17.2
22700 9.246
22800 8.654
22900 9.001
23000 8.194
23100 8.048
23200 8.284
23300 8.824
23400 8.239
23500 8.848
23600 8.931
23700 9.533
23800 9.815
23900 9.251
24000 8.862
24100 8.714
24200 8.813
24300 8.611
24400 9.547
24500 8.946
24600 10.422
24700 8.812
24800 9.147
24900 8.74
25000 8.075
25100 9.138
25200 8.624
25300 8.386
25400 8.071
25500 7.945
25600 8.648
25700 8.253
25800 10.596
25900 11.426
26000 8.801
26100 11.97
26200 10.133
26300 9.446
26400 10.275
26500 9.674
26600 8.588
26700 8.745
26800 8.862
26900 9.241
27000 8.678
27100 9.29
27200 9.983
27300 10.948
27400 15.804
27500 16.029
27600 15.841
27700 12.079
27800 13.097
27900 12.589
28000 13.682
28100 13.569
28200 12.305
28300 13.008
28400 12.368
28500 10.086
28600 10.708
28700 11.187
28800 10.781
28900 11.69
29000 10.866
29100 10.152
29200 11.288
29300 10.31
29400 9.773
29500 11.991
29600 10.224
29700 10.63
29800 10.92
29900 21.118
30000 14.093
30100 13.31
30200 14.227
30300 14.272
30400 13.798
30500 11.826
30600 13.939
30700 11.707
30800 10.158
30900 11.536
31000 10.396
31100 9.576
31200 11.435
31300 9.107
31400 8.949
31500 9.523
31600 9.89
31700 8.329
31800 9.549
31900 8.99
32000 10.291
32100 10.838
32200 9.055
32300 9.896
32400 10.711
32500 10.779
32600 8.592
32700 10.064
32800 9.062
32900 9.028
33000 9.316
33100 11.625
33200 11.773
33300 9.587
33400 9.245
33500 10.339
33600 9.624
33700 9.852
33800 9.485
33900 9.437
34000 9.781
34100 9.947
34200 10.599
34300 9.652
34400 10.363
34500 9.717
34600 10.545
34700 9.825
34800 10.133
34900 10.698
35000 10.247
35100 9.97
35200 9.942
35300 12.561
35400 10.094
35500 9.691
35600 11.374
35700 10.255
35800 10.581
35900 9.759
36000 10.395
36100 10.204
36200 9.905
36300 10.741
36400 9.67
36500 10.494
36600 10.691
36700 9.831
36800 10.711
36900 10.818
37000 11.404
37100 12.578
37200 14.206
37300 14.225
37400 12.415
37500 13.158
37600 11.86
37700 11.586
37800 11.943
37900 11.827
38000 11.903
38100 11.996
38200 10.811
38300 11.229
38400 11.13
38500 10.336
38600 10.795
38700 10.305
38800 10.317
38900 11.326
39000 10.61
39100 12.174
39200 12.239
39300 11.268
39400 11.104
39500 11.887
39600 10.683
39700 11.296
39800 13.369
39900 11.742
40000 10.265
40100 10.642
40200 10.38
40300 10.504
40400 11.23
40500 11.284
40600 10.6
40700 10.201
40800 12.598
40900 9.736
41000 13.596
41100 11.645
41200 11.738
41300 11.386
41400 11.494
41500 13.572
41600 13.032
41700 13.078
41800 14.646
41900 13.964
42000 12.152
42100 11.876
42200 11.916
42300 11.207
42400 10.937
42500 10.704
42600 11.359
42700 11.644
42800 10.76
42900 12.712
43000 11.933
43100 11.504
43200 10.625
43300 12.229
43400 12.211
43500 11.418
43600 17.471
43700 13.829
43800 13.073
43900 11.171
44000 12.012
44100 13.255
44200 12.376
44300 12.142
44400 15.02
44500 11.73
44600 11.261
44700 10.914
44800 11.288
44900 11.643
45000 11.532
45100 11.127
45200 14.949
45300 17.224
45400 15.491
45500 15.427
45600 16.954
45700 16.183
45800 16.828
45900 15.941
46000 18.29
46100 16.362
46200 14.359
46300 12.716
46400 11.766
46500 11.882
46600 12.726
46700 12.107
46800 12.261
46900 12.065
47000 11.286
47100 14.466
47200 11.591
47300 11.942
47400 11.146
47500 12.333
47600 12.892
47700 12.165
47800 12.527
47900 11.933
48000 13.68
48100 12.164
48200 12.141
48300 13.374
48400 12.813
48500 12.396
48600 12.217
48700 13.989
48800 12.317
48900 13.603
49000 12.506
49100 13.402
49200 13.436
49300 15.265
49400 14.187
49500 13.836
49600 15.546
49700 15.398
49800 13.096
49900 12.311
50000 12.851
50100 12.613
50200 13.922
50300 12.669
50400 12.606
50500 13.948
50600 13.665
50700 13.204
50800 15.353
50900 13.603
51000 14.097
51100 13.496
51200 15.537
51300 15.245
51400 14.172
51500 12.933
51600 13.317
51700 12.325
51800 13.436
51900 13.787
52000 14.785
52100 13.188
52200 14.787
52300 16.258
52400 14.699
52500 13.455
52600 14.875
52700 19.917
52800 15.196
52900 17.125
53000 18.478
53100 16.804
53200 16.509
53300 15.365
53400 18.906
53500 13.311
53600 14.633
53700 13.878
53800 16.477
53900 15.009
54000 14.223
54100 13.45
54200 13.476
54300 16.821
54400 15.597
54500 16.903
54600 15.072
54700 18.298
54800 16.093
54900 17.223
55000 19.114
55100 18.227
55200 15.851
55300 18.299
55400 15.846
55500 17.333
55600 15.945
55700 17.866
55800 16.053
55900 17.36
56000 15.94
56100 20.867
56200 18.714
56300 21.005
56400 17.672
56500 18.655
56600 16.491
56700 17.807
56800 15.884
56900 17.814
57000 16.05
57100 17.676
57200 17.538
57300 18.849
57400 17.348
57500 17.488
57600 18.025
57700 17.967
57800 16.683
57900 17.278
58000 16.814
58100 17.758
58200 18.93
58300 18.218
58400 18.423
58500 25.157
58600 23.629
58700 24.507
58800 22.706
58900 20.134
59000 18.91
59100 20.4
59200 18.811
59300 23.191
59400 20.776
59500 23.261
59600 17.093
59700 18.373
59800 16.722
59900 18.646
60000 16.741
60100 17.279
60200 15.202
60300 15.488
60400 14.63
60500 18.686
60600 17.271
60700 16.496
60800 16.652
60900 16.507
61000 17.907
61100 17.05
61200 15.813
61300 14.991
61400 16.555
61500 16.585
61600 17.686
61700 15.701
61800 16.662
61900 18.476
62000 17.291
62100 16.817
62200 16.231
62300 15.524
62400 15.94
62500 16.157
62600 16.771
62700 16.21
62800 16.451
62900 15.739
63000 15.489
63100 16.122
63200 17.648
63300 15.804
63400 16.223
63500 17.322
63600 16.123
63700 15.87
63800 16.504
63900 15.751
64000 16.037
64100 17.738
64200 22.404
64300 26.136
64400 23.779
64500 18.579
64600 18.63
64700 18.674
64800 18.518
64900 17.001
65000 16.111
65100 16.608
65200 19.405
65300 16.923
65400 16.596
65500 18.337
65600 18.337
65700 16.664
65800 16.455
65900 16.013
66000 17.126
66100 18.199
66200 22.794
66300 18.633
66400 16.39
66500 15.935
66600 18.161
66700 21.374
66800 16.854
66900 17.771
67000 17.036
67100 18.185
67200 16.864
67300 16.462
67400 17.367
67500 18.501
67600 20.98
67700 17.835
67800 22.372
67900 17.847
68000 17.307
68100 19.697
68200 18.181
68300 16.344
68400 16.454
68500 16.744
68600 21.007
68700 20.975
68800 18.967
68900 16.495
69000 19.088
69100 18.581
69200 21.529
69300 18.621
69400 17.318
69500 19.666
69600 23.27
69700 26.2
69800 18.412
69900 18.709
70000 17.997
70100 18.771
70200 16.395
70300 17.664
70400 18.902
70500 16.709
70600 16.833
70700 17.785
70800 17.76
70900 18.604
71000 17.454
71100 17.478
71200 17.179
71300 21.172
71400 17.522
71500 17.514
71600 20.345
71700 18.678
71800 17.099
71900 17.821
72000 37.231
72100 24.688
72200 25.26
72300 23.299
72400 17.35
72500 17.447
72600 18.932
72700 21.179
72800 18.002
72900 18.909
73000 20.172
73100 20.833
73200 21.927
73300 19.628
73400 20.689
73500 18.949
73600 18.621
73700 17.997
73800 19.064
73900 18.368
74000 18.116
74100 18.979
74200 18.973
74300 19.07
74400 18.294
74500 22.437
74600 18.596
74700 25.052
74800 25.985
74900 24.812
75000 20.058
75100 21.457
75200 20.547
75300 19.572
75400 19.248
75500 21.791
75600 18.875
75700 19.317
75800 19.098
75900 21.194
76000 21.218
76100 19.159
76200 18.092
76300 18.288
76400 19.356
76500 18.806
76600 20.822
76700 19.717
76800 18.949
76900 33.549
77000 46.676
77100 20.156
77200 17.97
77300 18.502
77400 20.284
77500 25.006
77600 22.365
77700 19.915
77800 23.291
77900 22.448
78000 19.535
78100 19.045
78200 18.441
78300 18.984
78400 19.779
78500 22.409
78600 20.023
78700 19.982
78800 19.594
78900 21.076
79000 19.737
79100 18.878
79200 19.458
79300 21.712
79400 26.364
79500 29.142
79600 24.976
79700 21.101
79800 21.346
79900 20.278
80000 18.038
80100 18.721
80200 18.963
80300 18.253
80400 21.772
80500 19.24
80600 20.102
80700 19.984
80800 19.233
80900 21.043
81000 20.697
81100 21.022
81200 21.284
81300 19.876
81400 19.919
81500 24.788
81600 20.565
81700 20.715
81800 19.482
81900 20.43
82000 23.959
82100 21.532
82200 20.133
82300 20.485
82400 24.731
82500 22.27
82600 20.749
82700 20.826
82800 23.496
82900 22.742
83000 22.582
83100 20.876
83200 21.627
83300 25.214
83400 26.573
83500 20.361
83600 22.839
83700 20.929
83800 20.152
83900 20.241
84000 30.374
84100 28.489
84200 26.817
84300 30.793
84400 27.519
84500 19.374
84600 19.846
84700 20.592
84800 20.924
84900 20.003
85000 23.847
85100 21.566
85200 24.029
85300 21.641
85400 21.398
85500 20.566
85600 22.07
85700 21.664
85800 23.341
85900 22.657
86000 25.367
86100 24.856
86200 23.289
86300 22.198
86400 22.315
86500 23.897
86600 22.637
86700 23.101
86800 23.631
86900 23.333
87000 24.691
87100 21.449
87200 24.317
87300 24.081
87400 22.383
87500 22.695
87600 23.261
87700 23.273
87800 22.567
87900 24.809
88000 23.692
88100 23.212
88200 22.651
88300 31.34
88400 32.647
88500 32.314
88600 26.011
88700 25.841
88800 23.526
88900 22.702
89000 22.527
89100 23.171
89200 23.949
89300 22.327
89400 22.816
89500 23.309
89600 25.552
89700 23.369
89800 22.839
89900 23.845
90000 22.402
90100 39.344
90200 34.458
90300 33.517
90400 24.812
90500 24.851
90600 26.3
90700 24.689
90800 25.767
90900 24.391
91000 26.05
91100 23.667
91200 28.406
91300 25.069
91400 22.589
91500 24.289
91600 22.857
91700 24.487
91800 23.7
91900 23.284
92000 23.998
92100 27.51
92200 35.357
92300 28.857
92400 26.266
92500 28.385
92600 24.763
92700 25.943
92800 23.859
92900 25.781
93000 24.479
93100 23.144
93200 24.988
93300 24.262
93400 24.254
93500 24.749
93600 23.249
93700 28.039
93800 24.518
93900 42.963
94000 41.513
94100 25.559
94200 25.117
94300 24.885
94400 32.042
94500 25.488
94600 24.506
94700 25.997
94800 26.01
94900 23.973
95000 26.495
95100 28.585
95200 26.616
95300 24.757
95400 24.087
95500 24.037
95600 23.896
95700 23.733
95800 26.447
95900 31.75
96000 33.29
96100 31.565
96200 27.31
96300 28.507
96400 25.623
96500 24.881
96600 23.872
96700 26.904
96800 28.014
96900 26.599
97000 24.399
97100 25.12
97200 25.047
97300 28.137
97400 26.134
97500 26.256
97600 51.731
97700 31.582
97800 27.896
97900 26.932
98000 24.695
98100 28.436
98200 26.166
98300 28.385
98400 33.733
98500 35.944
98600 22.41
98700 23.534
98800 23.027
98900 21.456
99000 22.061
99100 22.501
99200 24.068
99300 21.915
99400 22.661
99500 24.078
99600 27.396
99700 29.051
99800 28.727
99900 26.811
100000 23.817
100100 21.64
100200 22.123
100300 21.63
100400 23.414
100500 21.862
100600 22.477
100700 21.597
100800 21.612
100900 23.885
101000 22.592
101100 23.808
101200 21.809
101300 22.614
101400 21.706
101500 38.955
101600 35.618
101700 25.966
101800 23.1
101900 23.913
102000 21.373
102100 24.847
102200 22.747
102300 21.627
102400 25.644
102500 24.813
102600 25.492
102700 22.193
102800 22.834
102900 24.775
103000 26.036
103100 24.479
103200 22.496
103300 24.073
103400 24.867
103500 26.042
103600 24.532
103700 31.375
103800 31.884
103900 29.516
104000 30.501
104100 29.46
104200 27.318
104300 25.707
104400 23.773
104500 25.751
104600 25.796
104700 25.123
104800 25.857
104900 25.514
105000 29.188
105100 28.807
105200 28.503
105300 45.031
105400 43.147
105500 24.468
105600 24.198
105700 24.11
105800 22.991
105900 24.451
106000 27.671
106100 24.72
106200 25.845
106300 26.669
106400 26.06
106500 26.778
106600 24.315
106700 25.174
106800 23.817
106900 23.091
107000 25.399
107100 27.685
107200 27.35
107300 35.824
107400 36.661
107500 33.591
107600 35.562
107700 36.699
107800 26.805
107900 29.658
108000 26.623
108100 25.791
108200 26.012
108300 26.706
108400 26.331
108500 26.212
108600 26.646
108700 29.308
108800 42.282
108900 42.494
109000 26.819
109100 26.364
109200 28.795
109300 39.575
109400 29.963
109500 26.621
109600 26.241
109700 27.049
109800 28.342
109900 27.122
110000 26.95
110100 29.693
110200 30.24
110300 26.678
110400 28.836
110500 30.162
110600 32.822
110700 36.823
110800 36.572
110900 36.573
111000 36.752
111100 30.778
111200 26.805
111300 27.724
111400 29.608
111500 27.312
111600 30.493
111700 28.995
111800 30.111
111900 28.714
112000 42.639
112100 47.242
112200 28.336
112300 28.39
112400 29.118
112500 28.918
112600 29.007
112700 30.848
112800 31.07
112900 28.3
113000 29.305
113100 29.15
113200 27.211
113300 28.555
113400 32.116
113500 32.165
113600 29.134
113700 26.947
113800 33.433
113900 38.111
114000 38.397
114100 36.295
114200 27.801
114300 28.927
114400 29.025
114500 29.624
114600 29.945
114700 33.344
114800 33.144
114900 28.692
115000 25.689
115100 29.451
115200 28.206
115300 46.631
115400 35.457
115500 30.37
115600 28.438
115700 36.361
115800 31.527
115900 30.015
116000 30.539
116100 33.253
116200 34.3
116300 31.933
116400 28.081
116500 28.505
116600 31.943
116700 28.395
116800 34.868
116900 37.392
117000 34.041
117100 26.772
117200 30.085
117300 27.948
117400 28.762
117500 29.758
117600 28.521
117700 28.829
117800 34.489
117900 33.022
118000 30.772
118100 27.482
118200 31.257
118300 27.972
118400 40.018
118500 46.746
118600 36.204
118700 29.235
118800 36.053
118900 32.563
119000 30.296
119100 28.241
119200 34.956
119300 28.999
119400 29.233
119500 31.58
119600 29.842
119700 28.858
119800 36.901
119900 32.865
120000 30.589
120100 37.754
120200 38.534
120300 30.945
120400 36.948
120500 39.624
120600 36.355
120700 31.842
120800 29.996
120900 35.052
121000 33.059
121100 30.012
121200 27.919
121300 30.484
121400 58.079
121500 48.493
121600 32.907
121700 33.218
121800 30.839
121900 32.949
122000 32.774
122100 30.757
122200 31.152
122300 30.871
122400 35.514
122500 37.109
122600 36.924
122700 33.358
122800 36.666
122900 33.721
123000 42.074
123100 36.325
123200 32.621
123300 31.744
123400 35.147
123500 34.765
123600 34.012
123700 34.463
123800 40.953
123900 33.44
124000 34.308
124100 35.59
124200 49.906
124300 52.905
124400 36.098
124500 33.442
124600 33.919
124700 32.525
124800 27.119
124900 37.707
125000 36.004
125100 30.335
125200 30.924
125300 33.018
125400 33.14
125500 38.899
125600 35.714
125700 37.823
125800 42.877
125900 38.015
126000 43.014
126100 42.329
126200 44.699
126300 38.789
126400 36.735
126500 38.422
126600 38.064
126700 38.836
126800 38.4
126900 57.225
127000 42.321
127100 36.21
127200 37.726
127300 36.315
127400 36.945
127500 36.415
127600 40.438
127700 35.505
127800 35.241
127900 37.582
128000 36.717
128100 34.752
128200 36.941
128300 44.103
128400 37.285
128500 36.727
128600 35.341
128700 36.519
128800 43.266
128900 35.666
129000 38.614
129100 40.009
129200 35.541
129300 38.674
129400 36.134
129500 60.566
129600 39.581
129700 35.219
129800 39.547
129900 37.258
130000 38.244
130100 37.682
130200 40.843
130300 36.914
130400 40.209
130500 39.17
130600 39.304
130700 46.893
130800 43.037
130900 43.114
131000 36.882
131100 33.688
131200 34.778
131300 39.456
131400 34.791
131500 33.982
131600 34.121
131700 33.825
131800 34.038
131900 33.713
132000 34.484
132100 39.92
132200 37.668
132300 33.653
132400 33.887
132500 34.435
132600 35.461
132700 34.605
132800 37.698
132900 34.069
133000 37.997
133100 34.27
133200 36.593
133300 35.574
133400 34.233
133500 39.792
133600 40.098
133700 35.744
133800 34.855
133900 34.156
134000 38.181
134100 34.819
134200 35.017
134300 35.378
134400 34.467
134500 34.716
134600 34.489
134700 34.735
134800 37.377
134900 44.378
135000 41.65
135100 34.573
135200 34.782
135300 35.163
135400 35.356
135500 36.171
135600 38.688
135700 36.882
135800 39.057
135900 34.901
136000 35.967
136100 37.16
136200 35.249
136300 36.956
136400 36.824
136500 35.566
136600 35.811
136700 35.314
136800 35.478
136900 35.43
137000 36.313
137100 35.702
137200 35.746
137300 35.742
137400 36.064
137500 36.516
137600 41.022
137700 38.904
137800 36.252
137900 35.395
138000 35.777
138100 35.525
138200 35.31
138300 36.125
138400 38.379
138500 36.714
138600 35.217
138700 35.725
138800 36.766
138900 42.785
139000 36.325
139100 39.057
139200 38.767
139300 36.848
139400 37.045
139500 36.346
139600 35.679
139700 35.914
139800 38.891
139900 36.388
140000 37.632
140100 38.522
140200 37.252
140300 42.136
140400 42.689
140500 37.873
140600 35.792
140700 37.834
140800 36.4
140900 37.012
141000 42.374
141100 38.296
141200 38.743
141300 35.855
141400 35.91
141500 36.138
141600 38.907
141700 36.754
141800 35.917
141900 37.114
142000 36.358
142100 36.374
142200 38.586
142300 38.601
142400 36.562
142500 36.992
142600 36.467
142700 40.618
142800 39.262
142900 39.305
143000 49.746
143100 37.541
143200 36.788
143300 38.357
143400 40.068
143500 37.164
143600 41.301
143700 37.629
143800 38.2
143900 39.265
144000 40.037
144100 37.782
144200 37.748
144300 37.602
144400 37.367
144500 38.271
144600 37.396
144700 37.375
144800 37.345
144900 37.772
145000 43.19
145100 41.136
145200 37.507
145300 37.572
145400 40.405
145500 39.736
145600 39.958
145700 38.766
145800 38.24
145900 40.251
146000 39.797
146100 37.487
146200 36.899
146300 37.692
146400 38.013
146500 37.173
146600 37.562
146700 37.427
146800 51.067
146900 43.967
147000 37.876
147100 39.506
147200 37.657
147300 37.25
147400 37.902
147500 37.726
147600 38.38
147700 37.364
147800 38.158
147900 39.65
148000 39.447
148100 40.395
148200 38.173
148300 39.573
148400 38.807
148500 46.157
148600 43.766
148700 39.083
148800 37.726
148900 37.921
149000 37.893
149100 38.191
149200 38.81
149300 37.911
149400 39.225
149500 38.067
149600 37.966
149700 38.779
149800 38.25
149900 38.266
150000 37.97
150100 38.12
150200 38.519
150300 38.366
150400 38.25
150500 38.835
150600 42.795
150700 44.231
150800 40.083
150900 42.077
151000 39.854
151100 38.874
151200 38.343
151300 39.127
151400 38.428
151500 38.553
151600 38.927
151700 39.743
151800 44.473
151900 41.27
152000 43.076
152100 38.912
152200 40.212
152300 39.069
152400 39.451
152500 39.144
152600 39.573
152700 39.3
152800 39.297
152900 40.359
153000 43.446
153100 42.268
153200 39.667
153300 39.026
153400 39.5
153500 39.231
153600 42.447
153700 45.723
153800 45.079
153900 45.206
154000 47.953
154100 39.895
154200 39.969
154300 39.462
154400 42.534
154500 44.386
154600 43.422
154700 41.641
154800 40.119
154900 40.211
155000 39.728
155100 40.447
155200 40.448
155300 40.144
155400 40.968
155500 56.041
155600 40.511
155700 40.297
155800 40.49
155900 42.363
156000 41.54
156100 44.778
156200 45.253
156300 44.34
156400 41.46
156500 40.493
156600 42.764
156700 46.245
156800 44.569
156900 40.935
157000 41.865
157100 41.312
157200 41.692
157300 40.655
157400 40.257
157500 39.498
157600 39.923
157700 39.672
157800 40.509
157900 45.763
158000 41.159
158100 40.802
158200 43.701
158300 41.247
158400 41.279
158500 41.524
158600 45.105
158700 40.197
158800 41.883
158900 40.692
159000 40.652
159100 41.533
159200 41.283
159300 44.265
159400 40.397
159500 41.119
159600 40.304
159700 40.215
159800 42.454
159900 44.918
160000 41.363
160100 41.532
160200 44.181
160300 50.142
160400 41.224
160500 41.364
160600 41.304
160700 41.375
160800 42.447
160900 41.599
161000 41.205
161100 41.599
161200 42.688
161300 42.265
161400 41.648
161500 41.671
161600 41.677
161700 42.631
161800 42.353
161900 41.317
162000 43.092
162100 42.104
162200 42.018
162300 42.054
162400 40.905
162500 41.917
162600 42.959
162700 43.139
162800 41.693
162900 43.683
163000 41.59
163100 42.474
163200 41.023
163300 41.906
163400 42.307
163500 41.515
163600 42.285
163700 41.59
163800 42.727
163900 41.609
164000 41.841
164100 42.925
164200 49.924
164300 44.328
164400 45.365
164500 42.688
164600 42.45
164700 43.374
164800 46.756
164900 44.221
165000 44.548
165100 45.049
165200 45.664
165300 42.857
165400 42.732
165500 43.771
165600 42.826
165700 44.13
165800 50.697
165900 44.124
166000 43.56
166100 43.092
166200 47.331
166300 45.985
166400 47.143
166500 44.193
166600 43.473
166700 45.072
166800 49.857
166900 50.925
167000 43.813
167100 49.759
167200 48.485
167300 46.126
167400 46.846
167500 51.942
167600 43.369
167700 43.154
167800 44.98
167900 51.734
168000 43.544
168100 43.549
168200 42.889
168300 44.065
168400 48.046
168500 44
168600 44.038
168700 45.117
168800 49.709
168900 43.562
169000 42.902
169100 43.301
169200 43.071
169300 48.294
169400 49.834
169500 43.132
169600 47.113
169700 43.894
169800 44.875
169900 44.529
170000 45.153
170100 43.96
170200 44.16
170300 48.004
170400 46.488
170500 44.046
170600 44.426
170700 45.372
170800 49.141
170900 45.74
171000 44.826
171100 44.169
171200 47.085
171300 47.902
171400 44.438
171500 56.158
171600 51.649
171700 44.974
171800 47.927
171900 47.594
172000 43.962
172100 44.38
172200 44.33
172300 43.925
172400 43.89
172500 47.567
172600 44.686
172700 47.571
172800 47.846
172900 45.295
173000 49.354
173100 46.591
173200 48.587
173300 44.995
173400 45.216
173500 45.515
173600 48.189
173700 53.584
173800 45.689
173900 45.185
174000 49.104
174100 45.391
174200 45.654
174300 45.555
174400 45.316
174500 45.027
174600 44.674
174700 45.487
174800 45.475
174900 44.809
175000 44.466
175100 44.218
175200 45.112
175300 46.097
175400 45.545
175500 44.517
175600 45.072
175700 45.362
175800 46.911
175900 49.213
176000 46.894
176100 49.677
176200 46.263
176300 45.49
176400 46.162
176500 50.275
176600 45.739
176700 45.451
176800 46.081
176900 46.177
177000 46.143
177100 45.744
177200 46.817
177300 45.357
177400 46.492
177500 46.275
177600 45.513
177700 45.615
177800 46.174
177900 55.085
178000 48.175
178100 45.155
178200 45.383
178300 46.274
178400 46.417
178500 45.821
178600 46.071
178700 47.361
178800 47.388
178900 46.102
179000 46.376
179100 46.155
179200 45.905
179300 45.832
179400 45.785
179500 46.247
179600 48.787
179700 47.047
179800 46.344
179900 46.26
180000 46.577
180100 47.748
180200 49.302
180300 46.357
180400 46.481
180500 51.246
180600 48.621
180700 51.021
180800 47.254
180900 46.872
181000 49.311
181100 52.048
181200 47.047
181300 46.71
181400 47.461
181500 46.927
181600 46.453
181700 47.744
181800 47.45
181900 53.907
182000 47.89
182100 46.837
182200 53.035
182300 49.644
182400 46.94
182500 46.787
182600 47.615
182700 51.095
182800 49.014
182900 48.168
183000 47.705
183100 47.686
183200 48.184
183300 52.333
183400 47.429
183500 47.134
183600 47.722
183700 48.445
183800 58.196
183900 47.522
184000 47.963
184100 48.855
184200 50.209
184300 48.547
184400 47.081
184500 47.541
184600 47.609
184700 47.262
184800 47.53
184900 53.755
185000 50.363
185100 52.139
185200 48.166
185300 50.697
185400 50.064
185500 48.389
185600 48.423
185700 49.552
185800 49.87
185900 54.272
186000 48.229
186100 47.73
186200 51.264
186300 50.73
186400 47.978
186500 50.532
186600 54.742
186700 53.703
186800 50.575
186900 48.492
187000 49.255
187100 51.027
187200 50.747
187300 50.124
187400 49.062
187500 48.002
187600 48.798
187700 48.236
187800 50.823
187900 48.967
188000 48.408
188100 48.107
188200 50.775
188300 49.919
188400 49.143
188500 52.263
188600 49.711
188700 49.767
188800 49.904
188900 50.341
189000 56.458
189100 53.153
189200 48.703
189300 49.711
189400 48.557
189500 51.126
189600 49.031
189700 49.217
189800 52.956
189900 49.925
190000 49.367
190100 49.895
190200 52.763
190300 52.476
190400 49.943
190500 54.531
190600 49.435
190700 50.327
190800 54.112
190900 49.63
191000 50.111
191100 50.328
191200 52.47
191300 52.558
191400 49.382
191500 50.193
191600 49.267
191700 49.322
191800 51.268
191900 50.109
192000 50.08
192100 49.461
192200 59.669
192300 50.174
192400 51.043
192500 56.037
192600 54.665
192700 50.288
192800 51.083
192900 58.425
193000 49.555
193100 49.917
193200 50.094
193300 52.96
193400 49.969
193500 49.925
193600 50.461
193700 51.16
193800 50.847
193900 51.376
194000 51.249
194100 55.655
194200 53.276
194300 50.628
194400 55.975
194500 50.856
194600 50.539
194700 50.087
194800 51.794
194900 55.367
195000 51.303
195100 51.617
195200 53.488
195300 53.055
195400 54.164
195500 55.968
195600 55.033
195700 53.534
195800 51.013
195900 51.167
196000 72.294
196100 50.955
196200 50.622
196300 52.798
196400 51.613
196500 50.545
196600 51.009
196700 56.03
196800 53.352
196900 51.102
197000 55.585
197100 56.816
197200 54.058
197300 51.197
197400 50.651
197500 54.725
197600 52.243
197700 55.365
197800 57.955
197900 59.641
198000 51.465
198100 52.708
198200 51.742
198300 56.779
198400 51.684
198500 51.881
198600 52.885
198700 51.278
198800 53.549
198900 56.32
199000 53.31
199100 54.704
199200 51.181
199300 55.645
199400 59.475
199500 54.689
199600 51.667
199700 60.6
199800 55.488
199900 51.665
200000 51.423
200100 51.52
200200 57.907
200300 53.809
200400 59.281
200500 57.836
200600 52.212
200700 53.479
200800 57.266
200900 53.437
201000 52.471
201100 52.786
201200 54.389
201300 54.888
201400 58.709
201500 57.504
201600 53.479
201700 52.332
201800 52.135
201900 51.572
202000 52.17
202100 52.62
202200 57.739
202300 53.078
202400 54.095
202500 57.183
202600 52.592
202700 56.11
202800 52.939
202900 57.764
203000 53.228
203100 53.362
203200 53.244
203300 65.561
203400 67.286
203500 55.357
203600 53.827
203700 53.708
203800 53.094
203900 53.687
204000 53.553
204100 53.587
204200 53.948
204300 55.08
204400 53.839
204500 54.276
204600 62.252
204700 52.136
204800 53.268
204900 53.68
205000 52.754
205100 53.69
205200 59.074
205300 55.762
205400 57.402
205500 54.124
205600 53.601
205700 53.338
205800 54.772
205900 58.778
206000 53.828
206100 54.072
206200 54.18
206300 56.338
206400 57.603
206500 53.303
206600 53.732
206700 54.528
206800 53.311
206900 53.993
207000 57.077
207100 55.125
207200 53.582
207300 53.479
207400 54.513
207500 60.045
207600 57.129
207700 54.238
207800 58.914
207900 55.301
208000 55.233
208100 54.957
208200 59.227
208300 54.466
208400 54.45
208500 58.248
208600 53.873
208700 58.181
208800 57.695
208900 54.062
209000 54.355
209100 56.068
209200 59.496
209300 64.512
209400 56.026
209500 56.008
209600 57.58
209700 54.555
209800 54.492
209900 55.573
210000 57.709
210100 55.119
210200 55.749
210300 59.554
210400 57.054
210500 56.545
210600 55.568
210700 55.251
210800 55.823
210900 55.104
211000 54.98
211100 61.144
211200 59.598
211300 55.842
211400 54.89
211500 55.816
211600 56.489
211700 58.637
211800 58.749
211900 58.495
212000 54.393
212100 60.817
212200 56.092
212300 58.749
212400 55.96
212500 54.868
212600 55.204
212700 55.679
212800 55.601
212900 56.848
213000 61.958
213100 54.883
213200 56.135
213300 58.8
213400 57.911
213500 55.968
213600 56.179
213700 55.367
213800 60.064
213900 55.203
214000 57.822
214100 62.89
214200 59.093
214300 55.204
214400 54.83
214500 56.066
214600 55.271
214700 55.173
214800 55.555
214900 55.685
215000 55.79
215100 55.887
215200 60.221
215300 60.758
215400 61.603
215500 55.596
215600 56.539
215700 56.052
215800 54.95
215900 58.861
216000 57.525
216100 55.449
216200 56.199
216300 60.067
216400 56.777
216500 56.71
216600 58.591
216700 57.989
216800 60.217
216900 60.627
217000 60.356
217100 56.787
217200 56.302
217300 55.983
217400 57.274
217500 58.329
217600 61.905
217700 56.405
217800 58.817
217900 61.481
218000 56.341
218100 58.081
218200 59.814
218300 57.298
218400 59.286
218500 58.12
218600 62.706
218700 56.308
218800 57.204
218900 57.231
219000 56.515
219100 59.18
219200 58.077
219300 56.348
219400 60.038
219500 56.193
219600 61.553
219700 57.249
219800 57.2
219900 58.797
220000 61.436
220100 61.366
220200 56.836
220300 57.592
220400 56.681
220500 56.816
220600 58.663
220700 56.84
220800 64.183
220900 59.974
221000 57.558
221100 58.089
221200 65.415
221300 61.945
221400 57.349
221500 57.687
221600 56.788
221700 58.158
221800 62.771
221900 58.853
222000 57.946
222100 58.453
222200 57.539
222300 62.278
222400 59.761
222500 62.428
222600 59.757
222700 60.78
222800 61.649
222900 59.509
223000 64.21
223100 62.138
223200 60.895
223300 58.318
223400 58.72
223500 57.671
223600 58.17
223700 57.231
223800 59.881
223900 62.262
224000 64.267
224100 60.034
224200 60.083
224300 57.806
224400 64.734
224500 64.622
224600 60.644
224700 62.19
224800 59.634
224900 58.436
225000 57.966
225100 58.977
225200 58.728
225300 58.104
225400 58.811
225500 59.15
225600 60.091
225700 58.424
225800 58.299
225900 59.386
226000 58.127
226100 58.755
226200 65.008
226300 66.313
226400 71.208
226500 66.026
226600 63.956
226700 68.935
226800 65.895
226900 65.89
227000 64.664
227100 65.261
227200 70.594
227300 60.423
227400 59.94
227500 66.197
227600 62.442
227700 65.844
227800 61.468
227900 61.088
228000 67.802
228100 65.113
228200 66.527
228300 71.699
228400 63.9
228500 65.068
228600 61.294
228700 71.38
228800 71.057
228900 65.199
229000 64.201
229100 67.603
229200 62.411
229300 63.973
229400 63.465
229500 63.19
229600 64.272
229700 63.355
229800 61.502
229900 60.361
230000 60.799
230100 64.384
230200 65.809
230300 60.574
230400 63.208
230500 62.791
230600 63.403
230700 61.017
230800 65.003
230900 63.57
231000 59.157
231100 60.424
231200 60.21
231300 59.787
231400 60.905
231500 60.893
231600 61.79
231700 63.027
231800 60.193
231900 59.669
232000 63.631
232100 61.102
232200 60.315
232300 63.508
232400 66.034
232500 68.281
232600 67.438
232700 61.516
232800 70.491
232900 66.438
233000 65.695
233100 64.835
233200 60.635
233300 69.982
233400 65.072
233500 74.881
233600 69.13
233700 65.439
233800 63.153
233900 63.111
234000 63.79
234100 63.499
234200 63.987
234300 69.838
234400 64.529
234500 68.844
234600 79.122
234700 68.591
234800 66.183
234900 63.911
235000 65.078
235100 66.688
235200 61.892
235300 61.913
235400 63.585
235500 62.408
235600 64.805
235700 63.637
235800 67.286
235900 67.711
236000 68.654
236100 72.799
236200 64.275
236300 70.46
236400 74.548
236500 64.496
236600 67.588
236700 69.359
236800 70.149
236900 74.385
237000 75.064
237100 66.971
237200 68.125
237300 65.599
237400 62.354
237500 64.208
237600 66.077
237700 71.879
237800 68.964
237900 69.671
238000 68.611
238100 73.168
238200 68.734
238300 67.288
238400 66.888
238500 66.87
238600 65.994
238700 71.386
238800 69.356
238900 64.929
239000 67.123
239100 63.394
239200 67.66
239300 66.166
239400 65.205
239500 63.349
239600 64.094
239700 65.167
239800 61.691
239900 64.348
240000 64.509
240100 67.577
240200 68.042
240300 64.573
240400 71.518
240500 78.711
240600 67.673
240700 62.653
240800 64.808
240900 66.8
241000 64.363
241100 70.987
241200 62.977
241300 63.107
241400 67.072
241500 66.618
241600 65.818
241700 66.552
241800 63.284
241900 64.201
242000 65.888
242100 65.373
242200 65.84
242300 70.243
242400 71.151
242500 74.016
242600 73.255
242700 67.519
242800 67.344
242900 68.252
243000 63.238
243100 63.335
243200 71.942
243300 65.444
243400 65.387
243500 71.201
243600 69.972
243700 64.712
243800 63.509
243900 71.508
244000 69.336
244100 65.856
244200 65.969
244300 64.569
244400 65.731
244500 72.697
244600 68.257
244700 71.781
244800 68.45
244900 72.292
245000 73.186
245100 67.39
245200 64.385
245300 68.201
245400 71.41
245500 66.025
245600 70.164
245700 67.217
245800 64.114
245900 66.078
246000 74.111
246100 64.558
246200 70.939
246300 66.575
246400 67.197
246500 64.006
246600 64.4
246700 63.631
246800 63.487
246900 65.225
247000 70.118
247100 65.414
247200 67.115
247300 63.968
247400 63.475
247500 70.263
247600 66.02
247700 65.718
247800 65.56
247900 66.881
248000 66.137
248100 66.094
248200 66.933
248300 65.288
248400 68.984
248500 68.303
248600 64.669
248700 64.613
248800 64.924
248900 65.01
249000 68.413
249100 67.193
249200 67.883
249300 67.599
249400 70.431
249500 72.938
249600 67.394
249700 70.569
249800 66.038
249900 69.855
250000 66.973
250100 73.655
250200 65.079
250300 69.451
250400 65.056
250500 71.703
250600 67.638
250700 67.371
250800 66.297
250900 68.631
251000 72.518
251100 70.348
251200 69.47
251300 65.6
251400 65.847
251500 66.868
251600 66.16
251700 68.705
251800 67.057
251900 66.119
252000 86.349
252100 70.419
252200 84.136
252300 100.211
