7.653262e-02 -1.000000e+00
8.154616e-02 -9.990000e-01
8.658345e-02 -9.980000e-01
9.164412e-02 -9.970000e-01
9.672780e-02 -9.960000e-01
1.018341e-01 -9.950000e-01
1.069626e-01 -9.940000e-01
1.121130e-01 -9.930000e-01
1.172849e-01 -9.920000e-01
1.224779e-01 -9.910000e-01
1.276916e-01 -9.900000e-01
1.329256e-01 -9.890000e-01
1.381795e-01 -9.880000e-01
1.434531e-01 -9.870000e-01
1.487458e-01 -9.860000e-01
1.540573e-01 -9.850000e-01
1.593872e-01 -9.840000e-01
1.647352e-01 -9.830000e-01
1.701008e-01 -9.820000e-01
1.754836e-01 -9.810000e-01
1.808833e-01 -9.800000e-01
1.862995e-01 -9.790000e-01
1.917318e-01 -9.780000e-01
1.971798e-01 -9.770000e-01
2.026432e-01 -9.760000e-01
2.081214e-01 -9.750000e-01
2.136143e-01 -9.740000e-01
2.191213e-01 -9.730000e-01
2.246420e-01 -9.720000e-01
2.301762e-01 -9.710000e-01
2.357234e-01 -9.700000e-01
2.412832e-01 -9.690000e-01
2.468552e-01 -9.680000e-01
2.524391e-01 -9.670000e-01
2.580344e-01 -9.660000e-01
2.636409e-01 -9.650000e-01
2.692580e-01 -9.640000e-01
2.748854e-01 -9.630000e-01
2.805228e-01 -9.620000e-01
2.861697e-01 -9.610000e-01
2.918258e-01 -9.600000e-01
2.974906e-01 -9.590000e-01
3.031639e-01 -9.580000e-01
3.088451e-01 -9.570000e-01
3.145340e-01 -9.560000e-01
3.202302e-01 -9.550000e-01
3.259332e-01 -9.540000e-01
3.316427e-01 -9.530000e-01
3.373583e-01 -9.520000e-01
3.430797e-01 -9.510000e-01
3.488064e-01 -9.500000e-01
3.545381e-01 -9.490000e-01
3.602744e-01 -9.480000e-01
3.660150e-01 -9.470000e-01
3.717594e-01 -9.460000e-01
3.775073e-01 -9.450000e-01
3.832583e-01 -9.440000e-01
3.890120e-01 -9.430000e-01
3.947682e-01 -9.420000e-01
4.005263e-01 -9.410000e-01
4.062860e-01 -9.400000e-01
4.120470e-01 -9.390000e-01
4.178089e-01 -9.380000e-01
4.235714e-01 -9.370000e-01
4.293340e-01 -9.360000e-01
4.350964e-01 -9.350000e-01
4.408582e-01 -9.340000e-01
4.466191e-01 -9.330000e-01
4.523787e-01 -9.320000e-01
4.581367e-01 -9.310000e-01
4.638927e-01 -9.300000e-01
4.696463e-01 -9.290000e-01
4.753972e-01 -9.280000e-01
4.811450e-01 -9.270000e-01
4.868894e-01 -9.260000e-01
4.926301e-01 -9.250000e-01
4.983666e-01 -9.240000e-01
5.040986e-01 -9.230000e-01
5.098258e-01 -9.220000e-01
5.155478e-01 -9.210000e-01
5.212643e-01 -9.200000e-01
5.269750e-01 -9.190000e-01
5.326794e-01 -9.180000e-01
5.383773e-01 -9.170000e-01
5.440683e-01 -9.160000e-01
5.497521e-01 -9.150000e-01
5.554283e-01 -9.140000e-01
5.610966e-01 -9.130000e-01
5.667567e-01 -9.120000e-01
5.724082e-01 -9.110000e-01
5.780508e-01 -9.100000e-01
5.836842e-01 -9.090000e-01
5.893081e-01 -9.080000e-01
5.949220e-01 -9.070000e-01
6.005258e-01 -9.060000e-01
6.061190e-01 -9.050000e-01
6.117013e-01 -9.040000e-01
6.172725e-01 -9.030000e-01
6.228322e-01 -9.020000e-01
6.283801e-01 -9.010000e-01
6.339159e-01 -9.000000e-01
6.394392e-01 -8.990000e-01
6.449498e-01 -8.980000e-01
6.504473e-01 -8.970000e-01
6.559314e-01 -8.960000e-01
6.614019e-01 -8.950000e-01
6.668584e-01 -8.940000e-01
6.723006e-01 -8.930000e-01
6.777282e-01 -8.920000e-01
6.831410e-01 -8.910000e-01
6.885385e-01 -8.900000e-01
6.939206e-01 -8.890000e-01
6.992869e-01 -8.880000e-01
7.046371e-01 -8.870000e-01
7.099710e-01 -8.860000e-01
7.152882e-01 -8.850000e-01
7.205885e-01 -8.840000e-01
7.258715e-01 -8.830000e-01
7.311371e-01 -8.820000e-01
7.363849e-01 -8.810000e-01
7.416146e-01 -8.800000e-01
7.468259e-01 -8.790000e-01
7.520186e-01 -8.780000e-01
7.571925e-01 -8.770000e-01
7.623472e-01 -8.760000e-01
7.674824e-01 -8.750000e-01
7.725979e-01 -8.740000e-01
7.776934e-01 -8.730000e-01
7.827687e-01 -8.720000e-01
7.878235e-01 -8.710000e-01
7.928576e-01 -8.700000e-01
7.978706e-01 -8.690000e-01
8.028623e-01 -8.680000e-01
8.078325e-01 -8.670000e-01
8.127809e-01 -8.660000e-01
8.177073e-01 -8.650000e-01
8.226113e-01 -8.640000e-01
8.274928e-01 -8.630000e-01
8.323516e-01 -8.620000e-01
8.371873e-01 -8.610000e-01
8.419997e-01 -8.600000e-01
8.467887e-01 -8.590000e-01
8.515539e-01 -8.580000e-01
8.562951e-01 -8.570000e-01
8.610121e-01 -8.560000e-01
8.657046e-01 -8.550000e-01
8.703724e-01 -8.540000e-01
8.750154e-01 -8.530000e-01
8.796332e-01 -8.520000e-01
8.842257e-01 -8.510000e-01
8.887925e-01 -8.500000e-01
8.933336e-01 -8.490000e-01
8.978487e-01 -8.480000e-01
9.023375e-01 -8.470000e-01
9.067999e-01 -8.460000e-01
9.112356e-01 -8.450000e-01
9.156445e-01 -8.440000e-01
9.200262e-01 -8.430000e-01
9.243807e-01 -8.420000e-01
9.287077e-01 -8.410000e-01
9.330070e-01 -8.400000e-01
9.372785e-01 -8.390000e-01
9.415218e-01 -8.380000e-01
9.457368e-01 -8.370000e-01
9.499234e-01 -8.360000e-01
9.540813e-01 -8.350000e-01
9.582103e-01 -8.340000e-01
9.623103e-01 -8.330000e-01
9.663811e-01 -8.320000e-01
9.704224e-01 -8.310000e-01
9.744341e-01 -8.300000e-01
9.784161e-01 -8.290000e-01
9.823680e-01 -8.280000e-01
9.862899e-01 -8.270000e-01
9.901814e-01 -8.260000e-01
9.940424e-01 -8.250000e-01
9.978728e-01 -8.240000e-01
1.001672e+00 -8.230000e-01
1.005441e+00 -8.220000e-01
1.009178e+00 -8.210000e-01
1.012884e+00 -8.200000e-01
1.016559e+00 -8.190000e-01
1.020202e+00 -8.180000e-01
1.023813e+00 -8.170000e-01
1.027393e+00 -8.160000e-01
1.030940e+00 -8.150000e-01
1.034455e+00 -8.140000e-01
1.037937e+00 -8.130000e-01
1.041387e+00 -8.120000e-01
1.044804e+00 -8.110000e-01
1.048189e+00 -8.100000e-01
1.051540e+00 -8.090000e-01
1.054858e+00 -8.080000e-01
1.058143e+00 -8.070000e-01
1.061395e+00 -8.060000e-01
1.064613e+00 -8.050000e-01
1.067797e+00 -8.040000e-01
1.070948e+00 -8.030000e-01
1.074065e+00 -8.020000e-01
1.077147e+00 -8.010000e-01
1.080196e+00 -8.000000e-01
1.083210e+00 -7.990000e-01
1.086190e+00 -7.980000e-01
1.089135e+00 -7.970000e-01
1.092046e+00 -7.960000e-01
1.094922e+00 -7.950000e-01
1.097763e+00 -7.940000e-01
1.100569e+00 -7.930000e-01
1.103339e+00 -7.920000e-01
1.106075e+00 -7.910000e-01
1.108775e+00 -7.900000e-01
1.111440e+00 -7.890000e-01
1.114070e+00 -7.880000e-01
1.116663e+00 -7.870000e-01
1.119221e+00 -7.860000e-01
1.121743e+00 -7.850000e-01
1.124230e+00 -7.840000e-01
1.126680e+00 -7.830000e-01
1.129094e+00 -7.820000e-01
1.131472e+00 -7.810000e-01
1.133813e+00 -7.800000e-01
1.136119e+00 -7.790000e-01
1.138387e+00 -7.780000e-01
1.140620e+00 -7.770000e-01
1.142815e+00 -7.760000e-01
1.144974e+00 -7.750000e-01
1.147096e+00 -7.740000e-01
1.149181e+00 -7.730000e-01
1.151230e+00 -7.720000e-01
1.153241e+00 -7.710000e-01
1.155215e+00 -7.700000e-01
1.157152e+00 -7.690000e-01
1.159051e+00 -7.680000e-01
1.160914e+00 -7.670000e-01
1.162739e+00 -7.660000e-01
1.164526e+00 -7.650000e-01
1.166277e+00 -7.640000e-01
1.167989e+00 -7.630000e-01
1.169664e+00 -7.620000e-01
1.171301e+00 -7.610000e-01
1.172901e+00 -7.600000e-01
1.174462e+00 -7.590000e-01
1.175986e+00 -7.580000e-01
1.177472e+00 -7.570000e-01
1.178920e+00 -7.560000e-01
1.180330e+00 -7.550000e-01
1.181702e+00 -7.540000e-01
1.183036e+00 -7.530000e-01
1.184331e+00 -7.520000e-01
1.185589e+00 -7.510000e-01
1.186808e+00 -7.500000e-01
1.187989e+00 -7.490000e-01
1.189131e+00 -7.480000e-01
1.190236e+00 -7.470000e-01
1.191302e+00 -7.460000e-01
1.192329e+00 -7.450000e-01
1.193318e+00 -7.440000e-01
1.194269e+00 -7.430000e-01
1.195181e+00 -7.420000e-01
1.196054e+00 -7.410000e-01
1.196889e+00 -7.400000e-01
1.197685e+00 -7.390000e-01
1.198443e+00 -7.380000e-01
1.199162e+00 -7.370000e-01
1.199842e+00 -7.360000e-01
1.200483e+00 -7.350000e-01
1.201086e+00 -7.340000e-01
1.201650e+00 -7.330000e-01
1.202175e+00 -7.320000e-01
1.202662e+00 -7.310000e-01
1.203109e+00 -7.300000e-01
1.203518e+00 -7.290000e-01
1.203888e+00 -7.280000e-01
1.204219e+00 -7.270000e-01
1.204512e+00 -7.260000e-01
1.204765e+00 -7.250000e-01
1.204980e+00 -7.240000e-01
1.205155e+00 -7.230000e-01
1.205292e+00 -7.220000e-01
1.205390e+00 -7.210000e-01
1.205449e+00 -7.200000e-01
1.205469e+00 -7.190000e-01
1.205450e+00 -7.180000e-01
1.205392e+00 -7.170000e-01
1.205295e+00 -7.160000e-01
1.205159e+00 -7.150000e-01
1.204985e+00 -7.140000e-01
1.204771e+00 -7.130000e-01
1.204519e+00 -7.120000e-01
1.204227e+00 -7.110000e-01
1.203897e+00 -7.100000e-01
1.203528e+00 -7.090000e-01
1.203120e+00 -7.080000e-01
1.202673e+00 -7.070000e-01
1.202187e+00 -7.060000e-01
1.201663e+00 -7.050000e-01
1.201099e+00 -7.040000e-01
1.200497e+00 -7.030000e-01
1.199856e+00 -7.020000e-01
1.199176e+00 -7.010000e-01
1.198457e+00 -7.000000e-01
1.197699e+00 -6.990000e-01
1.196903e+00 -6.980000e-01
1.196068e+00 -6.970000e-01
1.195194e+00 -6.960000e-01
1.194282e+00 -6.950000e-01
1.193330e+00 -6.940000e-01
1.192340e+00 -6.930000e-01
1.191312e+00 -6.920000e-01
1.190245e+00 -6.910000e-01
1.189139e+00 -6.900000e-01
1.187994e+00 -6.890000e-01
1.186812e+00 -6.880000e-01
1.185590e+00 -6.870000e-01
1.184330e+00 -6.860000e-01
1.183032e+00 -6.850000e-01
1.181695e+00 -6.840000e-01
1.180319e+00 -6.830000e-01
1.178905e+00 -6.820000e-01
1.177453e+00 -6.810000e-01
1.175963e+00 -6.800000e-01
1.174434e+00 -6.790000e-01
1.172867e+00 -6.780000e-01
1.171262e+00 -6.770000e-01
1.169618e+00 -6.760000e-01
1.167936e+00 -6.750000e-01
1.166217e+00 -6.740000e-01
1.164459e+00 -6.730000e-01
1.162662e+00 -6.720000e-01
1.160828e+00 -6.710000e-01
1.158956e+00 -6.700000e-01
1.157046e+00 -6.690000e-01
1.155098e+00 -6.680000e-01
1.153112e+00 -6.670000e-01
1.151088e+00 -6.660000e-01
1.149027e+00 -6.650000e-01
1.146927e+00 -6.640000e-01
1.144790e+00 -6.630000e-01
1.142615e+00 -6.620000e-01
1.140403e+00 -6.610000e-01
1.138152e+00 -6.600000e-01
1.135865e+00 -6.590000e-01
1.133539e+00 -6.580000e-01
1.131177e+00 -6.570000e-01
1.128776e+00 -6.560000e-01
1.126339e+00 -6.550000e-01
1.123864e+00 -6.540000e-01
1.121351e+00 -6.530000e-01
1.118801e+00 -6.520000e-01
1.116215e+00 -6.510000e-01
1.113590e+00 -6.500000e-01
1.110929e+00 -6.490000e-01
1.108231e+00 -6.480000e-01
1.105495e+00 -6.470000e-01
1.102723e+00 -6.460000e-01
1.099913e+00 -6.450000e-01
1.097067e+00 -6.440000e-01
1.094184e+00 -6.430000e-01
1.091264e+00 -6.420000e-01
1.088307e+00 -6.410000e-01
1.085313e+00 -6.400000e-01
1.082283e+00 -6.390000e-01
1.079216e+00 -6.380000e-01
1.076112e+00 -6.370000e-01
1.072972e+00 -6.360000e-01
1.069796e+00 -6.350000e-01
1.066583e+00 -6.340000e-01
1.063333e+00 -6.330000e-01
1.060047e+00 -6.320000e-01
1.056725e+00 -6.310000e-01
1.053367e+00 -6.300000e-01
1.049972e+00 -6.290000e-01
1.046541e+00 -6.280000e-01
1.043075e+00 -6.270000e-01
1.039572e+00 -6.260000e-01
1.036033e+00 -6.250000e-01
1.032458e+00 -6.240000e-01
1.028847e+00 -6.230000e-01
1.025200e+00 -6.220000e-01
1.021518e+00 -6.210000e-01
1.017800e+00 -6.200000e-01
1.014046e+00 -6.190000e-01
1.010256e+00 -6.180000e-01
1.006431e+00 -6.170000e-01
1.002570e+00 -6.160000e-01
9.986738e-01 -6.150000e-01
9.947420e-01 -6.140000e-01
9.907749e-01 -6.130000e-01
9.867723e-01 -6.120000e-01
9.827345e-01 -6.110000e-01
9.786614e-01 -6.100000e-01
9.745530e-01 -6.090000e-01
9.704095e-01 -6.080000e-01
9.662309e-01 -6.070000e-01
9.620172e-01 -6.060000e-01
9.577685e-01 -6.050000e-01
9.534848e-01 -6.040000e-01
9.491662e-01 -6.030000e-01
9.448128e-01 -6.020000e-01
9.404245e-01 -6.010000e-01
9.360014e-01 -6.000000e-01
9.315436e-01 -5.990000e-01
9.270512e-01 -5.980000e-01
9.225241e-01 -5.970000e-01
9.179624e-01 -5.960000e-01
9.133662e-01 -5.950000e-01
9.087355e-01 -5.940000e-01
9.040704e-01 -5.930000e-01
8.993708e-01 -5.920000e-01
8.946369e-01 -5.910000e-01
8.898688e-01 -5.900000e-01
8.850663e-01 -5.890000e-01
8.802297e-01 -5.880000e-01
8.753589e-01 -5.870000e-01
8.704540e-01 -5.860000e-01
8.655150e-01 -5.850000e-01
8.605420e-01 -5.840000e-01
8.555350e-01 -5.830000e-01
8.504940e-01 -5.820000e-01
8.454192e-01 -5.810000e-01
8.403105e-01 -5.800000e-01
8.351680e-01 -5.790000e-01
8.299917e-01 -5.780000e-01
8.247818e-01 -5.770000e-01
8.195381e-01 -5.760000e-01
8.142608e-01 -5.750000e-01
8.089499e-01 -5.740000e-01
8.036055e-01 -5.730000e-01
7.982275e-01 -5.720000e-01
7.928160e-01 -5.710000e-01
7.873712e-01 -5.700000e-01
7.818929e-01 -5.690000e-01
7.763812e-01 -5.680000e-01
7.708363e-01 -5.670000e-01
7.652580e-01 -5.660000e-01
7.596466e-01 -5.650000e-01
7.540019e-01 -5.640000e-01
7.483240e-01 -5.630000e-01
7.426130e-01 -5.620000e-01
7.368689e-01 -5.610000e-01
7.310917e-01 -5.600000e-01
7.252815e-01 -5.590000e-01
7.194383e-01 -5.580000e-01
7.135622e-01 -5.570000e-01
7.076531e-01 -5.560000e-01
7.017111e-01 -5.550000e-01
6.957363e-01 -5.540000e-01
6.897286e-01 -5.530000e-01
6.836881e-01 -5.520000e-01
6.776148e-01 -5.510000e-01
6.715088e-01 -5.500000e-01
6.653700e-01 -5.490000e-01
6.591986e-01 -5.480000e-01
6.529945e-01 -5.470000e-01
6.467578e-01 -5.460000e-01
6.404884e-01 -5.450000e-01
6.341865e-01 -5.440000e-01
6.278520e-01 -5.430000e-01
6.214850e-01 -5.420000e-01
6.150855e-01 -5.410000e-01
6.086535e-01 -5.400000e-01
6.021890e-01 -5.390000e-01
5.956920e-01 -5.380000e-01
5.891627e-01 -5.370000e-01
5.826009e-01 -5.360000e-01
5.760067e-01 -5.350000e-01
5.693802e-01 -5.340000e-01
5.627213e-01 -5.330000e-01
5.560301e-01 -5.320000e-01
5.493065e-01 -5.310000e-01
5.425507e-01 -5.300000e-01
5.357625e-01 -5.290000e-01
5.289421e-01 -5.280000e-01
5.220894e-01 -5.270000e-01
5.152045e-01 -5.260000e-01
5.082873e-01 -5.250000e-01
5.013379e-01 -5.240000e-01
4.943563e-01 -5.230000e-01
4.873424e-01 -5.220000e-01
4.802963e-01 -5.210000e-01
4.732181e-01 -5.200000e-01
4.661076e-01 -5.190000e-01
4.589650e-01 -5.180000e-01
4.517901e-01 -5.170000e-01
4.445831e-01 -5.160000e-01
4.373438e-01 -5.150000e-01
4.300724e-01 -5.140000e-01
4.227689e-01 -5.130000e-01
4.154331e-01 -5.120000e-01
4.080651e-01 -5.110000e-01
4.006649e-01 -5.100000e-01
3.932326e-01 -5.090000e-01
3.857680e-01 -5.080000e-01
3.782713e-01 -5.070000e-01
3.707423e-01 -5.060000e-01
3.631811e-01 -5.050000e-01
3.555876e-01 -5.040000e-01
3.479619e-01 -5.030000e-01
3.403040e-01 -5.020000e-01
3.326137e-01 -5.010000e-01
3.248912e-01 -5.000000e-01
3.171364e-01 -4.990000e-01
3.093493e-01 -4.980000e-01
3.015298e-01 -4.970000e-01
2.936780e-01 -4.960000e-01
2.857938e-01 -4.950000e-01
2.853391e-01 -4.940000e-01
2.848671e-01 -4.930000e-01
2.843778e-01 -4.920000e-01
2.838713e-01 -4.910000e-01
2.833477e-01 -4.900000e-01
2.828071e-01 -4.890000e-01
2.822496e-01 -4.880000e-01
2.816752e-01 -4.870000e-01
2.810842e-01 -4.860000e-01
2.804765e-01 -4.850000e-01
2.798523e-01 -4.840000e-01
2.792116e-01 -4.830000e-01
2.785546e-01 -4.820000e-01
2.778813e-01 -4.810000e-01
2.771919e-01 -4.800000e-01
2.764865e-01 -4.790000e-01
2.757650e-01 -4.780000e-01
2.750277e-01 -4.770000e-01
2.742746e-01 -4.760000e-01
2.735059e-01 -4.750000e-01
2.727215e-01 -4.740000e-01
2.719217e-01 -4.730000e-01
2.711064e-01 -4.720000e-01
2.702758e-01 -4.710000e-01
2.694300e-01 -4.700000e-01
2.685691e-01 -4.690000e-01
2.676931e-01 -4.680000e-01
2.668022e-01 -4.670000e-01
2.658964e-01 -4.660000e-01
2.649759e-01 -4.650000e-01
2.640406e-01 -4.640000e-01
2.630908e-01 -4.630000e-01
2.621266e-01 -4.620000e-01
2.611479e-01 -4.610000e-01
2.601549e-01 -4.600000e-01
2.591476e-01 -4.590000e-01
2.581263e-01 -4.580000e-01
2.570909e-01 -4.570000e-01
2.560415e-01 -4.560000e-01
2.549783e-01 -4.550000e-01
2.539013e-01 -4.540000e-01
2.528106e-01 -4.530000e-01
2.517064e-01 -4.520000e-01
2.505886e-01 -4.510000e-01
2.494574e-01 -4.500000e-01
2.483128e-01 -4.490000e-01
2.471551e-01 -4.480000e-01
2.459841e-01 -4.470000e-01
2.448001e-01 -4.460000e-01
2.436031e-01 -4.450000e-01
2.423932e-01 -4.440000e-01
2.411705e-01 -4.430000e-01
2.399351e-01 -4.420000e-01
2.386870e-01 -4.410000e-01
2.374264e-01 -4.400000e-01
2.361533e-01 -4.390000e-01
2.348679e-01 -4.380000e-01
2.335701e-01 -4.370000e-01
2.322601e-01 -4.360000e-01
2.309381e-01 -4.350000e-01
2.296039e-01 -4.340000e-01
2.282578e-01 -4.330000e-01
2.268999e-01 -4.320000e-01
2.255302e-01 -4.310000e-01
2.241487e-01 -4.300000e-01
2.227557e-01 -4.290000e-01
2.213511e-01 -4.280000e-01
2.199350e-01 -4.270000e-01
2.185076e-01 -4.260000e-01
2.170689e-01 -4.250000e-01
2.156190e-01 -4.240000e-01
2.141580e-01 -4.230000e-01
2.126860e-01 -4.220000e-01
2.112030e-01 -4.210000e-01
2.097091e-01 -4.200000e-01
2.082044e-01 -4.190000e-01
2.066891e-01 -4.180000e-01
2.051631e-01 -4.170000e-01
2.036265e-01 -4.160000e-01
2.020795e-01 -4.150000e-01
2.005221e-01 -4.140000e-01
1.989545e-01 -4.130000e-01
1.973765e-01 -4.120000e-01
1.957885e-01 -4.110000e-01
1.941904e-01 -4.100000e-01
1.925823e-01 -4.090000e-01
1.909643e-01 -4.080000e-01
1.893365e-01 -4.070000e-01
1.876989e-01 -4.060000e-01
1.860517e-01 -4.050000e-01
1.843948e-01 -4.040000e-01
1.827285e-01 -4.030000e-01
1.810528e-01 -4.020000e-01
1.793677e-01 -4.010000e-01
1.776733e-01 -4.000000e-01
1.759698e-01 -3.990000e-01
1.742571e-01 -3.980000e-01
1.725354e-01 -3.970000e-01
1.708047e-01 -3.960000e-01
1.690652e-01 -3.950000e-01
1.673168e-01 -3.940000e-01
1.655597e-01 -3.930000e-01
1.637940e-01 -3.920000e-01
1.620197e-01 -3.910000e-01
1.602369e-01 -3.900000e-01
1.584456e-01 -3.890000e-01
1.566461e-01 -3.880000e-01
1.548382e-01 -3.870000e-01
1.530222e-01 -3.860000e-01
1.511980e-01 -3.850000e-01
1.493658e-01 -3.840000e-01
1.475256e-01 -3.830000e-01
1.456775e-01 -3.820000e-01
1.438217e-01 -3.810000e-01
1.419580e-01 -3.800000e-01
1.400867e-01 -3.790000e-01
1.382078e-01 -3.780000e-01
1.363214e-01 -3.770000e-01
1.344275e-01 -3.760000e-01
1.325263e-01 -3.750000e-01
1.306177e-01 -3.740000e-01
1.287019e-01 -3.730000e-01
1.267790e-01 -3.720000e-01
1.248490e-01 -3.710000e-01
1.229120e-01 -3.700000e-01
1.209680e-01 -3.690000e-01
1.190172e-01 -3.680000e-01
1.170595e-01 -3.670000e-01
1.150952e-01 -3.660000e-01
1.131242e-01 -3.650000e-01
1.111466e-01 -3.640000e-01
1.091626e-01 -3.630000e-01
1.071721e-01 -3.620000e-01
1.051752e-01 -3.610000e-01
1.031720e-01 -3.600000e-01
1.011626e-01 -3.590000e-01
9.914711e-02 -3.580000e-01
9.712550e-02 -3.570000e-01
9.509788e-02 -3.560000e-01
9.306432e-02 -3.550000e-01
9.102489e-02 -3.540000e-01
8.897965e-02 -3.530000e-01
8.692869e-02 -3.520000e-01
8.487207e-02 -3.510000e-01
8.280986e-02 -3.500000e-01
8.074212e-02 -3.490000e-01
7.866893e-02 -3.480000e-01
7.659036e-02 -3.470000e-01
7.450647e-02 -3.460000e-01
7.241734e-02 -3.450000e-01
7.032302e-02 -3.440000e-01
6.822360e-02 -3.430000e-01
6.611913e-02 -3.420000e-01
6.400968e-02 -3.410000e-01
6.189533e-02 -3.400000e-01
5.977614e-02 -3.390000e-01
5.765218e-02 -3.380000e-01
5.552351e-02 -3.370000e-01
5.339021e-02 -3.360000e-01
5.125233e-02 -3.350000e-01
4.910995e-02 -3.340000e-01
4.696313e-02 -3.330000e-01
4.481194e-02 -3.320000e-01
4.265644e-02 -3.310000e-01
4.049671e-02 -3.300000e-01
3.833280e-02 -3.290000e-01
3.616478e-02 -3.280000e-01
3.399273e-02 -3.270000e-01
3.181669e-02 -3.260000e-01
2.963675e-02 -3.250000e-01
2.745296e-02 -3.240000e-01
2.526539e-02 -3.230000e-01
2.307411e-02 -3.220000e-01
2.087918e-02 -3.210000e-01
1.868066e-02 -3.200000e-01
1.647862e-02 -3.190000e-01
1.427312e-02 -3.180000e-01
1.206423e-02 -3.170000e-01
9.852014e-03 -3.160000e-01
7.636534e-03 -3.150000e-01
5.417853e-03 -3.140000e-01
3.196036e-03 -3.130000e-01
9.711468e-04 -3.120000e-01
-1.256751e-03 -3.110000e-01
-3.487595e-03 -3.100000e-01
-5.721321e-03 -3.090000e-01
-7.957865e-03 -3.080000e-01
-1.019717e-02 -3.070000e-01
-1.243916e-02 -3.060000e-01
-1.468378e-02 -3.050000e-01
-1.693097e-02 -3.040000e-01
-1.918067e-02 -3.030000e-01
-2.143280e-02 -3.020000e-01
-2.368732e-02 -3.010000e-01
-2.594415e-02 -3.000000e-01
-2.820324e-02 -2.990000e-01
-3.046452e-02 -2.980000e-01
-3.272793e-02 -2.970000e-01
-3.499341e-02 -2.960000e-01
-3.726089e-02 -2.950000e-01
-3.953032e-02 -2.940000e-01
-4.180163e-02 -2.930000e-01
-4.407477e-02 -2.920000e-01
-4.634966e-02 -2.910000e-01
-4.862625e-02 -2.900000e-01
-5.090448e-02 -2.890000e-01
-5.318428e-02 -2.880000e-01
-5.546559e-02 -2.870000e-01
-5.774836e-02 -2.860000e-01
-6.003251e-02 -2.850000e-01
-6.231800e-02 -2.840000e-01
-6.460475e-02 -2.830000e-01
-6.689271e-02 -2.820000e-01
-6.918182e-02 -2.810000e-01
-7.147201e-02 -2.800000e-01
-7.376322e-02 -2.790000e-01
-7.605539e-02 -2.780000e-01
-7.834847e-02 -2.770000e-01
-8.064239e-02 -2.760000e-01
-8.293708e-02 -2.750000e-01
-8.523249e-02 -2.740000e-01
-8.752856e-02 -2.730000e-01
-8.982522e-02 -2.720000e-01
-9.212242e-02 -2.710000e-01
-9.442009e-02 -2.700000e-01
-9.671817e-02 -2.690000e-01
-9.901660e-02 -2.680000e-01
-1.013153e-01 -2.670000e-01
-1.036143e-01 -2.660000e-01
-1.059134e-01 -2.650000e-01
-1.082126e-01 -2.640000e-01
-1.105119e-01 -2.630000e-01
-1.128111e-01 -2.620000e-01
-1.151103e-01 -2.610000e-01
-1.174093e-01 -2.600000e-01
-1.197081e-01 -2.590000e-01
-1.220067e-01 -2.580000e-01
-1.243049e-01 -2.570000e-01
-1.266027e-01 -2.560000e-01
-1.289001e-01 -2.550000e-01
-1.311969e-01 -2.540000e-01
-1.334932e-01 -2.530000e-01
-1.357889e-01 -2.520000e-01
-1.380838e-01 -2.510000e-01
-1.403780e-01 -2.500000e-01
-1.426713e-01 -2.490000e-01
-1.449637e-01 -2.480000e-01
-1.472552e-01 -2.470000e-01
-1.495457e-01 -2.460000e-01
-1.518351e-01 -2.450000e-01
-1.541233e-01 -2.440000e-01
-1.564103e-01 -2.430000e-01
-1.586960e-01 -2.420000e-01
-1.609804e-01 -2.410000e-01
-1.632634e-01 -2.400000e-01
-1.655448e-01 -2.390000e-01
-1.678248e-01 -2.380000e-01
-1.701031e-01 -2.370000e-01
-1.723798e-01 -2.360000e-01
-1.746547e-01 -2.350000e-01
-1.769278e-01 -2.340000e-01
-1.791990e-01 -2.330000e-01
-1.814682e-01 -2.320000e-01
-1.837355e-01 -2.310000e-01
-1.860006e-01 -2.300000e-01
-1.882636e-01 -2.290000e-01
-1.905244e-01 -2.280000e-01
-1.927829e-01 -2.270000e-01
-1.950390e-01 -2.260000e-01
-1.972927e-01 -2.250000e-01
-1.995438e-01 -2.240000e-01
-2.017924e-01 -2.230000e-01
-2.040383e-01 -2.220000e-01
-2.062815e-01 -2.210000e-01
-2.085219e-01 -2.200000e-01
-2.107594e-01 -2.190000e-01
-2.129940e-01 -2.180000e-01
-2.152255e-01 -2.170000e-01
-2.174539e-01 -2.160000e-01
-2.196791e-01 -2.150000e-01
-2.219011e-01 -2.140000e-01
-2.241197e-01 -2.130000e-01
-2.263349e-01 -2.120000e-01
-2.285466e-01 -2.110000e-01
-2.307547e-01 -2.100000e-01
-2.329592e-01 -2.090000e-01
-2.351599e-01 -2.080000e-01
-2.373567e-01 -2.070000e-01
-2.395497e-01 -2.060000e-01
-2.417386e-01 -2.050000e-01
-2.439235e-01 -2.040000e-01
-2.461042e-01 -2.030000e-01
-2.482806e-01 -2.020000e-01
-2.504527e-01 -2.010000e-01
-2.526204e-01 -2.000000e-01
-2.547835e-01 -1.990000e-01
-2.569419e-01 -1.980000e-01
-2.590957e-01 -1.970000e-01
-2.612447e-01 -1.960000e-01
-2.633887e-01 -1.950000e-01
-2.655277e-01 -1.940000e-01
-2.676617e-01 -1.930000e-01
-2.697904e-01 -1.920000e-01
-2.719138e-01 -1.910000e-01
-2.740318e-01 -1.900000e-01
-2.761443e-01 -1.890000e-01
-2.782512e-01 -1.880000e-01
-2.803523e-01 -1.870000e-01
-2.824476e-01 -1.860000e-01
-2.845370e-01 -1.850000e-01
-2.866203e-01 -1.840000e-01
-2.886975e-01 -1.830000e-01
-2.907684e-01 -1.820000e-01
-2.928329e-01 -1.810000e-01
-2.948908e-01 -1.800000e-01
-2.969422e-01 -1.790000e-01
-2.989867e-01 -1.780000e-01
-3.010244e-01 -1.770000e-01
-3.030551e-01 -1.760000e-01
-3.050787e-01 -1.750000e-01
-3.070950e-01 -1.740000e-01
-3.091039e-01 -1.730000e-01
-3.111052e-01 -1.720000e-01
-3.130989e-01 -1.710000e-01
-3.150848e-01 -1.700000e-01
-3.170628e-01 -1.690000e-01
-3.190326e-01 -1.680000e-01
-3.209943e-01 -1.670000e-01
-3.229475e-01 -1.660000e-01
-3.248922e-01 -1.650000e-01
-3.268282e-01 -1.640000e-01
-3.287554e-01 -1.630000e-01
-3.306736e-01 -1.620000e-01
-3.325826e-01 -1.610000e-01
-3.344823e-01 -1.600000e-01
-3.363725e-01 -1.590000e-01
-3.382530e-01 -1.580000e-01
-3.401237e-01 -1.570000e-01
-3.419843e-01 -1.560000e-01
-3.438348e-01 -1.550000e-01
-3.456748e-01 -1.540000e-01
-3.475043e-01 -1.530000e-01
-3.493230e-01 -1.520000e-01
-3.511308e-01 -1.510000e-01
-3.529274e-01 -1.500000e-01
-3.547126e-01 -1.490000e-01
-3.564863e-01 -1.480000e-01
-3.582482e-01 -1.470000e-01
-3.599980e-01 -1.460000e-01
-3.617357e-01 -1.450000e-01
-3.634609e-01 -1.440000e-01
-3.651734e-01 -1.430000e-01
-3.668731e-01 -1.420000e-01
-3.685596e-01 -1.410000e-01
-3.702326e-01 -1.400000e-01
-3.718921e-01 -1.390000e-01
-3.735376e-01 -1.380000e-01
-3.751690e-01 -1.370000e-01
-3.767860e-01 -1.360000e-01
-3.783883e-01 -1.350000e-01
-3.799756e-01 -1.340000e-01
-3.815476e-01 -1.330000e-01
-3.831041e-01 -1.320000e-01
-3.846447e-01 -1.310000e-01
-3.861692e-01 -1.300000e-01
-3.876773e-01 -1.290000e-01
-3.891685e-01 -1.280000e-01
-3.906427e-01 -1.270000e-01
-3.920994e-01 -1.260000e-01
-3.935384e-01 -1.250000e-01
-3.949592e-01 -1.240000e-01
-3.963615e-01 -1.230000e-01
-3.977450e-01 -1.220000e-01
-3.991093e-01 -1.210000e-01
-4.004540e-01 -1.200000e-01
-4.017787e-01 -1.190000e-01
-4.030829e-01 -1.180000e-01
-4.043664e-01 -1.170000e-01
-4.056287e-01 -1.160000e-01
-4.068692e-01 -1.150000e-01
-4.080877e-01 -1.140000e-01
-4.092836e-01 -1.130000e-01
-4.104564e-01 -1.120000e-01
-4.116058e-01 -1.110000e-01
-4.127311e-01 -1.100000e-01
-4.138319e-01 -1.090000e-01
-4.149077e-01 -1.080000e-01
-4.159580e-01 -1.070000e-01
-4.169821e-01 -1.060000e-01
-4.179796e-01 -1.050000e-01
-4.189498e-01 -1.040000e-01
-4.198922e-01 -1.030000e-01
-4.208061e-01 -1.020000e-01
-4.216910e-01 -1.010000e-01
-4.225461e-01 -1.000000e-01
-4.233709e-01 -9.900000e-02
-4.241647e-01 -9.800000e-02
-4.249266e-01 -9.700000e-02
-4.256561e-01 -9.600000e-02
-4.263524e-01 -9.500000e-02
-4.270147e-01 -9.400000e-02
-4.276422e-01 -9.300000e-02
-4.282341e-01 -9.200000e-02
-4.287897e-01 -9.100000e-02
-4.293079e-01 -9.000000e-02
-4.297880e-01 -8.900000e-02
-4.302290e-01 -8.800000e-02
-4.306299e-01 -8.700000e-02
-4.309899e-01 -8.600000e-02
-4.313078e-01 -8.500000e-02
-4.315827e-01 -8.400000e-02
-4.318135e-01 -8.300000e-02
-4.319991e-01 -8.200000e-02
-4.321382e-01 -8.100000e-02
-4.322298e-01 -8.000000e-02
-4.322726e-01 -7.900000e-02
-4.322653e-01 -7.800000e-02
-4.322067e-01 -7.700000e-02
-4.320953e-01 -7.600000e-02
-4.319298e-01 -7.500000e-02
-4.317086e-01 -7.400000e-02
-4.314303e-01 -7.300000e-02
-4.310933e-01 -7.200000e-02
-4.306960e-01 -7.100000e-02
-4.302367e-01 -7.000000e-02
-4.297136e-01 -6.900000e-02
-4.291248e-01 -6.800000e-02
-4.284686e-01 -6.700000e-02
-4.277428e-01 -6.600000e-02
-4.269455e-01 -6.500000e-02
-4.260746e-01 -6.400000e-02
-4.251276e-01 -6.300000e-02
-4.241025e-01 -6.200000e-02
-4.229966e-01 -6.100000e-02
-4.218076e-01 -6.000000e-02
-4.205326e-01 -5.900000e-02
-4.191691e-01 -5.800000e-02
-4.177140e-01 -5.700000e-02
-4.161644e-01 -5.600000e-02
-4.145171e-01 -5.500000e-02
-4.127687e-01 -5.400000e-02
-4.109158e-01 -5.300000e-02
-4.089547e-01 -5.200000e-02
-4.068817e-01 -5.100000e-02
-4.046925e-01 -5.000000e-02
-4.023831e-01 -4.900000e-02
-3.999488e-01 -4.800000e-02
-3.973851e-01 -4.700000e-02
-3.946869e-01 -4.600000e-02
-3.918490e-01 -4.500000e-02
-3.888657e-01 -4.400000e-02
-3.857313e-01 -4.300000e-02
-3.824395e-01 -4.200000e-02
-3.789836e-01 -4.100000e-02
-3.753566e-01 -4.000000e-02
-3.715511e-01 -3.900000e-02
-3.675591e-01 -3.800000e-02
-3.633720e-01 -3.700000e-02
-3.589809e-01 -3.600000e-02
-3.543759e-01 -3.500000e-02
-3.495466e-01 -3.400000e-02
-3.444820e-01 -3.300000e-02
-3.391698e-01 -3.200000e-02
-3.335973e-01 -3.100000e-02
-3.277503e-01 -3.000000e-02
-3.216137e-01 -2.900000e-02
-3.151711e-01 -2.800000e-02
-3.084047e-01 -2.700000e-02
-3.012949e-01 -2.600000e-02
-2.938205e-01 -2.500000e-02
-2.859581e-01 -2.400000e-02
-2.776821e-01 -2.300000e-02
-2.689641e-01 -2.200000e-02
-2.597730e-01 -2.100000e-02
-2.500738e-01 -2.000000e-02
-2.398278e-01 -1.900000e-02
-2.289914e-01 -1.800000e-02
-2.175156e-01 -1.700000e-02
-2.053449e-01 -1.600000e-02
-1.924163e-01 -1.500000e-02
-1.786574e-01 -1.400000e-02
-1.639847e-01 -1.300000e-02
-1.483013e-01 -1.200000e-02
-1.314936e-01 -1.100000e-02
-1.134272e-01 -1.000000e-02
-9.394118e-02 -9.000000e-03
-7.284101e-02 -8.000000e-03
-4.988782e-02 -7.000000e-03
-2.478370e-02 -6.000000e-03
2.849939e-03 -5.000000e-03
3.350509e-02 -4.000000e-03
6.783851e-02 -3.000000e-03
1.067565e-01 -2.000000e-03
1.515630e-01 -1.000000e-03
2.042394e-01 8.812395e-16
1.531086e-01 1.000000e-03
1.098477e-01 2.000000e-03
7.247523e-02 3.000000e-03
3.968734e-02 4.000000e-03
1.057770e-02 5.000000e-03
-1.551048e-02 6.000000e-03
-3.906919e-02 7.000000e-03
-6.047703e-02 8.000000e-03
-8.003191e-02 9.000000e-03
-9.797269e-02 1.000000e-02
-1.144940e-01 1.100000e-02
-1.297567e-01 1.200000e-02
-1.438951e-01 1.300000e-02
-1.570229e-01 1.400000e-02
-1.692372e-01 1.500000e-02
-1.806212e-01 1.600000e-02
-1.912474e-01 1.700000e-02
-2.011788e-01 1.800000e-02
-2.104711e-01 1.900000e-02
-2.191731e-01 2.000000e-02
-2.273284e-01 2.100000e-02
-2.349759e-01 2.200000e-02
-2.421503e-01 2.300000e-02
-2.488830e-01 2.400000e-02
-2.552023e-01 2.500000e-02
-2.611338e-01 2.600000e-02
-2.667009e-01 2.700000e-02
-2.719249e-01 2.800000e-02
-2.768252e-01 2.900000e-02
-2.814198e-01 3.000000e-02
-2.857251e-01 3.100000e-02
-2.897561e-01 3.200000e-02
-2.935270e-01 3.300000e-02
-2.970507e-01 3.400000e-02
-3.003393e-01 3.500000e-02
-3.034039e-01 3.600000e-02
-3.062550e-01 3.700000e-02
-3.089023e-01 3.800000e-02
-3.113548e-01 3.900000e-02
-3.136212e-01 4.000000e-02
-3.157093e-01 4.100000e-02
-3.176267e-01 4.200000e-02
-3.193804e-01 4.300000e-02
-3.209771e-01 4.400000e-02
-3.224229e-01 4.500000e-02
-3.237238e-01 4.600000e-02
-3.248853e-01 4.700000e-02
-3.259128e-01 4.800000e-02
-3.268111e-01 4.900000e-02
-3.275851e-01 5.000000e-02
-3.282392e-01 5.100000e-02
-3.287776e-01 5.200000e-02
-3.292045e-01 5.300000e-02
-3.295236e-01 5.400000e-02
-3.297387e-01 5.500000e-02
-3.298531e-01 5.600000e-02
-3.298703e-01 5.700000e-02
-3.297935e-01 5.800000e-02
-3.296256e-01 5.900000e-02
-3.293695e-01 6.000000e-02
-3.290281e-01 6.100000e-02
-3.286040e-01 6.200000e-02
-3.280997e-01 6.300000e-02
-3.275177e-01 6.400000e-02
-3.268602e-01 6.500000e-02
-3.261297e-01 6.600000e-02
-3.253281e-01 6.700000e-02
-3.244576e-01 6.800000e-02
-3.235201e-01 6.900000e-02
-3.225176e-01 7.000000e-02
-3.214519e-01 7.100000e-02
-3.203247e-01 7.200000e-02
-3.191378e-01 7.300000e-02
-3.178928e-01 7.400000e-02
-3.165913e-01 7.500000e-02
-3.152348e-01 7.600000e-02
-3.138248e-01 7.700000e-02
-3.123627e-01 7.800000e-02
-3.108498e-01 7.900000e-02
-3.092876e-01 8.000000e-02
-3.076771e-01 8.100000e-02
-3.060198e-01 8.200000e-02
-3.043168e-01 8.300000e-02
-3.025693e-01 8.400000e-02
-3.007783e-01 8.500000e-02
-2.989450e-01 8.600000e-02
-2.970704e-01 8.700000e-02
-2.951555e-01 8.800000e-02
-2.932013e-01 8.900000e-02
-2.912087e-01 9.000000e-02
-2.891788e-01 9.100000e-02
-2.871123e-01 9.200000e-02
-2.850101e-01 9.300000e-02
-2.828732e-01 9.400000e-02
-2.807022e-01 9.500000e-02
-2.784981e-01 9.600000e-02
-2.762615e-01 9.700000e-02
-2.739933e-01 9.800000e-02
-2.716941e-01 9.900000e-02
-2.693647e-01 1.000000e-01
-2.670057e-01 1.010000e-01
-2.646179e-01 1.020000e-01
-2.622018e-01 1.030000e-01
-2.597582e-01 1.040000e-01
-2.572875e-01 1.050000e-01
-2.547905e-01 1.060000e-01
-2.522678e-01 1.070000e-01
-2.497198e-01 1.080000e-01
-2.471471e-01 1.090000e-01
-2.445503e-01 1.100000e-01
-2.419299e-01 1.110000e-01
-2.392865e-01 1.120000e-01
-2.366204e-01 1.130000e-01
-2.339323e-01 1.140000e-01
-2.312225e-01 1.150000e-01
-2.284916e-01 1.160000e-01
-2.257400e-01 1.170000e-01
-2.229681e-01 1.180000e-01
-2.201764e-01 1.190000e-01
-2.173653e-01 1.200000e-01
-2.145352e-01 1.210000e-01
-2.116865e-01 1.220000e-01
-2.088196e-01 1.230000e-01
-2.059349e-01 1.240000e-01
-2.030327e-01 1.250000e-01
-2.001134e-01 1.260000e-01
-1.971774e-01 1.270000e-01
-1.942251e-01 1.280000e-01
-1.912567e-01 1.290000e-01
-1.882726e-01 1.300000e-01
-1.852731e-01 1.310000e-01
-1.822585e-01 1.320000e-01
-1.792293e-01 1.330000e-01
-1.761855e-01 1.340000e-01
-1.731277e-01 1.350000e-01
-1.700560e-01 1.360000e-01
-1.669707e-01 1.370000e-01
-1.638722e-01 1.380000e-01
-1.607606e-01 1.390000e-01
-1.576363e-01 1.400000e-01
-1.544995e-01 1.410000e-01
-1.513506e-01 1.420000e-01
-1.481896e-01 1.430000e-01
-1.450170e-01 1.440000e-01
-1.418329e-01 1.450000e-01
-1.386375e-01 1.460000e-01
-1.354311e-01 1.470000e-01
-1.322140e-01 1.480000e-01
-1.289864e-01 1.490000e-01
-1.257484e-01 1.500000e-01
-1.225002e-01 1.510000e-01
-1.192422e-01 1.520000e-01
-1.159745e-01 1.530000e-01
-1.126974e-01 1.540000e-01
-1.094109e-01 1.550000e-01
-1.061154e-01 1.560000e-01
-1.028109e-01 1.570000e-01
-9.949775e-02 1.580000e-01
-9.617608e-02 1.590000e-01
-9.284607e-02 1.600000e-01
-8.950791e-02 1.610000e-01
-8.616177e-02 1.620000e-01
-8.280782e-02 1.630000e-01
-7.944623e-02 1.640000e-01
-7.607718e-02 1.650000e-01
-7.270083e-02 1.660000e-01
-6.931734e-02 1.670000e-01
-6.592687e-02 1.680000e-01
-6.252958e-02 1.690000e-01
-5.912561e-02 1.700000e-01
-5.571514e-02 1.710000e-01
-5.229829e-02 1.720000e-01
-4.887523e-02 1.730000e-01
-4.544609e-02 1.740000e-01
-4.201102e-02 1.750000e-01
-3.857016e-02 1.760000e-01
-3.512365e-02 1.770000e-01
-3.167162e-02 1.780000e-01
-2.821421e-02 1.790000e-01
-2.475155e-02 1.800000e-01
-2.128378e-02 1.810000e-01
-1.781101e-02 1.820000e-01
-1.433338e-02 1.830000e-01
-1.085102e-02 1.840000e-01
-7.364039e-03 1.850000e-01
-3.872569e-03 1.860000e-01
-3.767265e-04 1.870000e-01
3.123369e-03 1.880000e-01
6.627600e-03 1.890000e-01
1.013585e-02 1.900000e-01
1.364801e-02 1.910000e-01
1.716396e-02 1.920000e-01
2.068360e-02 1.930000e-01
2.420680e-02 1.940000e-01
2.773347e-02 1.950000e-01
3.126350e-02 1.960000e-01
3.479678e-02 1.970000e-01
3.833320e-02 1.980000e-01
4.187266e-02 1.990000e-01
4.541507e-02 2.000000e-01
4.896031e-02 2.010000e-01
5.250829e-02 2.020000e-01
5.605891e-02 2.030000e-01
5.961207e-02 2.040000e-01
6.316767e-02 2.050000e-01
6.672561e-02 2.060000e-01
7.028581e-02 2.070000e-01
7.384817e-02 2.080000e-01
7.741259e-02 2.090000e-01
8.097898e-02 2.100000e-01
8.454724e-02 2.110000e-01
8.811730e-02 2.120000e-01
9.168905e-02 2.130000e-01
9.526242e-02 2.140000e-01
9.883730e-02 2.150000e-01
1.024136e-01 2.160000e-01
1.059913e-01 2.170000e-01
1.095702e-01 2.180000e-01
1.131503e-01 2.190000e-01
1.167314e-01 2.200000e-01
1.203136e-01 2.210000e-01
1.238967e-01 2.220000e-01
1.274807e-01 2.230000e-01
1.310653e-01 2.240000e-01
1.346507e-01 2.250000e-01
1.382366e-01 2.260000e-01
1.418231e-01 2.270000e-01
1.454100e-01 2.280000e-01
1.489972e-01 2.290000e-01
1.525847e-01 2.300000e-01
1.561723e-01 2.310000e-01
1.597601e-01 2.320000e-01
1.633479e-01 2.330000e-01
1.669357e-01 2.340000e-01
1.705233e-01 2.350000e-01
1.741108e-01 2.360000e-01
1.776979e-01 2.370000e-01
1.812847e-01 2.380000e-01
1.848711e-01 2.390000e-01
1.884569e-01 2.400000e-01
1.920422e-01 2.410000e-01
1.956268e-01 2.420000e-01
1.992107e-01 2.430000e-01
2.027937e-01 2.440000e-01
2.063759e-01 2.450000e-01
2.099571e-01 2.460000e-01
2.135373e-01 2.470000e-01
2.171164e-01 2.480000e-01
2.206943e-01 2.490000e-01
2.242710e-01 2.500000e-01
2.278463e-01 2.510000e-01
2.314202e-01 2.520000e-01
2.349926e-01 2.530000e-01
2.385635e-01 2.540000e-01
2.421328e-01 2.550000e-01
2.457004e-01 2.560000e-01
2.492663e-01 2.570000e-01
2.528302e-01 2.580000e-01
2.563923e-01 2.590000e-01
2.599525e-01 2.600000e-01
2.635105e-01 2.610000e-01
2.670665e-01 2.620000e-01
2.706202e-01 2.630000e-01
2.741717e-01 2.640000e-01
2.777208e-01 2.650000e-01
2.812676e-01 2.660000e-01
2.848118e-01 2.670000e-01
2.883535e-01 2.680000e-01
2.918926e-01 2.690000e-01
2.954290e-01 2.700000e-01
2.989627e-01 2.710000e-01
3.024935e-01 2.720000e-01
3.060213e-01 2.730000e-01
3.095463e-01 2.740000e-01
3.130681e-01 2.750000e-01
3.165869e-01 2.760000e-01
3.201024e-01 2.770000e-01
3.236147e-01 2.780000e-01
3.271237e-01 2.790000e-01
3.306293e-01 2.800000e-01
3.341313e-01 2.810000e-01
3.376299e-01 2.820000e-01
3.411248e-01 2.830000e-01
3.446160e-01 2.840000e-01
3.481035e-01 2.850000e-01
3.515872e-01 2.860000e-01
3.550669e-01 2.870000e-01
3.585427e-01 2.880000e-01
3.620144e-01 2.890000e-01
3.654820e-01 2.900000e-01
3.689454e-01 2.910000e-01
3.724046e-01 2.920000e-01
3.758594e-01 2.930000e-01
3.793098e-01 2.940000e-01
3.827558e-01 2.950000e-01
3.861972e-01 2.960000e-01
3.896340e-01 2.970000e-01
3.930661e-01 2.980000e-01
3.964934e-01 2.990000e-01
3.999159e-01 3.000000e-01
4.033334e-01 3.010000e-01
4.067460e-01 3.020000e-01
4.101536e-01 3.030000e-01
4.135560e-01 3.040000e-01
4.169532e-01 3.050000e-01
4.203451e-01 3.060000e-01
4.237317e-01 3.070000e-01
4.271129e-01 3.080000e-01
4.304886e-01 3.090000e-01
4.338587e-01 3.100000e-01
4.372231e-01 3.110000e-01
4.405819e-01 3.120000e-01
4.439348e-01 3.130000e-01
4.472819e-01 3.140000e-01
4.506231e-01 3.150000e-01
4.539582e-01 3.160000e-01
4.572873e-01 3.170000e-01
4.606102e-01 3.180000e-01
4.639268e-01 3.190000e-01
4.672372e-01 3.200000e-01
4.705412e-01 3.210000e-01
4.738386e-01 3.220000e-01
4.771296e-01 3.230000e-01
4.804140e-01 3.240000e-01
4.836916e-01 3.250000e-01
4.869625e-01 3.260000e-01
4.902265e-01 3.270000e-01
4.934837e-01 3.280000e-01
4.967338e-01 3.290000e-01
4.999769e-01 3.300000e-01
5.032128e-01 3.310000e-01
5.064415e-01 3.320000e-01
5.096629e-01 3.330000e-01
5.128769e-01 3.340000e-01
5.160834e-01 3.350000e-01
5.192824e-01 3.360000e-01
5.224738e-01 3.370000e-01
5.256575e-01 3.380000e-01
5.288335e-01 3.390000e-01
5.320016e-01 3.400000e-01
5.351618e-01 3.410000e-01
5.383139e-01 3.420000e-01
5.414580e-01 3.430000e-01
5.445939e-01 3.440000e-01
5.477216e-01 3.450000e-01
5.508409e-01 3.460000e-01
5.539519e-01 3.470000e-01
5.570544e-01 3.480000e-01
5.601483e-01 3.490000e-01
5.632335e-01 3.500000e-01
5.663101e-01 3.510000e-01
5.693778e-01 3.520000e-01
5.724367e-01 3.530000e-01
5.754866e-01 3.540000e-01
5.785274e-01 3.550000e-01
5.815592e-01 3.560000e-01
5.845817e-01 3.570000e-01
5.875949e-01 3.580000e-01
5.905987e-01 3.590000e-01
5.935931e-01 3.600000e-01
5.965780e-01 3.610000e-01
5.995532e-01 3.620000e-01
6.025187e-01 3.630000e-01
6.054745e-01 3.640000e-01
6.084204e-01 3.650000e-01
6.113563e-01 3.660000e-01
6.142822e-01 3.670000e-01
6.171980e-01 3.680000e-01
6.201035e-01 3.690000e-01
6.229988e-01 3.700000e-01
6.258837e-01 3.710000e-01
6.287581e-01 3.720000e-01
6.316221e-01 3.730000e-01
6.344753e-01 3.740000e-01
6.373179e-01 3.750000e-01
6.401497e-01 3.760000e-01
6.429705e-01 3.770000e-01
6.457805e-01 3.780000e-01
6.485793e-01 3.790000e-01
6.513670e-01 3.800000e-01
6.541435e-01 3.810000e-01
6.569087e-01 3.820000e-01
6.596625e-01 3.830000e-01
6.624048e-01 3.840000e-01
6.651355e-01 3.850000e-01
6.678545e-01 3.860000e-01
6.705618e-01 3.870000e-01
6.732572e-01 3.880000e-01
6.759408e-01 3.890000e-01
6.786123e-01 3.900000e-01
6.812717e-01 3.910000e-01
6.839189e-01 3.920000e-01
6.865538e-01 3.930000e-01
6.891764e-01 3.940000e-01
6.917864e-01 3.950000e-01
6.943840e-01 3.960000e-01
6.969689e-01 3.970000e-01
6.995410e-01 3.980000e-01
7.021004e-01 3.990000e-01
7.046468e-01 4.000000e-01
7.071802e-01 4.010000e-01
7.097006e-01 4.020000e-01
7.122077e-01 4.030000e-01
7.147016e-01 4.040000e-01
7.171821e-01 4.050000e-01
7.196491e-01 4.060000e-01
7.221026e-01 4.070000e-01
7.245424e-01 4.080000e-01
7.269685e-01 4.090000e-01
7.293808e-01 4.100000e-01
7.317791e-01 4.110000e-01
7.341634e-01 4.120000e-01
7.365336e-01 4.130000e-01
7.388896e-01 4.140000e-01
7.412313e-01 4.150000e-01
7.435586e-01 4.160000e-01
7.458714e-01 4.170000e-01
7.481697e-01 4.180000e-01
7.504532e-01 4.190000e-01
7.527220e-01 4.200000e-01
7.549759e-01 4.210000e-01
7.572149e-01 4.220000e-01
7.594387e-01 4.230000e-01
7.616475e-01 4.240000e-01
7.638409e-01 4.250000e-01
7.660191e-01 4.260000e-01
7.681817e-01 4.270000e-01
7.703289e-01 4.280000e-01
7.724604e-01 4.290000e-01
7.745761e-01 4.300000e-01
7.766760e-01 4.310000e-01
7.787600e-01 4.320000e-01
7.808280e-01 4.330000e-01
7.828798e-01 4.340000e-01
7.849154e-01 4.350000e-01
7.869346e-01 4.360000e-01
7.889374e-01 4.370000e-01
7.909237e-01 4.380000e-01
7.928934e-01 4.390000e-01
7.948463e-01 4.400000e-01
7.967825e-01 4.410000e-01
7.987016e-01 4.420000e-01
8.006038e-01 4.430000e-01
8.024888e-01 4.440000e-01
8.043566e-01 4.450000e-01
8.062071e-01 4.460000e-01
8.080401e-01 4.470000e-01
8.098556e-01 4.480000e-01
8.116534e-01 4.490000e-01
8.134335e-01 4.500000e-01
8.151957e-01 4.510000e-01
8.169401e-01 4.520000e-01
8.186663e-01 4.530000e-01
8.203744e-01 4.540000e-01
8.220642e-01 4.550000e-01
8.237357e-01 4.560000e-01
8.253887e-01 4.570000e-01
8.270232e-01 4.580000e-01
8.286389e-01 4.590000e-01
8.302359e-01 4.600000e-01
8.318140e-01 4.610000e-01
8.333731e-01 4.620000e-01
8.349131e-01 4.630000e-01
8.364339e-01 4.640000e-01
8.379354e-01 4.650000e-01
8.394175e-01 4.660000e-01
8.408800e-01 4.670000e-01
8.423229e-01 4.680000e-01
8.437461e-01 4.690000e-01
8.451495e-01 4.700000e-01
8.465328e-01 4.710000e-01
8.478962e-01 4.720000e-01
8.492393e-01 4.730000e-01
8.505622e-01 4.740000e-01
8.518647e-01 4.750000e-01
8.531467e-01 4.760000e-01
8.544080e-01 4.770000e-01
8.556487e-01 4.780000e-01
8.568685e-01 4.790000e-01
8.580675e-01 4.800000e-01
8.592453e-01 4.810000e-01
8.604020e-01 4.820000e-01
8.615375e-01 4.830000e-01
8.626515e-01 4.840000e-01
8.637441e-01 4.850000e-01
8.648151e-01 4.860000e-01
8.658643e-01 4.870000e-01
8.668918e-01 4.880000e-01
8.678972e-01 4.890000e-01
8.688807e-01 4.900000e-01
8.698420e-01 4.910000e-01
8.707810e-01 4.920000e-01
8.716976e-01 4.930000e-01
8.725917e-01 4.940000e-01
8.734632e-01 4.950000e-01
8.817590e-01 4.960000e-01
8.900173e-01 4.970000e-01
8.982378e-01 4.980000e-01
9.064208e-01 4.990000e-01
9.145661e-01 5.000000e-01
9.226738e-01 5.010000e-01
9.307439e-01 5.020000e-01
9.387763e-01 5.030000e-01
9.467711e-01 5.040000e-01
9.547282e-01 5.050000e-01
9.626477e-01 5.060000e-01
9.705295e-01 5.070000e-01
9.783736e-01 5.080000e-01
9.861801e-01 5.090000e-01
9.939489e-01 5.100000e-01
1.001680e+00 5.110000e-01
1.009373e+00 5.120000e-01
1.017029e+00 5.130000e-01
1.024647e+00 5.140000e-01
1.032227e+00 5.150000e-01
1.039769e+00 5.160000e-01
1.047274e+00 5.170000e-01
1.054740e+00 5.180000e-01
1.062169e+00 5.190000e-01
1.069560e+00 5.200000e-01
1.076913e+00 5.210000e-01
1.084228e+00 5.220000e-01
1.091505e+00 5.230000e-01
1.098745e+00 5.240000e-01
1.105946e+00 5.250000e-01
1.113109e+00 5.260000e-01
1.120234e+00 5.270000e-01
1.127321e+00 5.280000e-01
1.134370e+00 5.290000e-01
1.141381e+00 5.300000e-01
1.148354e+00 5.310000e-01
1.155288e+00 5.320000e-01
1.162184e+00 5.330000e-01
1.169042e+00 5.340000e-01
1.175862e+00 5.350000e-01
1.182643e+00 5.360000e-01
1.189386e+00 5.370000e-01
1.196090e+00 5.380000e-01
1.202756e+00 5.390000e-01
1.209384e+00 5.400000e-01
1.215972e+00 5.410000e-01
1.222523e+00 5.420000e-01
1.229034e+00 5.430000e-01
1.235507e+00 5.440000e-01
1.241941e+00 5.450000e-01
1.248337e+00 5.460000e-01
1.254693e+00 5.470000e-01
1.261011e+00 5.480000e-01
1.267290e+00 5.490000e-01
1.273530e+00 5.500000e-01
1.279730e+00 5.510000e-01
1.285892e+00 5.520000e-01
1.292015e+00 5.530000e-01
1.298098e+00 5.540000e-01
1.304142e+00 5.550000e-01
1.310147e+00 5.560000e-01
1.316113e+00 5.570000e-01
1.322039e+00 5.580000e-01
1.327926e+00 5.590000e-01
1.333774e+00 5.600000e-01
1.339581e+00 5.610000e-01
1.345350e+00 5.620000e-01
1.351078e+00 5.630000e-01
1.356767e+00 5.640000e-01
1.362416e+00 5.650000e-01
1.368025e+00 5.660000e-01
1.373595e+00 5.670000e-01
1.379124e+00 5.680000e-01
1.384614e+00 5.690000e-01
1.390063e+00 5.700000e-01
1.395472e+00 5.710000e-01
1.400841e+00 5.720000e-01
1.406170e+00 5.730000e-01
1.411459e+00 5.740000e-01
1.416707e+00 5.750000e-01
1.421914e+00 5.760000e-01
1.427081e+00 5.770000e-01
1.432208e+00 5.780000e-01
1.437294e+00 5.790000e-01
1.442339e+00 5.800000e-01
1.447343e+00 5.810000e-01
1.452307e+00 5.820000e-01
1.457230e+00 5.830000e-01
1.462111e+00 5.840000e-01
1.466952e+00 5.850000e-01
1.471752e+00 5.860000e-01
1.476510e+00 5.870000e-01
1.481227e+00 5.880000e-01
1.485903e+00 5.890000e-01
1.490537e+00 5.900000e-01
1.495130e+00 5.910000e-01
1.499682e+00 5.920000e-01
1.504192e+00 5.930000e-01
1.508660e+00 5.940000e-01
1.513086e+00 5.950000e-01
1.517471e+00 5.960000e-01
1.521814e+00 5.970000e-01
1.526114e+00 5.980000e-01
1.530373e+00 5.990000e-01
1.534590e+00 6.000000e-01
1.538764e+00 6.010000e-01
1.542896e+00 6.020000e-01
1.546986e+00 6.030000e-01
1.551034e+00 6.040000e-01
1.555039e+00 6.050000e-01
1.559001e+00 6.060000e-01
1.562921e+00 6.070000e-01
1.566798e+00 6.080000e-01
1.570633e+00 6.090000e-01
1.574424e+00 6.100000e-01
1.578173e+00 6.110000e-01
1.581878e+00 6.120000e-01
1.585541e+00 6.130000e-01
1.589160e+00 6.140000e-01
1.592736e+00 6.150000e-01
1.596269e+00 6.160000e-01
1.599758e+00 6.170000e-01
1.603204e+00 6.180000e-01
1.606607e+00 6.190000e-01
1.609966e+00 6.200000e-01
1.613281e+00 6.210000e-01
1.616552e+00 6.220000e-01
1.619780e+00 6.230000e-01
1.622963e+00 6.240000e-01
1.626103e+00 6.250000e-01
1.629198e+00 6.260000e-01
1.632250e+00 6.270000e-01
1.635257e+00 6.280000e-01
1.638219e+00 6.290000e-01
1.641138e+00 6.300000e-01
1.644012e+00 6.310000e-01
1.646841e+00 6.320000e-01
1.649626e+00 6.330000e-01
1.652366e+00 6.340000e-01
1.655061e+00 6.350000e-01
1.657712e+00 6.360000e-01
1.660317e+00 6.370000e-01
1.662878e+00 6.380000e-01
1.665393e+00 6.390000e-01
1.667863e+00 6.400000e-01
1.670288e+00 6.410000e-01
1.672668e+00 6.420000e-01
1.675002e+00 6.430000e-01
1.677291e+00 6.440000e-01
1.679535e+00 6.450000e-01
1.681732e+00 6.460000e-01
1.683884e+00 6.470000e-01
1.685990e+00 6.480000e-01
1.688051e+00 6.490000e-01
1.690065e+00 6.500000e-01
1.692034e+00 6.510000e-01
1.693956e+00 6.520000e-01
1.695832e+00 6.530000e-01
1.697662e+00 6.540000e-01
1.699446e+00 6.550000e-01
1.701183e+00 6.560000e-01
1.702874e+00 6.570000e-01
1.704518e+00 6.580000e-01
1.706116e+00 6.590000e-01
1.707667e+00 6.600000e-01
1.709171e+00 6.610000e-01
1.710628e+00 6.620000e-01
1.712039e+00 6.630000e-01
1.713402e+00 6.640000e-01
1.714719e+00 6.650000e-01
1.715988e+00 6.660000e-01
1.717211e+00 6.670000e-01
1.718386e+00 6.680000e-01
1.719513e+00 6.690000e-01
1.720594e+00 6.700000e-01
1.721626e+00 6.710000e-01
1.722612e+00 6.720000e-01
1.723549e+00 6.730000e-01
1.724439e+00 6.740000e-01
1.725282e+00 6.750000e-01
1.726076e+00 6.760000e-01
1.726823e+00 6.770000e-01
1.727521e+00 6.780000e-01
1.728172e+00 6.790000e-01
1.728775e+00 6.800000e-01
1.729329e+00 6.810000e-01
1.729835e+00 6.820000e-01
1.730293e+00 6.830000e-01
1.730703e+00 6.840000e-01
1.731064e+00 6.850000e-01
1.731377e+00 6.860000e-01
1.731641e+00 6.870000e-01
1.731857e+00 6.880000e-01
1.732024e+00 6.890000e-01
1.732142e+00 6.900000e-01
1.732212e+00 6.910000e-01
1.732233e+00 6.920000e-01
1.732204e+00 6.930000e-01
1.732127e+00 6.940000e-01
1.732001e+00 6.950000e-01
1.731826e+00 6.960000e-01
1.731602e+00 6.970000e-01
1.731329e+00 6.980000e-01
1.731006e+00 6.990000e-01
1.730634e+00 7.000000e-01
1.730213e+00 7.010000e-01
1.729742e+00 7.020000e-01
1.729222e+00 7.030000e-01
1.728653e+00 7.040000e-01
1.728034e+00 7.050000e-01
1.727365e+00 7.060000e-01
1.726647e+00 7.070000e-01
1.725879e+00 7.080000e-01
1.725061e+00 7.090000e-01
1.724194e+00 7.100000e-01
1.723277e+00 7.110000e-01
1.722310e+00 7.120000e-01
1.721293e+00 7.130000e-01
1.720226e+00 7.140000e-01
1.719109e+00 7.150000e-01
1.717942e+00 7.160000e-01
1.716725e+00 7.170000e-01
1.715457e+00 7.180000e-01
1.714140e+00 7.190000e-01
1.712772e+00 7.200000e-01
1.711355e+00 7.210000e-01
1.709887e+00 7.220000e-01
1.708368e+00 7.230000e-01
1.706799e+00 7.240000e-01
1.705180e+00 7.250000e-01
1.703511e+00 7.260000e-01
1.701791e+00 7.270000e-01
1.700021e+00 7.280000e-01
1.698200e+00 7.290000e-01
1.696328e+00 7.300000e-01
1.694406e+00 7.310000e-01
1.692434e+00 7.320000e-01
1.690410e+00 7.330000e-01
1.688337e+00 7.340000e-01
1.686212e+00 7.350000e-01
1.684037e+00 7.360000e-01
1.681811e+00 7.370000e-01
1.679535e+00 7.380000e-01
1.677207e+00 7.390000e-01
1.674829e+00 7.400000e-01
1.672401e+00 7.410000e-01
1.669921e+00 7.420000e-01
1.667391e+00 7.430000e-01
1.664809e+00 7.440000e-01
1.662177e+00 7.450000e-01
1.659494e+00 7.460000e-01
1.656761e+00 7.470000e-01
1.653976e+00 7.480000e-01
1.651140e+00 7.490000e-01
1.648254e+00 7.500000e-01
1.645317e+00 7.510000e-01
1.642329e+00 7.520000e-01
1.639290e+00 7.530000e-01
1.636200e+00 7.540000e-01
1.633059e+00 7.550000e-01
1.629867e+00 7.560000e-01
1.626625e+00 7.570000e-01
1.623331e+00 7.580000e-01
1.619987e+00 7.590000e-01
1.616592e+00 7.600000e-01
1.613146e+00 7.610000e-01
1.609649e+00 7.620000e-01
1.606101e+00 7.630000e-01
1.602502e+00 7.640000e-01
1.598853e+00 7.650000e-01
1.595153e+00 7.660000e-01
1.591402e+00 7.670000e-01
1.587600e+00 7.680000e-01
1.583747e+00 7.690000e-01
1.579844e+00 7.700000e-01
1.575890e+00 7.710000e-01
1.571885e+00 7.720000e-01
1.567830e+00 7.730000e-01
1.563723e+00 7.740000e-01
1.559567e+00 7.750000e-01
1.555359e+00 7.760000e-01
1.551102e+00 7.770000e-01
1.546793e+00 7.780000e-01
1.542434e+00 7.790000e-01
1.538025e+00 7.800000e-01
1.533565e+00 7.810000e-01
1.529055e+00 7.820000e-01
1.524494e+00 7.830000e-01
1.519883e+00 7.840000e-01
1.515222e+00 7.850000e-01
1.510511e+00 7.860000e-01
1.505749e+00 7.870000e-01
1.500937e+00 7.880000e-01
1.496075e+00 7.890000e-01
1.491163e+00 7.900000e-01
1.486201e+00 7.910000e-01
1.481190e+00 7.920000e-01
1.476128e+00 7.930000e-01
1.471016e+00 7.940000e-01
1.465855e+00 7.950000e-01
1.460643e+00 7.960000e-01
1.455383e+00 7.970000e-01
1.450072e+00 7.980000e-01
1.444712e+00 7.990000e-01
1.439303e+00 8.000000e-01
1.433844e+00 8.010000e-01
1.428336e+00 8.020000e-01
1.422778e+00 8.030000e-01
1.417171e+00 8.040000e-01
1.411515e+00 8.050000e-01
1.405810e+00 8.060000e-01
1.400056e+00 8.070000e-01
1.394254e+00 8.080000e-01
1.388402e+00 8.090000e-01
1.382501e+00 8.100000e-01
1.376552e+00 8.110000e-01
1.370555e+00 8.120000e-01
1.364508e+00 8.130000e-01
1.358414e+00 8.140000e-01
1.352271e+00 8.150000e-01
1.346080e+00 8.160000e-01
1.339840e+00 8.170000e-01
1.333553e+00 8.180000e-01
1.327218e+00 8.190000e-01
1.320834e+00 8.200000e-01
1.314404e+00 8.210000e-01
1.307925e+00 8.220000e-01
1.301399e+00 8.230000e-01
1.294825e+00 8.240000e-01
1.288204e+00 8.250000e-01
1.281536e+00 8.260000e-01
1.274821e+00 8.270000e-01
1.268058e+00 8.280000e-01
1.261249e+00 8.290000e-01
1.254393e+00 8.300000e-01
1.247490e+00 8.310000e-01
1.240541e+00 8.320000e-01
1.233545e+00 8.330000e-01
1.226503e+00 8.340000e-01
1.219415e+00 8.350000e-01
1.212281e+00 8.360000e-01
1.205100e+00 8.370000e-01
1.197874e+00 8.380000e-01
1.190602e+00 8.390000e-01
1.183285e+00 8.400000e-01
1.175922e+00 8.410000e-01
1.168514e+00 8.420000e-01
1.161061e+00 8.430000e-01
1.153563e+00 8.440000e-01
1.146020e+00 8.450000e-01
1.138432e+00 8.460000e-01
1.130800e+00 8.470000e-01
1.123123e+00 8.480000e-01
1.115402e+00 8.490000e-01
1.107636e+00 8.500000e-01
1.099827e+00 8.510000e-01
1.091974e+00 8.520000e-01
1.084077e+00 8.530000e-01
1.076137e+00 8.540000e-01
1.068153e+00 8.550000e-01
1.060126e+00 8.560000e-01
1.052056e+00 8.570000e-01
1.043943e+00 8.580000e-01
1.035787e+00 8.590000e-01
1.027589e+00 8.600000e-01
1.019348e+00 8.610000e-01
1.011065e+00 8.620000e-01
1.002741e+00 8.630000e-01
9.943737e-01 8.640000e-01
9.859652e-01 8.650000e-01
9.775151e-01 8.660000e-01
9.690236e-01 8.670000e-01
9.604910e-01 8.680000e-01
9.519174e-01 8.690000e-01
9.433029e-01 8.700000e-01
9.346478e-01 8.710000e-01
9.259523e-01 8.720000e-01
9.172164e-01 8.730000e-01
9.084405e-01 8.740000e-01
8.996248e-01 8.750000e-01
8.907693e-01 8.760000e-01
8.818743e-01 8.770000e-01
8.729400e-01 8.780000e-01
8.639667e-01 8.790000e-01
8.549544e-01 8.800000e-01
8.459034e-01 8.810000e-01
8.368138e-01 8.820000e-01
8.276860e-01 8.830000e-01
8.185201e-01 8.840000e-01
8.093163e-01 8.850000e-01
8.000748e-01 8.860000e-01
7.907958e-01 8.870000e-01
7.814795e-01 8.880000e-01
7.721262e-01 8.890000e-01
7.627361e-01 8.900000e-01
7.533093e-01 8.910000e-01
7.438461e-01 8.920000e-01
7.343467e-01 8.930000e-01
7.248114e-01 8.940000e-01
7.152402e-01 8.950000e-01
7.056336e-01 8.960000e-01
6.959917e-01 8.970000e-01
6.863146e-01 8.980000e-01
6.766027e-01 8.990000e-01
6.668562e-01 9.000000e-01
6.570753e-01 9.010000e-01
6.472602e-01 9.020000e-01
6.374112e-01 9.030000e-01
6.275285e-01 9.040000e-01
6.176123e-01 9.050000e-01
6.076629e-01 9.060000e-01
5.976805e-01 9.070000e-01
5.876653e-01 9.080000e-01
5.776176e-01 9.090000e-01
5.675377e-01 9.100000e-01
5.574257e-01 9.110000e-01
5.472819e-01 9.120000e-01
5.371065e-01 9.130000e-01
5.268999e-01 9.140000e-01
5.166622e-01 9.150000e-01
5.063937e-01 9.160000e-01
4.960946e-01 9.170000e-01
4.857652e-01 9.180000e-01
4.754058e-01 9.190000e-01
4.650165e-01 9.200000e-01
4.545977e-01 9.210000e-01
4.441496e-01 9.220000e-01
4.336725e-01 9.230000e-01
4.231665e-01 9.240000e-01
4.126321e-01 9.250000e-01
4.020694e-01 9.260000e-01
3.914786e-01 9.270000e-01
3.808601e-01 9.280000e-01
3.702141e-01 9.290000e-01
3.595409e-01 9.300000e-01
3.488407e-01 9.310000e-01
3.381138e-01 9.320000e-01
3.273604e-01 9.330000e-01
3.165809e-01 9.340000e-01
3.057755e-01 9.350000e-01
2.949444e-01 9.360000e-01
2.840879e-01 9.370000e-01
2.732064e-01 9.380000e-01
2.623000e-01 9.390000e-01
2.513690e-01 9.400000e-01
2.404137e-01 9.410000e-01
2.294344e-01 9.420000e-01
2.184313e-01 9.430000e-01
2.074047e-01 9.440000e-01
1.963549e-01 9.450000e-01
1.852822e-01 9.460000e-01
1.741868e-01 9.470000e-01
1.630690e-01 9.480000e-01
1.519290e-01 9.490000e-01
1.407672e-01 9.500000e-01
1.295839e-01 9.510000e-01
1.183792e-01 9.520000e-01
1.071535e-01 9.530000e-01
9.590706e-02 9.540000e-01
8.464013e-02 9.550000e-01
7.335300e-02 9.560000e-01
6.204594e-02 9.570000e-01
5.071923e-02 9.580000e-01
3.937316e-02 9.590000e-01
2.800798e-02 9.600000e-01
1.662399e-02 9.610000e-01
5.221455e-03 9.620000e-01
-6.199347e-03 9.630000e-01
-1.763814e-02 9.640000e-01
-2.909464e-02 9.650000e-01
-4.056858e-02 9.660000e-01
-5.205968e-02 9.670000e-01
-6.356766e-02 9.680000e-01
-7.509225e-02 9.690000e-01
-8.663317e-02 9.700000e-01
-9.819015e-02 9.710000e-01
-1.097629e-01 9.720000e-01
-1.213512e-01 9.730000e-01
-1.329547e-01 9.740000e-01
-1.445731e-01 9.750000e-01
-1.562062e-01 9.760000e-01
-1.678538e-01 9.770000e-01
-1.795154e-01 9.780000e-01
-1.911910e-01 9.790000e-01
-2.028801e-01 9.800000e-01
-2.145825e-01 9.810000e-01
-2.262980e-01 9.820000e-01
-2.380263e-01 9.830000e-01
-2.497670e-01 9.840000e-01
-2.615200e-01 9.850000e-01
-2.732850e-01 9.860000e-01
-2.850617e-01 9.870000e-01
-2.968498e-01 9.880000e-01
-3.086490e-01 9.890000e-01
-3.204592e-01 9.900000e-01
-3.322800e-01 9.910000e-01
-3.441112e-01 9.920000e-01
-3.559525e-01 9.930000e-01
-3.678037e-01 9.940000e-01
-3.796644e-01 9.950000e-01
-3.915345e-01 9.960000e-01
-4.034136e-01 9.970000e-01
-4.153016e-01 9.980000e-01
-4.271981e-01 9.990000e-01
