5.678502e+00 -1.000000e+00
1.400491e+00 -9.949875e-01
-2.458493e+00 -9.899749e-01
-2.321616e+00 -9.849624e-01
4.364369e-01 -9.799499e-01
5.080914e+00 -9.749373e-01
-5.321220e+00 -9.699248e-01
-1.724715e-01 -9.649123e-01
4.084673e-01 -9.598997e-01
-1.221150e+00 -9.548872e-01
-4.313981e-01 -9.498747e-01
9.525126e-01 -9.448622e-01
-9.749354e-01 -9.398496e-01
2.165373e+00 -9.348371e-01
-2.167979e+00 -9.298246e-01
-1.608894e+00 -9.248120e-01
-4.120088e+00 -9.197995e-01
2.496489e+00 -9.147870e-01
-5.046476e+00 -9.097744e-01
3.408275e+00 -9.047619e-01
-1.765369e+00 -8.997494e-01
3.808440e+00 -8.947368e-01
-3.746396e+00 -8.897243e-01
-3.377511e+00 -8.847118e-01
4.914369e+00 -8.796992e-01
9.777092e-03 -8.746867e-01
2.520066e+00 -8.696742e-01
5.813874e+00 -8.646617e-01
6.527878e+00 -8.596491e-01
4.256633e+00 -8.546366e-01
-1.805826e+00 -8.496241e-01
-6.374348e-01 -8.446115e-01
3.063289e+00 -8.395990e-01
4.215988e+00 -8.345865e-01
1.285487e+00 -8.295739e-01
5.354179e+00 -8.245614e-01
2.354725e+00 -8.195489e-01
-2.998849e+00 -8.145363e-01
-3.195566e+00 -8.095238e-01
2.204503e+00 -8.045113e-01
5.434542e+00 -7.994987e-01
-1.184347e-02 -7.944862e-01
1.786479e+00 -7.894737e-01
1.324879e+00 -7.844612e-01
1.106705e+00 -7.794486e-01
-2.641713e+00 -7.744361e-01
3.745495e+00 -7.694236e-01
4.485928e+00 -7.644110e-01
2.143907e+00 -7.593985e-01
8.540940e+00 -7.543860e-01
2.750428e+00 -7.493734e-01
-1.593623e+00 -7.443609e-01
4.813405e+00 -7.393484e-01
-5.019024e+00 -7.343358e-01
-3.861454e+00 -7.293233e-01
-5.169489e-01 -7.243108e-01
-2.891785e+00 -7.192982e-01
-4.304101e-01 -7.142857e-01
7.588887e-01 -7.092732e-01
6.009763e+00 -7.042607e-01
-1.659300e+00 -6.992481e-01
2.857507e+00 -6.942356e-01
-1.509369e+00 -6.892231e-01
1.118145e+00 -6.842105e-01
-2.553203e+00 -6.791980e-01
7.503809e-01 -6.741855e-01
-9.468666e-01 -6.691729e-01
6.404401e+00 -6.641604e-01
1.706891e+00 -6.591479e-01
9.429311e-01 -6.541353e-01
1.284303e+00 -6.491228e-01
3.581241e+00 -6.441103e-01
-2.329651e+00 -6.390977e-01
3.753996e+00 -6.340852e-01
-4.825653e-01 -6.290727e-01
-4.492077e+00 -6.240602e-01
2.303735e+00 -6.190476e-01
2.365598e+00 -6.140351e-01
1.822173e+00 -6.090226e-01
1.472565e+00 -6.040100e-01
2.482857e+00 -5.989975e-01
-8.943851e-01 -5.939850e-01
1.494457e+00 -5.889724e-01
7.371152e-01 -5.839599e-01
2.709445e+00 -5.789474e-01
3.713887e+00 -5.739348e-01
1.474055e+00 -5.689223e-01
4.999907e-01 -5.639098e-01
2.514443e+00 -5.588972e-01
-4.652700e+00 -5.538847e-01
4.605623e+00 -5.488722e-01
3.475414e+00 -5.438596e-01
1.993385e+00 -5.388471e-01
-4.604010e+00 -5.338346e-01
1.700466e+00 -5.288221e-01
-1.128796e+00 -5.238095e-01
7.408949e-01 -5.187970e-01
-1.546736e+00 -5.137845e-01
4.909608e+00 -5.087719e-01
4.911153e+00 -5.037594e-01
-3.411911e+00 -4.987469e-01
-3.357415e+00 -4.937343e-01
-1.420731e+00 -4.887218e-01
-8.819932e+00 -4.837093e-01
-2.485314e+00 -4.786967e-01
-1.377422e+00 -4.736842e-01
3.444829e+00 -4.686717e-01
-1.498651e+00 -4.636591e-01
5.876303e+00 -4.586466e-01
4.430563e+00 -4.536341e-01
8.015861e-01 -4.486216e-01
9.387106e-01 -4.436090e-01
1.855334e+00 -4.385965e-01
3.041610e+00 -4.335840e-01
-4.947405e+00 -4.285714e-01
-6.076589e-01 -4.235589e-01
-3.686492e+00 -4.185464e-01
1.966038e+00 -4.135338e-01
-1.845144e+00 -4.085213e-01
6.617639e-01 -4.035088e-01
3.390369e+00 -3.984962e-01
-1.733571e-01 -3.934837e-01
-5.638216e-01 -3.884712e-01
-4.752837e+00 -3.834586e-01
-1.305834e+00 -3.784461e-01
2.851627e+00 -3.734336e-01
-6.891223e-01 -3.684211e-01
-2.758234e+00 -3.634085e-01
7.956342e+00 -3.583960e-01
-2.346392e+00 -3.533835e-01
-9.920611e-01 -3.483709e-01
2.263090e+00 -3.433584e-01
-2.016614e-01 -3.383459e-01
-6.117031e+00 -3.333333e-01
4.665024e+00 -3.283208e-01
5.212013e-01 -3.233083e-01
1.570395e+00 -3.182957e-01
2.269762e+00 -3.132832e-01
-8.032010e-01 -3.082707e-01
-6.259260e+00 -3.032581e-01
-1.346490e+00 -2.982456e-01
-4.713416e-01 -2.932331e-01
-1.747972e+00 -2.882206e-01
3.169074e+00 -2.832080e-01
-2.366712e+00 -2.781955e-01
-1.514762e+00 -2.731830e-01
-4.169621e+00 -2.681704e-01
-9.259679e-01 -2.631579e-01
3.346665e+00 -2.581454e-01
1.601278e+00 -2.531328e-01
2.922659e+00 -2.481203e-01
5.600172e+00 -2.431078e-01
-2.888443e+00 -2.380952e-01
2.534762e+00 -2.330827e-01
-3.170477e+00 -2.280702e-01
9.702466e-01 -2.230576e-01
3.023722e+00 -2.180451e-01
2.810797e-01 -2.130326e-01
1.301187e+00 -2.080201e-01
-8.842956e-01 -2.030075e-01
-1.951012e+00 -1.979950e-01
-1.966057e+00 -1.929825e-01
2.360760e+00 -1.879699e-01
-1.177914e+00 -1.829574e-01
6.571236e-01 -1.779449e-01
-4.139736e+00 -1.729323e-01
-1.169944e+00 -1.679198e-01
8.418306e-01 -1.629073e-01
-3.443209e+00 -1.578947e-01
-2.375750e+00 -1.528822e-01
2.530329e+00 -1.478697e-01
1.974913e+00 -1.428571e-01
-5.363174e+00 -1.378446e-01
2.911534e+00 -1.328321e-01
2.588660e+00 -1.278195e-01
-8.193774e-01 -1.228070e-01
7.731862e+00 -1.177945e-01
2.775352e+00 -1.127820e-01
-1.568539e+00 -1.077694e-01
8.947542e-01 -1.027569e-01
4.551354e+00 -9.774436e-02
5.002796e-01 -9.273183e-02
-9.855422e-02 -8.771930e-02
3.204928e+00 -8.270677e-02
-3.568782e+00 -7.769424e-02
-3.029806e-01 -7.268170e-02
2.053700e-01 -6.766917e-02
-3.262597e+00 -6.265664e-02
-2.384444e+00 -5.764411e-02
2.070403e+00 -5.263158e-02
-2.519504e+00 -4.761905e-02
1.911285e+00 -4.260652e-02
1.179183e+00 -3.759398e-02
-9.885054e-01 -3.258145e-02
-2.707291e+00 -2.756892e-02
6.286453e-01 -2.255639e-02
-4.740982e+00 -1.754386e-02
4.104369e+00 -1.253133e-02
5.498569e+00 -7.518797e-03
5.682284e+00 -2.506266e-03
-3.947953e+00 2.506266e-03
-4.773404e+00 7.518797e-03
6.408096e-01 1.253133e-02
3.738861e+00 1.754386e-02
-9.403567e+00 2.255639e-02
-3.335206e+00 2.756892e-02
-2.722878e+00 3.258145e-02
-3.812664e+00 3.759398e-02
-1.329641e+00 4.260652e-02
8.144674e-01 4.761905e-02
2.580286e+00 5.263158e-02
1.244582e+00 5.764411e-02
9.694314e-01 6.265664e-02
-5.814929e+00 6.766917e-02
-2.474719e+00 7.268170e-02
-3.155564e+00 7.769424e-02
-2.611773e+00 8.270677e-02
-3.321907e+00 8.771930e-02
-1.233614e+00 9.273183e-02
5.354092e+00 9.774436e-02
6.655517e+00 1.027569e-01
-9.118585e-02 1.077694e-01
1.678566e+00 1.127820e-01
-1.742152e+00 1.177945e-01
-1.129509e+00 1.228070e-01
-4.092373e+00 1.278195e-01
1.252233e+00 1.328321e-01
-6.246780e+00 1.378446e-01
-2.523354e+00 1.428571e-01
-2.516330e+00 1.478697e-01
3.272299e+00 1.528822e-01
5.546397e+00 1.578947e-01
-1.773105e-01 1.629073e-01
1.034897e+00 1.679198e-01
1.680916e+00 1.729323e-01
-5.655470e+00 1.779449e-01
1.490021e+00 1.829574e-01
6.124462e+00 1.879699e-01
-1.791911e+00 1.929825e-01
1.921011e+00 1.979950e-01
1.526621e+00 2.030075e-01
5.699372e+00 2.080201e-01
4.571193e+00 2.130326e-01
3.251600e+00 2.180451e-01
-4.546356e+00 2.230576e-01
-1.750482e+00 2.280702e-01
1.933286e+00 2.330827e-01
-1.756536e+00 2.380952e-01
7.601942e+00 2.431078e-01
-1.734326e+00 2.481203e-01
-6.465145e-01 2.531328e-01
-3.631622e+00 2.581454e-01
-4.881751e+00 2.631579e-01
3.053997e+00 2.681704e-01
-4.340602e+00 2.731830e-01
-7.201760e+00 2.781955e-01
-1.759576e+00 2.832080e-01
-2.987808e+00 2.882206e-01
3.620352e+00 2.932331e-01
3.407928e-01 2.982456e-01
-3.049094e+00 3.032581e-01
3.344998e+00 3.082707e-01
-8.073729e-01 3.132832e-01
-4.499346e-01 3.182957e-01
-1.408113e+00 3.233083e-01
-2.736791e+00 3.283208e-01
-7.454788e-01 3.333333e-01
-2.497980e+00 3.383459e-01
4.703071e+00 3.433584e-01
8.631115e-01 3.483709e-01
3.562057e+00 3.533835e-01
-2.251598e+00 3.583960e-01
1.892537e+00 3.634085e-01
-9.836788e-01 3.684211e-01
1.289705e+00 3.734336e-01
-2.970066e-01 3.784461e-01
7.251120e+00 3.834586e-01
-1.721893e+00 3.884712e-01
5.708467e-01 3.934837e-01
9.783272e-01 3.984962e-01
-2.650225e+00 4.035088e-01
1.729812e+00 4.085213e-01
5.992420e-01 4.135338e-01
2.314727e+00 4.185464e-01
3.492647e+00 4.235589e-01
-8.556935e-01 4.285714e-01
3.467922e+00 4.335840e-01
5.927602e+00 4.385965e-01
7.118426e-01 4.436090e-01
2.547453e+00 4.486216e-01
-3.872405e-01 4.536341e-01
3.094103e+00 4.586466e-01
2.670209e+00 4.636591e-01
-8.283252e-01 4.686717e-01
1.710279e+00 4.736842e-01
2.330700e+00 4.786967e-01
-5.623124e+00 4.837093e-01
5.026587e-01 4.887218e-01
3.526334e+00 4.937343e-01
-1.251406e+00 4.987469e-01
4.064015e+00 5.037594e-01
-2.162304e+00 5.087719e-01
-3.625755e+00 5.137845e-01
3.620772e+00 5.187970e-01
4.735129e+00 5.238095e-01
-8.567261e-01 5.288221e-01
2.124124e+00 5.338346e-01
6.807798e-01 5.388471e-01
1.669051e+00 5.438596e-01
3.055724e+00 5.488722e-01
2.157315e+00 5.538847e-01
-1.639647e+00 5.588972e-01
2.362270e+00 5.639098e-01
4.732922e+00 5.689223e-01
2.834513e+00 5.739348e-01
-5.882000e+00 5.789474e-01
-7.142417e-01 5.839599e-01
2.972106e+00 5.889724e-01
-2.244417e+00 5.939850e-01
1.077429e-01 5.989975e-01
1.035043e+01 6.040100e-01
-1.326955e-01 6.090226e-01
-8.295680e-01 6.140351e-01
2.134204e+00 6.190476e-01
5.827111e-01 6.240602e-01
-2.936593e-01 6.290727e-01
4.917156e+00 6.340852e-01
4.262013e+00 6.390977e-01
2.297570e+00 6.441103e-01
1.283396e+00 6.491228e-01
3.361838e+00 6.541353e-01
4.797556e+00 6.591479e-01
-1.856676e-01 6.641604e-01
4.105295e-01 6.691729e-01
4.170804e+00 6.741855e-01
-1.580724e+00 6.791980e-01
3.813846e+00 6.842105e-01
-9.005969e-01 6.892231e-01
4.679911e+00 6.942356e-01
1.873467e+00 6.992481e-01
1.036871e+00 7.042607e-01
-4.128102e-01 7.092732e-01
3.880441e+00 7.142857e-01
1.986947e+00 7.192982e-01
8.875084e+00 7.243108e-01
-2.571107e-01 7.293233e-01
9.535356e-01 7.343358e-01
1.400457e+00 7.393484e-01
1.596780e+00 7.443609e-01
-5.825132e+00 7.493734e-01
9.400959e-01 7.543860e-01
4.881119e+00 7.593985e-01
6.172809e+00 7.644110e-01
3.968749e+00 7.694236e-01
5.031904e+00 7.744361e-01
2.038468e+00 7.794486e-01
-2.338531e+00 7.844612e-01
3.368027e-01 7.894737e-01
-3.107215e+00 7.944862e-01
3.570779e+00 7.994987e-01
1.276424e+00 8.045113e-01
-4.405501e+00 8.095238e-01
3.824315e+00 8.145363e-01
2.890504e+00 8.195489e-01
-3.456302e+00 8.245614e-01
1.030997e+00 8.295739e-01
-1.688126e+00 8.345865e-01
-1.955152e+00 8.395990e-01
-1.773763e+00 8.446115e-01
2.387129e+00 8.496241e-01
4.035475e+00 8.546366e-01
3.987439e+00 8.596491e-01
-2.440706e+00 8.646617e-01
-7.644276e-02 8.696742e-01
-5.420859e-02 8.746867e-01
1.687663e-01 8.796992e-01
4.641627e-01 8.847118e-01
4.543104e+00 8.897243e-01
2.866149e+00 8.947368e-01
-2.492569e-01 8.997494e-01
7.684765e-01 9.047619e-01
6.259529e+00 9.097744e-01
1.846414e+00 9.147870e-01
-2.676423e+00 9.197995e-01
2.260330e+00 9.248120e-01
-1.699835e+00 9.298246e-01
6.422710e+00 9.348371e-01
-1.282135e+00 9.398496e-01
-1.509171e+00 9.448622e-01
4.535508e-01 9.498747e-01
3.185002e+00 9.548872e-01
3.501456e+00 9.598997e-01
-4.123762e+00 9.649123e-01
-7.360086e+00 9.699248e-01
2.793279e-01 9.749373e-01
-8.519317e-01 9.799499e-01
-2.622611e+00 9.849624e-01
1.066614e+00 9.899749e-01
2.861293e+00 9.949875e-01
-1.785674e-01 1.000000e+00
