-6.918426e-02 -1.000000e+00
-6.149259e-02 -9.990000e-01
-5.374982e-02 -9.980000e-01
-4.595668e-02 -9.970000e-01
-3.811390e-02 -9.960000e-01
-3.022219e-02 -9.950000e-01
-2.228229e-02 -9.940000e-01
-1.429493e-02 -9.930000e-01
-6.260836e-03 -9.920000e-01
1.819256e-03 -9.910000e-01
9.944616e-03 -9.900000e-01
1.811451e-02 -9.890000e-01
2.632820e-02 -9.880000e-01
3.458496e-02 -9.870000e-01
4.288405e-02 -9.860000e-01
5.122472e-02 -9.850000e-01
5.960625e-02 -9.840000e-01
6.802790e-02 -9.830000e-01
7.648893e-02 -9.820000e-01
8.498860e-02 -9.810000e-01
9.352617e-02 -9.800000e-01
1.021009e-01 -9.790000e-01
1.107121e-01 -9.780000e-01
1.193589e-01 -9.770000e-01
1.280407e-01 -9.760000e-01
1.367567e-01 -9.750000e-01
1.455061e-01 -9.740000e-01
1.542883e-01 -9.730000e-01
1.631025e-01 -9.720000e-01
1.719479e-01 -9.710000e-01
1.808238e-01 -9.700000e-01
1.897295e-01 -9.690000e-01
1.986642e-01 -9.680000e-01
2.076273e-01 -9.670000e-01
2.166178e-01 -9.660000e-01
2.256352e-01 -9.650000e-01
2.346787e-01 -9.640000e-01
2.437475e-01 -9.630000e-01
2.528410e-01 -9.620000e-01
2.619583e-01 -9.610000e-01
2.710988e-01 -9.600000e-01
2.802617e-01 -9.590000e-01
2.894463e-01 -9.580000e-01
2.986518e-01 -9.570000e-01
3.078776e-01 -9.560000e-01
3.171229e-01 -9.550000e-01
3.263869e-01 -9.540000e-01
3.356690e-01 -9.530000e-01
3.449684e-01 -9.520000e-01
3.542844e-01 -9.510000e-01
3.636163e-01 -9.500000e-01
3.729633e-01 -9.490000e-01
3.823248e-01 -9.480000e-01
3.917000e-01 -9.470000e-01
4.010882e-01 -9.460000e-01
4.104887e-01 -9.450000e-01
4.199008e-01 -9.440000e-01
4.293237e-01 -9.430000e-01
4.387568e-01 -9.420000e-01
4.481994e-01 -9.410000e-01
4.576507e-01 -9.400000e-01
4.671100e-01 -9.390000e-01
4.765767e-01 -9.380000e-01
4.860500e-01 -9.370000e-01
4.955293e-01 -9.360000e-01
5.050138e-01 -9.350000e-01
5.145029e-01 -9.340000e-01
5.239958e-01 -9.330000e-01
5.334919e-01 -9.320000e-01
5.429905e-01 -9.310000e-01
5.524909e-01 -9.300000e-01
5.619924e-01 -9.290000e-01
5.714944e-01 -9.280000e-01
5.809961e-01 -9.270000e-01
5.904968e-01 -9.260000e-01
5.999960e-01 -9.250000e-01
6.094930e-01 -9.240000e-01
6.189870e-01 -9.230000e-01
6.284774e-01 -9.220000e-01
6.379635e-01 -9.210000e-01
6.474447e-01 -9.200000e-01
6.569204e-01 -9.190000e-01
6.663898e-01 -9.180000e-01
6.758523e-01 -9.170000e-01
6.853073e-01 -9.160000e-01
6.947540e-01 -9.150000e-01
7.041920e-01 -9.140000e-01
7.136205e-01 -9.130000e-01
7.230389e-01 -9.120000e-01
7.324465e-01 -9.110000e-01
7.418427e-01 -9.100000e-01
7.512270e-01 -9.090000e-01
7.605986e-01 -9.080000e-01
7.699569e-01 -9.070000e-01
7.793013e-01 -9.060000e-01
7.886313e-01 -9.050000e-01
7.979461e-01 -9.040000e-01
8.072452e-01 -9.030000e-01
8.165279e-01 -9.020000e-01
8.257937e-01 -9.010000e-01
8.350420e-01 -9.000000e-01
8.442721e-01 -8.990000e-01
8.534834e-01 -8.980000e-01
8.626755e-01 -8.970000e-01
8.718475e-01 -8.960000e-01
8.809991e-01 -8.950000e-01
8.901296e-01 -8.940000e-01
8.992383e-01 -8.930000e-01
9.083249e-01 -8.920000e-01
9.173886e-01 -8.910000e-01
9.264289e-01 -8.900000e-01
9.354452e-01 -8.890000e-01
9.444370e-01 -8.880000e-01
9.534037e-01 -8.870000e-01
9.623447e-01 -8.860000e-01
9.712595e-01 -8.850000e-01
9.801476e-01 -8.840000e-01
9.890084e-01 -8.830000e-01
9.978414e-01 -8.820000e-01
1.006646e+00 -8.810000e-01
1.015422e+00 -8.800000e-01
1.024168e+00 -8.790000e-01
1.032884e+00 -8.780000e-01
1.041570e+00 -8.770000e-01
1.050224e+00 -8.760000e-01
1.058848e+00 -8.750000e-01
1.067439e+00 -8.740000e-01
1.075997e+00 -8.730000e-01
1.084523e+00 -8.720000e-01
1.093015e+00 -8.710000e-01
1.101472e+00 -8.700000e-01
1.109896e+00 -8.690000e-01
1.118284e+00 -8.680000e-01
1.126636e+00 -8.670000e-01
1.134953e+00 -8.660000e-01
1.143233e+00 -8.650000e-01
1.151476e+00 -8.640000e-01
1.159682e+00 -8.630000e-01
1.167849e+00 -8.620000e-01
1.175978e+00 -8.610000e-01
1.184069e+00 -8.600000e-01
1.192120e+00 -8.590000e-01
1.200131e+00 -8.580000e-01
1.208102e+00 -8.570000e-01
1.216032e+00 -8.560000e-01
1.223921e+00 -8.550000e-01
1.231769e+00 -8.540000e-01
1.239575e+00 -8.530000e-01
1.247338e+00 -8.520000e-01
1.255058e+00 -8.510000e-01
1.262735e+00 -8.500000e-01
1.270368e+00 -8.490000e-01
1.277957e+00 -8.480000e-01
1.285502e+00 -8.470000e-01
1.293002e+00 -8.460000e-01
1.300456e+00 -8.450000e-01
1.307864e+00 -8.440000e-01
1.315227e+00 -8.430000e-01
1.322543e+00 -8.420000e-01
1.329811e+00 -8.410000e-01
1.337033e+00 -8.400000e-01
1.344207e+00 -8.390000e-01
1.351332e+00 -8.380000e-01
1.358409e+00 -8.370000e-01
1.365438e+00 -8.360000e-01
1.372417e+00 -8.350000e-01
1.379346e+00 -8.340000e-01
1.386226e+00 -8.330000e-01
1.393055e+00 -8.320000e-01
1.399834e+00 -8.310000e-01
1.406562e+00 -8.300000e-01
1.413238e+00 -8.290000e-01
1.419862e+00 -8.280000e-01
1.426435e+00 -8.270000e-01
1.432955e+00 -8.260000e-01
1.439423e+00 -8.250000e-01
1.445837e+00 -8.240000e-01
1.452198e+00 -8.230000e-01
1.458506e+00 -8.220000e-01
1.464759e+00 -8.210000e-01
1.470958e+00 -8.200000e-01
1.477103e+00 -8.190000e-01
1.483193e+00 -8.180000e-01
1.489227e+00 -8.170000e-01
1.495206e+00 -8.160000e-01
1.501129e+00 -8.150000e-01
1.506996e+00 -8.140000e-01
1.512807e+00 -8.130000e-01
1.518561e+00 -8.120000e-01
1.524258e+00 -8.110000e-01
1.529898e+00 -8.100000e-01
1.535480e+00 -8.090000e-01
1.541005e+00 -8.080000e-01
1.546471e+00 -8.070000e-01
1.551879e+00 -8.060000e-01
1.557229e+00 -8.050000e-01
1.562520e+00 -8.040000e-01
1.567752e+00 -8.030000e-01
1.572925e+00 -8.020000e-01
1.578038e+00 -8.010000e-01
1.583091e+00 -8.000000e-01
1.588084e+00 -7.990000e-01
1.593017e+00 -7.980000e-01
1.597890e+00 -7.970000e-01
1.602702e+00 -7.960000e-01
1.607452e+00 -7.950000e-01
1.612142e+00 -7.940000e-01
1.616771e+00 -7.930000e-01
1.621337e+00 -7.920000e-01
1.625842e+00 -7.910000e-01
1.630286e+00 -7.900000e-01
1.634666e+00 -7.890000e-01
1.638985e+00 -7.880000e-01
1.643241e+00 -7.870000e-01
1.647434e+00 -7.860000e-01
1.651564e+00 -7.850000e-01
1.655631e+00 -7.840000e-01
1.659635e+00 -7.830000e-01
1.663575e+00 -7.820000e-01
1.667451e+00 -7.810000e-01
1.671264e+00 -7.800000e-01
1.675013e+00 -7.790000e-01
1.678697e+00 -7.780000e-01
1.682317e+00 -7.770000e-01
1.685872e+00 -7.760000e-01
1.689363e+00 -7.750000e-01
1.692789e+00 -7.740000e-01
1.696150e+00 -7.730000e-01
1.699446e+00 -7.720000e-01
1.702677e+00 -7.710000e-01
1.705842e+00 -7.700000e-01
1.708942e+00 -7.690000e-01
1.711976e+00 -7.680000e-01
1.714944e+00 -7.670000e-01
1.717846e+00 -7.660000e-01
1.720682e+00 -7.650000e-01
1.723452e+00 -7.640000e-01
1.726156e+00 -7.630000e-01
1.728793e+00 -7.620000e-01
1.731364e+00 -7.610000e-01
1.733868e+00 -7.600000e-01
1.736305e+00 -7.590000e-01
1.738676e+00 -7.580000e-01
1.740979e+00 -7.570000e-01
1.743215e+00 -7.560000e-01
1.745385e+00 -7.550000e-01
1.747487e+00 -7.540000e-01
1.749521e+00 -7.530000e-01
1.751488e+00 -7.520000e-01
1.753388e+00 -7.510000e-01
1.755220e+00 -7.500000e-01
1.756985e+00 -7.490000e-01
1.758681e+00 -7.480000e-01
1.760310e+00 -7.470000e-01
1.761871e+00 -7.460000e-01
1.763364e+00 -7.450000e-01
1.764789e+00 -7.440000e-01
1.766145e+00 -7.430000e-01
1.767434e+00 -7.420000e-01
1.768654e+00 -7.410000e-01
1.769806e+00 -7.400000e-01
1.770890e+00 -7.390000e-01
1.771905e+00 -7.380000e-01
1.772852e+00 -7.370000e-01
1.773731e+00 -7.360000e-01
1.774541e+00 -7.350000e-01
1.775282e+00 -7.340000e-01
1.775955e+00 -7.330000e-01
1.776559e+00 -7.320000e-01
1.777094e+00 -7.310000e-01
1.777561e+00 -7.300000e-01
1.777959e+00 -7.290000e-01
1.778288e+00 -7.280000e-01
1.778548e+00 -7.270000e-01
1.778740e+00 -7.260000e-01
1.778862e+00 -7.250000e-01
1.778916e+00 -7.240000e-01
1.778901e+00 -7.230000e-01
1.778817e+00 -7.220000e-01
1.778664e+00 -7.210000e-01
1.778443e+00 -7.200000e-01
1.778152e+00 -7.190000e-01
1.777792e+00 -7.180000e-01
1.777364e+00 -7.170000e-01
1.776867e+00 -7.160000e-01
1.776300e+00 -7.150000e-01
1.775665e+00 -7.140000e-01
1.774961e+00 -7.130000e-01
1.774188e+00 -7.120000e-01
1.773346e+00 -7.110000e-01
1.772435e+00 -7.100000e-01
1.771455e+00 -7.090000e-01
1.770406e+00 -7.080000e-01
1.769289e+00 -7.070000e-01
1.768103e+00 -7.060000e-01
1.766848e+00 -7.050000e-01
1.765524e+00 -7.040000e-01
1.764131e+00 -7.030000e-01
1.762670e+00 -7.020000e-01
1.761140e+00 -7.010000e-01
1.759541e+00 -7.000000e-01
1.757874e+00 -6.990000e-01
1.756138e+00 -6.980000e-01
1.754333e+00 -6.970000e-01
1.752460e+00 -6.960000e-01
1.750518e+00 -6.950000e-01
1.748508e+00 -6.940000e-01
1.746429e+00 -6.930000e-01
1.744282e+00 -6.920000e-01
1.742067e+00 -6.910000e-01
1.739784e+00 -6.900000e-01
1.737432e+00 -6.890000e-01
1.735012e+00 -6.880000e-01
1.732524e+00 -6.870000e-01
1.729967e+00 -6.860000e-01
1.727343e+00 -6.850000e-01
1.724651e+00 -6.840000e-01
1.721890e+00 -6.830000e-01
1.719062e+00 -6.820000e-01
1.716166e+00 -6.810000e-01
1.713203e+00 -6.800000e-01
1.710171e+00 -6.790000e-01
1.707072e+00 -6.780000e-01
1.703906e+00 -6.770000e-01
1.700671e+00 -6.760000e-01
1.697370e+00 -6.750000e-01
1.694001e+00 -6.740000e-01
1.690565e+00 -6.730000e-01
1.687061e+00 -6.720000e-01
1.683491e+00 -6.710000e-01
1.679853e+00 -6.700000e-01
1.676148e+00 -6.690000e-01
1.672376e+00 -6.680000e-01
1.668538e+00 -6.670000e-01
1.664633e+00 -6.660000e-01
1.660661e+00 -6.650000e-01
1.656622e+00 -6.640000e-01
1.652517e+00 -6.630000e-01
1.648345e+00 -6.620000e-01
1.644107e+00 -6.610000e-01
1.639802e+00 -6.600000e-01
1.635432e+00 -6.590000e-01
1.630995e+00 -6.580000e-01
1.626492e+00 -6.570000e-01
1.621923e+00 -6.560000e-01
1.617289e+00 -6.550000e-01
1.612588e+00 -6.540000e-01
1.607822e+00 -6.530000e-01
1.602990e+00 -6.520000e-01
1.598093e+00 -6.510000e-01
1.593130e+00 -6.500000e-01
1.588102e+00 -6.490000e-01
1.583009e+00 -6.480000e-01
1.577851e+00 -6.470000e-01
1.572627e+00 -6.460000e-01
1.567339e+00 -6.450000e-01
1.561985e+00 -6.440000e-01
1.556567e+00 -6.430000e-01
1.551084e+00 -6.420000e-01
1.545537e+00 -6.410000e-01
1.539925e+00 -6.400000e-01
1.534249e+00 -6.390000e-01
1.528509e+00 -6.380000e-01
1.522704e+00 -6.370000e-01
1.516835e+00 -6.360000e-01
1.510902e+00 -6.350000e-01
1.504906e+00 -6.340000e-01
1.498846e+00 -6.330000e-01
1.492722e+00 -6.320000e-01
1.486534e+00 -6.310000e-01
1.480283e+00 -6.300000e-01
1.473968e+00 -6.290000e-01
1.467591e+00 -6.280000e-01
1.461150e+00 -6.270000e-01
1.454646e+00 -6.260000e-01
1.448079e+00 -6.250000e-01
1.441450e+00 -6.240000e-01
1.434757e+00 -6.230000e-01
1.428002e+00 -6.220000e-01
1.421185e+00 -6.210000e-01
1.414305e+00 -6.200000e-01
1.407363e+00 -6.190000e-01
1.400358e+00 -6.180000e-01
1.393292e+00 -6.170000e-01
1.386164e+00 -6.160000e-01
1.378973e+00 -6.150000e-01
1.371721e+00 -6.140000e-01
1.364407e+00 -6.130000e-01
1.357032e+00 -6.120000e-01
1.349595e+00 -6.110000e-01
1.342097e+00 -6.100000e-01
1.334538e+00 -6.090000e-01
1.326918e+00 -6.080000e-01
1.319236e+00 -6.070000e-01
1.311494e+00 -6.060000e-01
1.303691e+00 -6.050000e-01
1.295827e+00 -6.040000e-01
1.287903e+00 -6.030000e-01
1.279918e+00 -6.020000e-01
1.271873e+00 -6.010000e-01
1.263768e+00 -6.000000e-01
1.255602e+00 -5.990000e-01
1.247377e+00 -5.980000e-01
1.239091e+00 -5.970000e-01
1.230746e+00 -5.960000e-01
1.222341e+00 -5.950000e-01
1.213877e+00 -5.940000e-01
1.205353e+00 -5.930000e-01
1.196769e+00 -5.920000e-01
1.188127e+00 -5.910000e-01
1.179425e+00 -5.900000e-01
1.170664e+00 -5.890000e-01
1.161844e+00 -5.880000e-01
1.152966e+00 -5.870000e-01
1.144028e+00 -5.860000e-01
1.135032e+00 -5.850000e-01
1.125978e+00 -5.840000e-01
1.116865e+00 -5.830000e-01
1.107694e+00 -5.820000e-01
1.098464e+00 -5.810000e-01
1.089177e+00 -5.800000e-01
1.079831e+00 -5.790000e-01
1.070428e+00 -5.780000e-01
1.060967e+00 -5.770000e-01
1.051448e+00 -5.760000e-01
1.041871e+00 -5.750000e-01
1.032238e+00 -5.740000e-01
1.022546e+00 -5.730000e-01
1.012798e+00 -5.720000e-01
1.002992e+00 -5.710000e-01
9.931291e-01 -5.700000e-01
9.832093e-01 -5.690000e-01
9.732326e-01 -5.680000e-01
9.631992e-01 -5.670000e-01
9.531090e-01 -5.660000e-01
9.429623e-01 -5.650000e-01
9.327591e-01 -5.640000e-01
9.224995e-01 -5.630000e-01
9.121837e-01 -5.620000e-01
9.018116e-01 -5.610000e-01
8.913834e-01 -5.600000e-01
8.808993e-01 -5.590000e-01
8.703592e-01 -5.580000e-01
8.597633e-01 -5.570000e-01
8.491116e-01 -5.560000e-01
8.384044e-01 -5.550000e-01
8.276415e-01 -5.540000e-01
8.168233e-01 -5.530000e-01
8.059496e-01 -5.520000e-01
7.950207e-01 -5.510000e-01
7.840365e-01 -5.500000e-01
7.729973e-01 -5.490000e-01
7.619031e-01 -5.480000e-01
7.507539e-01 -5.470000e-01
7.395498e-01 -5.460000e-01
7.282910e-01 -5.450000e-01
7.169776e-01 -5.440000e-01
7.056095e-01 -5.430000e-01
6.941868e-01 -5.420000e-01
6.827098e-01 -5.410000e-01
6.711784e-01 -5.400000e-01
6.595927e-01 -5.390000e-01
6.479527e-01 -5.380000e-01
6.362587e-01 -5.370000e-01
6.245106e-01 -5.360000e-01
6.127085e-01 -5.350000e-01
6.008525e-01 -5.340000e-01
5.889426e-01 -5.330000e-01
5.769790e-01 -5.320000e-01
5.649617e-01 -5.310000e-01
5.528907e-01 -5.300000e-01
5.407662e-01 -5.290000e-01
5.285882e-01 -5.280000e-01
5.163568e-01 -5.270000e-01
5.040720e-01 -5.260000e-01
4.917339e-01 -5.250000e-01
4.793425e-01 -5.240000e-01
4.668980e-01 -5.230000e-01
4.544003e-01 -5.220000e-01
4.418496e-01 -5.210000e-01
4.292459e-01 -5.200000e-01
4.165892e-01 -5.190000e-01
4.038796e-01 -5.180000e-01
3.911172e-01 -5.170000e-01
3.783020e-01 -5.160000e-01
3.654341e-01 -5.150000e-01
3.525134e-01 -5.140000e-01
3.395401e-01 -5.130000e-01
3.265142e-01 -5.120000e-01
3.134358e-01 -5.110000e-01
3.003049e-01 -5.100000e-01
2.871214e-01 -5.090000e-01
2.738856e-01 -5.080000e-01
2.605974e-01 -5.070000e-01
2.472568e-01 -5.060000e-01
2.338639e-01 -5.050000e-01
2.204187e-01 -5.040000e-01
2.069213e-01 -5.030000e-01
1.933716e-01 -5.020000e-01
1.797698e-01 -5.010000e-01
1.661158e-01 -5.000000e-01
1.524097e-01 -4.990000e-01
1.386515e-01 -4.980000e-01
1.248411e-01 -4.970000e-01
1.109788e-01 -4.960000e-01
9.706435e-02 -4.950000e-01
9.510993e-02 -4.940000e-01
9.312770e-02 -4.930000e-01
9.111786e-02 -4.920000e-01
8.908062e-02 -4.910000e-01
8.701619e-02 -4.900000e-01
8.492478e-02 -4.890000e-01
8.280660e-02 -4.880000e-01
8.066185e-02 -4.870000e-01
7.849074e-02 -4.860000e-01
7.629349e-02 -4.850000e-01
7.407030e-02 -4.840000e-01
7.182137e-02 -4.830000e-01
6.954692e-02 -4.820000e-01
6.724716e-02 -4.810000e-01
6.492229e-02 -4.800000e-01
6.257252e-02 -4.790000e-01
6.019806e-02 -4.780000e-01
5.779912e-02 -4.770000e-01
5.537589e-02 -4.760000e-01
5.292861e-02 -4.750000e-01
5.045746e-02 -4.740000e-01
4.796266e-02 -4.730000e-01
4.544441e-02 -4.720000e-01
4.290293e-02 -4.710000e-01
4.033841e-02 -4.700000e-01
3.775107e-02 -4.690000e-01
3.514112e-02 -4.680000e-01
3.250876e-02 -4.670000e-01
2.985419e-02 -4.660000e-01
2.717764e-02 -4.650000e-01
2.447929e-02 -4.640000e-01
2.175936e-02 -4.630000e-01
1.901806e-02 -4.620000e-01
1.625559e-02 -4.610000e-01
1.347217e-02 -4.600000e-01
1.066798e-02 -4.590000e-01
7.843256e-03 -4.580000e-01
4.998186e-03 -4.570000e-01
2.132982e-03 -4.560000e-01
-7.521502e-04 -4.550000e-01
-3.657004e-03 -4.540000e-01
-6.581373e-03 -4.530000e-01
-9.525052e-03 -4.520000e-01
-1.248783e-02 -4.510000e-01
-1.546951e-02 -4.500000e-01
-1.846988e-02 -4.490000e-01
-2.148874e-02 -4.480000e-01
-2.452587e-02 -4.470000e-01
-2.758108e-02 -4.460000e-01
-3.065416e-02 -4.450000e-01
-3.374490e-02 -4.440000e-01
-3.685310e-02 -4.430000e-01
-3.997854e-02 -4.420000e-01
-4.312104e-02 -4.410000e-01
-4.628037e-02 -4.400000e-01
-4.945635e-02 -4.390000e-01
-5.264875e-02 -4.380000e-01
-5.585737e-02 -4.370000e-01
-5.908202e-02 -4.360000e-01
-6.232248e-02 -4.350000e-01
-6.557856e-02 -4.340000e-01
-6.885004e-02 -4.330000e-01
-7.213671e-02 -4.320000e-01
-7.543839e-02 -4.310000e-01
-7.875486e-02 -4.300000e-01
-8.208591e-02 -4.290000e-01
-8.543135e-02 -4.280000e-01
-8.879097e-02 -4.270000e-01
-9.216456e-02 -4.260000e-01
-9.555192e-02 -4.250000e-01
-9.895284e-02 -4.240000e-01
-1.023671e-01 -4.230000e-01
-1.057946e-01 -4.220000e-01
-1.092350e-01 -4.210000e-01
-1.126881e-01 -4.200000e-01
-1.161538e-01 -4.190000e-01
-1.196319e-01 -4.180000e-01
-1.231220e-01 -4.170000e-01
-1.266241e-01 -4.160000e-01
-1.301380e-01 -4.150000e-01
-1.336634e-01 -4.140000e-01
-1.372001e-01 -4.130000e-01
-1.407479e-01 -4.120000e-01
-1.443066e-01 -4.110000e-01
-1.478761e-01 -4.100000e-01
-1.514561e-01 -4.090000e-01
-1.550464e-01 -4.080000e-01
-1.586468e-01 -4.070000e-01
-1.622571e-01 -4.060000e-01
-1.658771e-01 -4.050000e-01
-1.695066e-01 -4.040000e-01
-1.731454e-01 -4.030000e-01
-1.767933e-01 -4.020000e-01
-1.804501e-01 -4.010000e-01
-1.841156e-01 -4.000000e-01
-1.877896e-01 -3.990000e-01
-1.914718e-01 -3.980000e-01
-1.951622e-01 -3.970000e-01
-1.988605e-01 -3.960000e-01
-2.025664e-01 -3.950000e-01
-2.062798e-01 -3.940000e-01
-2.100005e-01 -3.930000e-01
-2.137283e-01 -3.920000e-01
-2.174630e-01 -3.910000e-01
-2.212044e-01 -3.900000e-01
-2.249522e-01 -3.890000e-01
-2.287063e-01 -3.880000e-01
-2.324665e-01 -3.870000e-01
-2.362326e-01 -3.860000e-01
-2.400044e-01 -3.850000e-01
-2.437816e-01 -3.840000e-01
-2.475641e-01 -3.830000e-01
-2.513517e-01 -3.820000e-01
-2.551442e-01 -3.810000e-01
-2.589414e-01 -3.800000e-01
-2.627431e-01 -3.790000e-01
-2.665490e-01 -3.780000e-01
-2.703591e-01 -3.770000e-01
-2.741730e-01 -3.760000e-01
-2.779906e-01 -3.750000e-01
-2.818118e-01 -3.740000e-01
-2.856362e-01 -3.730000e-01
-2.894637e-01 -3.720000e-01
-2.932941e-01 -3.710000e-01
-2.971272e-01 -3.700000e-01
-3.009629e-01 -3.690000e-01
-3.048008e-01 -3.680000e-01
-3.086409e-01 -3.670000e-01
-3.124828e-01 -3.660000e-01
-3.163265e-01 -3.650000e-01
-3.201717e-01 -3.640000e-01
-3.240183e-01 -3.630000e-01
-3.278660e-01 -3.620000e-01
-3.317146e-01 -3.610000e-01
-3.355640e-01 -3.600000e-01
-3.394139e-01 -3.590000e-01
-3.432641e-01 -3.580000e-01
-3.471146e-01 -3.570000e-01
-3.509650e-01 -3.560000e-01
-3.548152e-01 -3.550000e-01
-3.586649e-01 -3.540000e-01
-3.625141e-01 -3.530000e-01
-3.663624e-01 -3.520000e-01
-3.702097e-01 -3.510000e-01
-3.740559e-01 -3.500000e-01
-3.779007e-01 -3.490000e-01
-3.817439e-01 -3.480000e-01
-3.855853e-01 -3.470000e-01
-3.894247e-01 -3.460000e-01
-3.932621e-01 -3.450000e-01
-3.970971e-01 -3.440000e-01
-4.009295e-01 -3.430000e-01
-4.047593e-01 -3.420000e-01
-4.085861e-01 -3.410000e-01
-4.124098e-01 -3.400000e-01
-4.162303e-01 -3.390000e-01
-4.200472e-01 -3.380000e-01
-4.238606e-01 -3.370000e-01
-4.276700e-01 -3.360000e-01
-4.314754e-01 -3.350000e-01
-4.352766e-01 -3.340000e-01
-4.390734e-01 -3.330000e-01
-4.428656e-01 -3.320000e-01
-4.466530e-01 -3.310000e-01
-4.504355e-01 -3.300000e-01
-4.542127e-01 -3.290000e-01
-4.579847e-01 -3.280000e-01
-4.617511e-01 -3.270000e-01
-4.655118e-01 -3.260000e-01
-4.692666e-01 -3.250000e-01
-4.730153e-01 -3.240000e-01
-4.767578e-01 -3.230000e-01
-4.804939e-01 -3.220000e-01
-4.842233e-01 -3.210000e-01
-4.879459e-01 -3.200000e-01
-4.916615e-01 -3.190000e-01
-4.953699e-01 -3.180000e-01
-4.990710e-01 -3.170000e-01
-5.027646e-01 -3.160000e-01
-5.064505e-01 -3.150000e-01
-5.101285e-01 -3.140000e-01
-5.137984e-01 -3.130000e-01
-5.174600e-01 -3.120000e-01
-5.211133e-01 -3.110000e-01
-5.247579e-01 -3.100000e-01
-5.283938e-01 -3.090000e-01
-5.320207e-01 -3.080000e-01
-5.356385e-01 -3.070000e-01
-5.392470e-01 -3.060000e-01
-5.428460e-01 -3.050000e-01
-5.464353e-01 -3.040000e-01
-5.500149e-01 -3.030000e-01
-5.535844e-01 -3.020000e-01
-5.571437e-01 -3.010000e-01
-5.606927e-01 -3.000000e-01
-5.642312e-01 -2.990000e-01
-5.677590e-01 -2.980000e-01
-5.712759e-01 -2.970000e-01
-5.747817e-01 -2.960000e-01
-5.782764e-01 -2.950000e-01
-5.817597e-01 -2.940000e-01
-5.852314e-01 -2.930000e-01
-5.886915e-01 -2.920000e-01
-5.921396e-01 -2.910000e-01
-5.955757e-01 -2.900000e-01
-5.989996e-01 -2.890000e-01
-6.024111e-01 -2.880000e-01
-6.058100e-01 -2.870000e-01
-6.091963e-01 -2.860000e-01
-6.125696e-01 -2.850000e-01
-6.159299e-01 -2.840000e-01
-6.192770e-01 -2.830000e-01
-6.226107e-01 -2.820000e-01
-6.259308e-01 -2.810000e-01
-6.292373e-01 -2.800000e-01
-6.325298e-01 -2.790000e-01
-6.358084e-01 -2.780000e-01
-6.390727e-01 -2.770000e-01
-6.423227e-01 -2.760000e-01
-6.455582e-01 -2.750000e-01
-6.487790e-01 -2.740000e-01
-6.519850e-01 -2.730000e-01
-6.551760e-01 -2.720000e-01
-6.583518e-01 -2.710000e-01
-6.615123e-01 -2.700000e-01
-6.646574e-01 -2.690000e-01
-6.677868e-01 -2.680000e-01
-6.709004e-01 -2.670000e-01
-6.739981e-01 -2.660000e-01
-6.770797e-01 -2.650000e-01
-6.801450e-01 -2.640000e-01
-6.831939e-01 -2.630000e-01
-6.862263e-01 -2.620000e-01
-6.892419e-01 -2.610000e-01
-6.922407e-01 -2.600000e-01
-6.952224e-01 -2.590000e-01
-6.981869e-01 -2.580000e-01
-7.011341e-01 -2.570000e-01
-7.040638e-01 -2.560000e-01
-7.069759e-01 -2.550000e-01
-7.098702e-01 -2.540000e-01
-7.127465e-01 -2.530000e-01
-7.156047e-01 -2.520000e-01
-7.184447e-01 -2.510000e-01
-7.212662e-01 -2.500000e-01
-7.240692e-01 -2.490000e-01
-7.268535e-01 -2.480000e-01
-7.296190e-01 -2.470000e-01
-7.323654e-01 -2.460000e-01
-7.350927e-01 -2.450000e-01
-7.378007e-01 -2.440000e-01
-7.404892e-01 -2.430000e-01
-7.431581e-01 -2.420000e-01
-7.458073e-01 -2.410000e-01
-7.484366e-01 -2.400000e-01
-7.510458e-01 -2.390000e-01
-7.536348e-01 -2.380000e-01
-7.562034e-01 -2.370000e-01
-7.587516e-01 -2.360000e-01
-7.612791e-01 -2.350000e-01
-7.637858e-01 -2.340000e-01
-7.662716e-01 -2.330000e-01
-7.687363e-01 -2.320000e-01
-7.711797e-01 -2.310000e-01
-7.736018e-01 -2.300000e-01
-7.760023e-01 -2.290000e-01
-7.783811e-01 -2.280000e-01
-7.807381e-01 -2.270000e-01
-7.830732e-01 -2.260000e-01
-7.853860e-01 -2.250000e-01
-7.876766e-01 -2.240000e-01
-7.899448e-01 -2.230000e-01
-7.921904e-01 -2.220000e-01
-7.944132e-01 -2.210000e-01
-7.966132e-01 -2.200000e-01
-7.987901e-01 -2.190000e-01
-8.009438e-01 -2.180000e-01
-8.030743e-01 -2.170000e-01
-8.051812e-01 -2.160000e-01
-8.072645e-01 -2.150000e-01
-8.093240e-01 -2.140000e-01
-8.113595e-01 -2.130000e-01
-8.133710e-01 -2.120000e-01
-8.153582e-01 -2.110000e-01
-8.173209e-01 -2.100000e-01
-8.192592e-01 -2.090000e-01
-8.211727e-01 -2.080000e-01
-8.230613e-01 -2.070000e-01
-8.249249e-01 -2.060000e-01
-8.267633e-01 -2.050000e-01
-8.285764e-01 -2.040000e-01
-8.303639e-01 -2.030000e-01
-8.321258e-01 -2.020000e-01
-8.338618e-01 -2.010000e-01
-8.355719e-01 -2.000000e-01
-8.372557e-01 -1.990000e-01
-8.389133e-01 -1.980000e-01
-8.405443e-01 -1.970000e-01
-8.421487e-01 -1.960000e-01
-8.437263e-01 -1.950000e-01
-8.452769e-01 -1.940000e-01
-8.468002e-01 -1.930000e-01
-8.482963e-01 -1.920000e-01
-8.497648e-01 -1.910000e-01
-8.512056e-01 -1.900000e-01
-8.526186e-01 -1.890000e-01
-8.540035e-01 -1.880000e-01
-8.553602e-01 -1.870000e-01
-8.566884e-01 -1.860000e-01
-8.579881e-01 -1.850000e-01
-8.592589e-01 -1.840000e-01
-8.605008e-01 -1.830000e-01
-8.617135e-01 -1.820000e-01
-8.628969e-01 -1.810000e-01
-8.640507e-01 -1.800000e-01
-8.651747e-01 -1.790000e-01
-8.662688e-01 -1.780000e-01
-8.673327e-01 -1.770000e-01
-8.683663e-01 -1.760000e-01
-8.693693e-01 -1.750000e-01
-8.703416e-01 -1.740000e-01
-8.712828e-01 -1.730000e-01
-8.721928e-01 -1.720000e-01
-8.730714e-01 -1.710000e-01
-8.739184e-01 -1.700000e-01
-8.747335e-01 -1.690000e-01
-8.755165e-01 -1.680000e-01
-8.762671e-01 -1.670000e-01
-8.769852e-01 -1.660000e-01
-8.776705e-01 -1.650000e-01
-8.783227e-01 -1.640000e-01
-8.789416e-01 -1.630000e-01
-8.795270e-01 -1.620000e-01
-8.800786e-01 -1.610000e-01
-8.805961e-01 -1.600000e-01
-8.810793e-01 -1.590000e-01
-8.815279e-01 -1.580000e-01
-8.819416e-01 -1.570000e-01
-8.823202e-01 -1.560000e-01
-8.826634e-01 -1.550000e-01
-8.829709e-01 -1.540000e-01
-8.832423e-01 -1.530000e-01
-8.834775e-01 -1.520000e-01
-8.836761e-01 -1.510000e-01
-8.838377e-01 -1.500000e-01
-8.839622e-01 -1.490000e-01
-8.840491e-01 -1.480000e-01
-8.840981e-01 -1.470000e-01
-8.841089e-01 -1.460000e-01
-8.840812e-01 -1.450000e-01
-8.840146e-01 -1.440000e-01
-8.839087e-01 -1.430000e-01
-8.837633e-01 -1.420000e-01
-8.835778e-01 -1.410000e-01
-8.833520e-01 -1.400000e-01
-8.830855e-01 -1.390000e-01
-8.827779e-01 -1.380000e-01
-8.824287e-01 -1.370000e-01
-8.820376e-01 -1.360000e-01
-8.816042e-01 -1.350000e-01
-8.811279e-01 -1.340000e-01
-8.806085e-01 -1.330000e-01
-8.800454e-01 -1.320000e-01
-8.794382e-01 -1.310000e-01
-8.787864e-01 -1.300000e-01
-8.780895e-01 -1.290000e-01
-8.773471e-01 -1.280000e-01
-8.765586e-01 -1.270000e-01
-8.757236e-01 -1.260000e-01
-8.748415e-01 -1.250000e-01
-8.739117e-01 -1.240000e-01
-8.729338e-01 -1.230000e-01
-8.719072e-01 -1.220000e-01
-8.708312e-01 -1.210000e-01
-8.697054e-01 -1.200000e-01
-8.685290e-01 -1.190000e-01
-8.673015e-01 -1.180000e-01
-8.660223e-01 -1.170000e-01
-8.646906e-01 -1.160000e-01
-8.633059e-01 -1.150000e-01
-8.618674e-01 -1.140000e-01
-8.603744e-01 -1.130000e-01
-8.588262e-01 -1.120000e-01
-8.572221e-01 -1.110000e-01
-8.555613e-01 -1.100000e-01
-8.538430e-01 -1.090000e-01
-8.520664e-01 -1.080000e-01
-8.502307e-01 -1.070000e-01
-8.483351e-01 -1.060000e-01
-8.463786e-01 -1.050000e-01
-8.443604e-01 -1.040000e-01
-8.422796e-01 -1.030000e-01
-8.401351e-01 -1.020000e-01
-8.379261e-01 -1.010000e-01
-8.356516e-01 -1.000000e-01
-8.333104e-01 -9.900000e-02
-8.309016e-01 -9.800000e-02
-8.284240e-01 -9.700000e-02
-8.258766e-01 -9.600000e-02
-8.232581e-01 -9.500000e-02
-8.205674e-01 -9.400000e-02
-8.178032e-01 -9.300000e-02
-8.149643e-01 -9.200000e-02
-8.120494e-01 -9.100000e-02
-8.090571e-01 -9.000000e-02
-8.059860e-01 -8.900000e-02
-8.028346e-01 -8.800000e-02
-7.996016e-01 -8.700000e-02
-7.962853e-01 -8.600000e-02
-7.928843e-01 -8.500000e-02
-7.893967e-01 -8.400000e-02
-7.858210e-01 -8.300000e-02
-7.821555e-01 -8.200000e-02
-7.783982e-01 -8.100000e-02
-7.745474e-01 -8.000000e-02
-7.706010e-01 -7.900000e-02
-7.665572e-01 -7.800000e-02
-7.624138e-01 -7.700000e-02
-7.581686e-01 -7.600000e-02
-7.538195e-01 -7.500000e-02
-7.493641e-01 -7.400000e-02
-7.448000e-01 -7.300000e-02
-7.401247e-01 -7.200000e-02
-7.353357e-01 -7.100000e-02
-7.304303e-01 -7.000000e-02
-7.254056e-01 -6.900000e-02
-7.202589e-01 -6.800000e-02
-7.149869e-01 -6.700000e-02
-7.095867e-01 -6.600000e-02
-7.040550e-01 -6.500000e-02
-6.983882e-01 -6.400000e-02
-6.925830e-01 -6.300000e-02
-6.866356e-01 -6.200000e-02
-6.805420e-01 -6.100000e-02
-6.742984e-01 -6.000000e-02
-6.679004e-01 -5.900000e-02
-6.613437e-01 -5.800000e-02
-6.546237e-01 -5.700000e-02
-6.477354e-01 -5.600000e-02
-6.406740e-01 -5.500000e-02
-6.334340e-01 -5.400000e-02
-6.260099e-01 -5.300000e-02
-6.183958e-01 -5.200000e-02
-6.105857e-01 -5.100000e-02
-6.025731e-01 -5.000000e-02
-5.943511e-01 -4.900000e-02
-5.859126e-01 -4.800000e-02
-5.772501e-01 -4.700000e-02
-5.683557e-01 -4.600000e-02
-5.592207e-01 -4.500000e-02
-5.498365e-01 -4.400000e-02
-5.401935e-01 -4.300000e-02
-5.302818e-01 -4.200000e-02
-5.200907e-01 -4.100000e-02
-5.096090e-01 -4.000000e-02
-4.988247e-01 -3.900000e-02
-4.877249e-01 -3.800000e-02
-4.762961e-01 -3.700000e-02
-4.645237e-01 -3.600000e-02
-4.523921e-01 -3.500000e-02
-4.398845e-01 -3.400000e-02
-4.269830e-01 -3.300000e-02
-4.136684e-01 -3.200000e-02
-3.999197e-01 -3.100000e-02
-3.857144e-01 -3.000000e-02
-3.710283e-01 -2.900000e-02
-3.558350e-01 -2.800000e-02
-3.401056e-01 -2.700000e-02
-3.238090e-01 -2.600000e-02
-3.069109e-01 -2.500000e-02
-2.893738e-01 -2.400000e-02
-2.711565e-01 -2.300000e-02
-2.522134e-01 -2.200000e-02
-2.324943e-01 -2.100000e-02
-2.119430e-01 -2.000000e-02
-1.904972e-01 -1.900000e-02
-1.680869e-01 -1.800000e-02
-1.446333e-01 -1.700000e-02
-1.200470e-01 -1.600000e-02
-9.422650e-02 -1.500000e-02
-6.705546e-02 -1.400000e-02
-3.839961e-02 -1.300000e-02
-8.102929e-03 -1.200000e-02
2.401745e-02 -1.100000e-02
5.817790e-02 -1.000000e-02
9.463719e-02 -9.000000e-03
1.337086e-01 -8.000000e-03
1.757765e-01 -7.000000e-03
2.213204e-01 -6.000000e-03
2.709497e-01 -5.000000e-03
3.254564e-01 -4.000000e-03
3.858977e-01 -3.000000e-03
4.537323e-01 -2.000000e-03
5.310594e-01 -1.000000e-03
6.210683e-01 8.812395e-16
5.326594e-01 1.000000e-03
4.569323e-01 2.000000e-03
3.906976e-01 3.000000e-03
3.318563e-01 4.000000e-03
2.789495e-01 5.000000e-03
2.309200e-01 6.000000e-03
1.869759e-01 7.000000e-03
1.465077e-01 8.000000e-03
1.090359e-01 9.000000e-03
7.417617e-02 1.000000e-02
4.161514e-02 1.100000e-02
1.109408e-02 1.200000e-02
-1.760342e-02 1.300000e-02
-4.466022e-02 1.400000e-02
-7.023235e-02 1.500000e-02
-9.445407e-02 1.600000e-02
-1.174418e-01 1.700000e-02
-1.392970e-01 1.800000e-02
-1.601091e-01 1.900000e-02
-1.799569e-01 2.000000e-02
-1.989103e-01 2.100000e-02
-2.170319e-01 2.200000e-02
-2.343776e-01 2.300000e-02
-2.509978e-01 2.400000e-02
-2.669380e-01 2.500000e-02
-2.822395e-01 2.600000e-02
-2.969398e-01 2.700000e-02
-3.110730e-01 2.800000e-02
-3.246706e-01 2.900000e-02
-3.377612e-01 3.000000e-02
-3.503713e-01 3.100000e-02
-3.625252e-01 3.200000e-02
-3.742454e-01 3.300000e-02
-3.855527e-01 3.400000e-02
-3.964664e-01 3.500000e-02
-4.070046e-01 3.600000e-02
-4.171840e-01 3.700000e-02
-4.270201e-01 3.800000e-02
-4.365275e-01 3.900000e-02
-4.457200e-01 4.000000e-02
-4.546102e-01 4.100000e-02
-4.632103e-01 4.200000e-02
-4.715314e-01 4.300000e-02
-4.795842e-01 4.400000e-02
-4.873788e-01 4.500000e-02
-4.949245e-01 4.600000e-02
-5.022302e-01 4.700000e-02
-5.093044e-01 4.800000e-02
-5.161551e-01 4.900000e-02
-5.227899e-01 5.000000e-02
-5.292158e-01 5.100000e-02
-5.354397e-01 5.200000e-02
-5.414681e-01 5.300000e-02
-5.473071e-01 5.400000e-02
-5.529626e-01 5.500000e-02
-5.584401e-01 5.600000e-02
-5.637450e-01 5.700000e-02
-5.688822e-01 5.800000e-02
-5.738568e-01 5.900000e-02
-5.786732e-01 6.000000e-02
-5.833359e-01 6.100000e-02
-5.878491e-01 6.200000e-02
-5.922169e-01 6.300000e-02
-5.964431e-01 6.400000e-02
-6.005315e-01 6.500000e-02
-6.044856e-01 6.600000e-02
-6.083089e-01 6.700000e-02
-6.120045e-01 6.800000e-02
-6.155758e-01 6.900000e-02
-6.190256e-01 7.000000e-02
-6.223569e-01 7.100000e-02
-6.255726e-01 7.200000e-02
-6.286752e-01 7.300000e-02
-6.316675e-01 7.400000e-02
-6.345518e-01 7.500000e-02
-6.373307e-01 7.600000e-02
-6.400063e-01 7.700000e-02
-6.425811e-01 7.800000e-02
-6.450570e-01 7.900000e-02
-6.474363e-01 8.000000e-02
-6.497210e-01 8.100000e-02
-6.519129e-01 8.200000e-02
-6.540139e-01 8.300000e-02
-6.560260e-01 8.400000e-02
-6.579508e-01 8.500000e-02
-6.597900e-01 8.600000e-02
-6.615453e-01 8.700000e-02
-6.632183e-01 8.800000e-02
-6.648105e-01 8.900000e-02
-6.663234e-01 9.000000e-02
-6.677584e-01 9.100000e-02
-6.691171e-01 9.200000e-02
-6.704006e-01 9.300000e-02
-6.716104e-01 9.400000e-02
-6.727478e-01 9.500000e-02
-6.738139e-01 9.600000e-02
-6.748099e-01 9.700000e-02
-6.757371e-01 9.800000e-02
-6.765966e-01 9.900000e-02
-6.773895e-01 1.000000e-01
-6.781168e-01 1.010000e-01
-6.787796e-01 1.020000e-01
-6.793789e-01 1.030000e-01
-6.799158e-01 1.040000e-01
-6.803910e-01 1.050000e-01
-6.808056e-01 1.060000e-01
-6.811606e-01 1.070000e-01
-6.814567e-01 1.080000e-01
-6.816948e-01 1.090000e-01
-6.818758e-01 1.100000e-01
-6.820004e-01 1.110000e-01
-6.820695e-01 1.120000e-01
-6.820839e-01 1.130000e-01
-6.820443e-01 1.140000e-01
-6.819514e-01 1.150000e-01
-6.818059e-01 1.160000e-01
-6.816085e-01 1.170000e-01
-6.813600e-01 1.180000e-01
-6.810610e-01 1.190000e-01
-6.807121e-01 1.200000e-01
-6.803139e-01 1.210000e-01
-6.798672e-01 1.220000e-01
-6.793724e-01 1.230000e-01
-6.788301e-01 1.240000e-01
-6.782410e-01 1.250000e-01
-6.776056e-01 1.260000e-01
-6.769245e-01 1.270000e-01
-6.761981e-01 1.280000e-01
-6.754270e-01 1.290000e-01
-6.746117e-01 1.300000e-01
-6.737528e-01 1.310000e-01
-6.728506e-01 1.320000e-01
-6.719057e-01 1.330000e-01
-6.709186e-01 1.340000e-01
-6.698897e-01 1.350000e-01
-6.688194e-01 1.360000e-01
-6.677082e-01 1.370000e-01
-6.665565e-01 1.380000e-01
-6.653647e-01 1.390000e-01
-6.641333e-01 1.400000e-01
-6.628627e-01 1.410000e-01
-6.615532e-01 1.420000e-01
-6.602052e-01 1.430000e-01
-6.588191e-01 1.440000e-01
-6.573954e-01 1.450000e-01
-6.559342e-01 1.460000e-01
-6.544361e-01 1.470000e-01
-6.529013e-01 1.480000e-01
-6.513302e-01 1.490000e-01
-6.497232e-01 1.500000e-01
-6.480805e-01 1.510000e-01
-6.464026e-01 1.520000e-01
-6.446896e-01 1.530000e-01
-6.429420e-01 1.540000e-01
-6.411600e-01 1.550000e-01
-6.393439e-01 1.560000e-01
-6.374941e-01 1.570000e-01
-6.356108e-01 1.580000e-01
-6.336943e-01 1.590000e-01
-6.317450e-01 1.600000e-01
-6.297630e-01 1.610000e-01
-6.277487e-01 1.620000e-01
-6.257022e-01 1.630000e-01
-6.236240e-01 1.640000e-01
-6.215143e-01 1.650000e-01
-6.193732e-01 1.660000e-01
-6.172011e-01 1.670000e-01
-6.149982e-01 1.680000e-01
-6.127648e-01 1.690000e-01
-6.105011e-01 1.700000e-01
-6.082073e-01 1.710000e-01
-6.058837e-01 1.720000e-01
-6.035306e-01 1.730000e-01
-6.011480e-01 1.740000e-01
-5.987364e-01 1.750000e-01
-5.962958e-01 1.760000e-01
-5.938265e-01 1.770000e-01
-5.913288e-01 1.780000e-01
-5.888029e-01 1.790000e-01
-5.862488e-01 1.800000e-01
-5.836670e-01 1.810000e-01
-5.810576e-01 1.820000e-01
-5.784207e-01 1.830000e-01
-5.757567e-01 1.840000e-01
-5.730656e-01 1.850000e-01
-5.703478e-01 1.860000e-01
-5.676033e-01 1.870000e-01
-5.648324e-01 1.880000e-01
-5.620353e-01 1.890000e-01
-5.592122e-01 1.900000e-01
-5.563633e-01 1.910000e-01
-5.534887e-01 1.920000e-01
-5.505887e-01 1.930000e-01
-5.476634e-01 1.940000e-01
-5.447130e-01 1.950000e-01
-5.417378e-01 1.960000e-01
-5.387378e-01 1.970000e-01
-5.357133e-01 1.980000e-01
-5.326644e-01 1.990000e-01
-5.295913e-01 2.000000e-01
-5.264943e-01 2.010000e-01
-5.233734e-01 2.020000e-01
-5.202289e-01 2.030000e-01
-5.170608e-01 2.040000e-01
-5.138695e-01 2.050000e-01
-5.106551e-01 2.060000e-01
-5.074177e-01 2.070000e-01
-5.041575e-01 2.080000e-01
-5.008747e-01 2.090000e-01
-4.975694e-01 2.100000e-01
-4.942418e-01 2.110000e-01
-4.908921e-01 2.120000e-01
-4.875205e-01 2.130000e-01
-4.841271e-01 2.140000e-01
-4.807121e-01 2.150000e-01
-4.772756e-01 2.160000e-01
-4.738178e-01 2.170000e-01
-4.703389e-01 2.180000e-01
-4.668391e-01 2.190000e-01
-4.633184e-01 2.200000e-01
-4.597771e-01 2.210000e-01
-4.562153e-01 2.220000e-01
-4.526333e-01 2.230000e-01
-4.490310e-01 2.240000e-01
-4.454088e-01 2.250000e-01
-4.417668e-01 2.260000e-01
-4.381051e-01 2.270000e-01
-4.344239e-01 2.280000e-01
-4.307233e-01 2.290000e-01
-4.270036e-01 2.300000e-01
-4.232648e-01 2.310000e-01
-4.195072e-01 2.320000e-01
-4.157309e-01 2.330000e-01
-4.119361e-01 2.340000e-01
-4.081229e-01 2.350000e-01
-4.042914e-01 2.360000e-01
-4.004420e-01 2.370000e-01
-3.965746e-01 2.380000e-01
-3.926895e-01 2.390000e-01
-3.887868e-01 2.400000e-01
-3.848667e-01 2.410000e-01
-3.809293e-01 2.420000e-01
-3.769749e-01 2.430000e-01
-3.730035e-01 2.440000e-01
-3.690154e-01 2.450000e-01
-3.650107e-01 2.460000e-01
-3.609895e-01 2.470000e-01
-3.569521e-01 2.480000e-01
-3.528985e-01 2.490000e-01
-3.488290e-01 2.500000e-01
-3.447437e-01 2.510000e-01
-3.406428e-01 2.520000e-01
-3.365264e-01 2.530000e-01
-3.323947e-01 2.540000e-01
-3.282479e-01 2.550000e-01
-3.240862e-01 2.560000e-01
-3.199096e-01 2.570000e-01
-3.157184e-01 2.580000e-01
-3.115127e-01 2.590000e-01
-3.072927e-01 2.600000e-01
-3.030586e-01 2.610000e-01
-2.988105e-01 2.620000e-01
-2.945485e-01 2.630000e-01
-2.902730e-01 2.640000e-01
-2.859840e-01 2.650000e-01
-2.816817e-01 2.660000e-01
-2.773663e-01 2.670000e-01
-2.730379e-01 2.680000e-01
-2.686967e-01 2.690000e-01
-2.643429e-01 2.700000e-01
-2.599766e-01 2.710000e-01
-2.555981e-01 2.720000e-01
-2.512075e-01 2.730000e-01
-2.468049e-01 2.740000e-01
-2.423906e-01 2.750000e-01
-2.379646e-01 2.760000e-01
-2.335273e-01 2.770000e-01
-2.290787e-01 2.780000e-01
-2.246191e-01 2.790000e-01
-2.201486e-01 2.800000e-01
-2.156673e-01 2.810000e-01
-2.111756e-01 2.820000e-01
-2.066734e-01 2.830000e-01
-2.021611e-01 2.840000e-01
-1.976388e-01 2.850000e-01
-1.931066e-01 2.860000e-01
-1.885648e-01 2.870000e-01
-1.840135e-01 2.880000e-01
-1.794529e-01 2.890000e-01
-1.748832e-01 2.900000e-01
-1.703046e-01 2.910000e-01
-1.657173e-01 2.920000e-01
-1.611213e-01 2.930000e-01
-1.565170e-01 2.940000e-01
-1.519045e-01 2.950000e-01
-1.472839e-01 2.960000e-01
-1.426556e-01 2.970000e-01
-1.380195e-01 2.980000e-01
-1.333760e-01 2.990000e-01
-1.287253e-01 3.000000e-01
-1.240674e-01 3.010000e-01
-1.194026e-01 3.020000e-01
-1.147311e-01 3.030000e-01
-1.100530e-01 3.040000e-01
-1.053686e-01 3.050000e-01
-1.006781e-01 3.060000e-01
-9.598157e-02 3.070000e-01
-9.127926e-02 3.080000e-01
-8.657136e-02 3.090000e-01
-8.185806e-02 3.100000e-01
-7.713955e-02 3.110000e-01
-7.241601e-02 3.120000e-01
-6.768765e-02 3.130000e-01
-6.295465e-02 3.140000e-01
-5.821721e-02 3.150000e-01
-5.347551e-02 3.160000e-01
-4.872976e-02 3.170000e-01
-4.398015e-02 3.180000e-01
-3.922686e-02 3.190000e-01
-3.447010e-02 3.200000e-01
-2.971007e-02 3.210000e-01
-2.494694e-02 3.220000e-01
-2.018094e-02 3.230000e-01
-1.541224e-02 3.240000e-01
-1.064105e-02 3.250000e-01
-5.867564e-03 3.260000e-01
-1.091981e-03 3.270000e-01
3.685501e-03 3.280000e-01
8.464682e-03 3.290000e-01
1.324536e-02 3.300000e-01
1.802735e-02 3.310000e-01
2.281043e-02 3.320000e-01
2.759441e-02 3.330000e-01
3.237910e-02 3.340000e-01
3.716428e-02 3.350000e-01
4.194975e-02 3.360000e-01
4.673532e-02 3.370000e-01
5.152078e-02 3.380000e-01
5.630593e-02 3.390000e-01
6.109057e-02 3.400000e-01
6.587449e-02 3.410000e-01
7.065748e-02 3.420000e-01
7.543934e-02 3.430000e-01
8.021988e-02 3.440000e-01
8.499888e-02 3.450000e-01
8.977613e-02 3.460000e-01
9.455144e-02 3.470000e-01
9.932459e-02 3.480000e-01
1.040954e-01 3.490000e-01
1.088636e-01 3.500000e-01
1.136290e-01 3.510000e-01
1.183915e-01 3.520000e-01
1.231508e-01 3.530000e-01
1.279067e-01 3.540000e-01
1.326589e-01 3.550000e-01
1.374074e-01 3.560000e-01
1.421518e-01 3.570000e-01
1.468920e-01 3.580000e-01
1.516277e-01 3.590000e-01
1.563588e-01 3.600000e-01
1.610850e-01 3.610000e-01
1.658062e-01 3.620000e-01
1.705220e-01 3.630000e-01
1.752324e-01 3.640000e-01
1.799370e-01 3.650000e-01
1.846358e-01 3.660000e-01
1.893284e-01 3.670000e-01
1.940146e-01 3.680000e-01
1.986943e-01 3.690000e-01
2.033672e-01 3.700000e-01
2.080331e-01 3.710000e-01
2.126919e-01 3.720000e-01
2.173432e-01 3.730000e-01
2.219869e-01 3.740000e-01
2.266228e-01 3.750000e-01
2.312506e-01 3.760000e-01
2.358701e-01 3.770000e-01
2.404811e-01 3.780000e-01
2.450835e-01 3.790000e-01
2.496769e-01 3.800000e-01
2.542612e-01 3.810000e-01
2.588362e-01 3.820000e-01
2.634016e-01 3.830000e-01
2.679572e-01 3.840000e-01
2.725029e-01 3.850000e-01
2.770383e-01 3.860000e-01
2.815633e-01 3.870000e-01
2.860776e-01 3.880000e-01
2.905811e-01 3.890000e-01
2.950735e-01 3.900000e-01
2.995547e-01 3.910000e-01
3.040243e-01 3.920000e-01
3.084821e-01 3.930000e-01
3.129280e-01 3.940000e-01
3.173618e-01 3.950000e-01
3.217832e-01 3.960000e-01
3.261919e-01 3.970000e-01
3.305879e-01 3.980000e-01
3.349708e-01 3.990000e-01
3.393404e-01 4.000000e-01
3.436965e-01 4.010000e-01
3.480390e-01 4.020000e-01
3.523675e-01 4.030000e-01
3.566819e-01 4.040000e-01
3.609819e-01 4.050000e-01
3.652674e-01 4.060000e-01
3.695380e-01 4.070000e-01
3.737936e-01 4.080000e-01
3.780340e-01 4.090000e-01
3.822589e-01 4.100000e-01
3.864681e-01 4.110000e-01
3.906614e-01 4.120000e-01
3.948386e-01 4.130000e-01
3.989995e-01 4.140000e-01
4.031437e-01 4.150000e-01
4.072712e-01 4.160000e-01
4.113817e-01 4.170000e-01
4.154749e-01 4.180000e-01
4.195507e-01 4.190000e-01
4.236088e-01 4.200000e-01
4.276489e-01 4.210000e-01
4.316710e-01 4.220000e-01
4.356747e-01 4.230000e-01
4.396598e-01 4.240000e-01
4.436262e-01 4.250000e-01
4.475735e-01 4.260000e-01
4.515016e-01 4.270000e-01
4.554102e-01 4.280000e-01
4.592991e-01 4.290000e-01
4.631681e-01 4.300000e-01
4.670170e-01 4.310000e-01
4.708455e-01 4.320000e-01
4.746535e-01 4.330000e-01
4.784406e-01 4.340000e-01
4.822067e-01 4.350000e-01
4.859515e-01 4.360000e-01
4.896749e-01 4.370000e-01
4.933765e-01 4.380000e-01
4.970562e-01 4.390000e-01
5.007137e-01 4.400000e-01
5.043489e-01 4.410000e-01
5.079615e-01 4.420000e-01
5.115512e-01 4.430000e-01
5.151179e-01 4.440000e-01
5.186612e-01 4.450000e-01
5.221811e-01 4.460000e-01
5.256772e-01 4.470000e-01
5.291494e-01 4.480000e-01
5.325974e-01 4.490000e-01
5.360209e-01 4.500000e-01
5.394198e-01 4.510000e-01
5.427939e-01 4.520000e-01
5.461428e-01 4.530000e-01
5.494664e-01 4.540000e-01
5.527645e-01 4.550000e-01
5.560368e-01 4.560000e-01
5.592831e-01 4.570000e-01
5.625031e-01 4.580000e-01
5.656967e-01 4.590000e-01
5.688636e-01 4.600000e-01
5.720036e-01 4.610000e-01
5.751164e-01 4.620000e-01
5.782019e-01 4.630000e-01
5.812597e-01 4.640000e-01
5.842898e-01 4.650000e-01
5.872917e-01 4.660000e-01
5.902654e-01 4.670000e-01
5.932106e-01 4.680000e-01
5.961270e-01 4.690000e-01
5.990144e-01 4.700000e-01
6.018727e-01 4.710000e-01
6.047015e-01 4.720000e-01
6.075006e-01 4.730000e-01
6.102699e-01 4.740000e-01
6.130090e-01 4.750000e-01
6.157178e-01 4.760000e-01
6.183959e-01 4.770000e-01
6.210433e-01 4.780000e-01
6.236596e-01 4.790000e-01
6.262447e-01 4.800000e-01
6.287982e-01 4.810000e-01
6.313200e-01 4.820000e-01
6.338098e-01 4.830000e-01
6.362675e-01 4.840000e-01
6.386927e-01 4.850000e-01
6.410852e-01 4.860000e-01
6.434448e-01 4.870000e-01
6.457714e-01 4.880000e-01
6.480645e-01 4.890000e-01
6.503241e-01 4.900000e-01
6.525498e-01 4.910000e-01
6.547415e-01 4.920000e-01
6.568989e-01 4.930000e-01
6.590218e-01 4.940000e-01
6.611099e-01 4.950000e-01
6.751511e-01 4.960000e-01
6.891332e-01 4.970000e-01
7.030563e-01 4.980000e-01
7.169202e-01 4.990000e-01
7.307250e-01 5.000000e-01
7.444706e-01 5.010000e-01
7.581568e-01 5.020000e-01
7.717838e-01 5.030000e-01
7.853514e-01 5.040000e-01
7.988596e-01 5.050000e-01
8.123083e-01 5.060000e-01
8.256974e-01 5.070000e-01
8.390270e-01 5.080000e-01
8.522968e-01 5.090000e-01
8.655070e-01 5.100000e-01
8.786573e-01 5.110000e-01
8.917478e-01 5.120000e-01
9.047783e-01 5.130000e-01
9.177488e-01 5.140000e-01
9.306592e-01 5.150000e-01
9.435095e-01 5.160000e-01
9.562995e-01 5.170000e-01
9.690293e-01 5.180000e-01
9.816986e-01 5.190000e-01
9.943075e-01 5.200000e-01
1.006856e+00 5.210000e-01
1.019344e+00 5.220000e-01
1.031771e+00 5.230000e-01
1.044137e+00 5.240000e-01
1.056442e+00 5.250000e-01
1.068687e+00 5.260000e-01
1.080870e+00 5.270000e-01
1.092992e+00 5.280000e-01
1.105053e+00 5.290000e-01
1.117053e+00 5.300000e-01
1.128991e+00 5.310000e-01
1.140867e+00 5.320000e-01
1.152682e+00 5.330000e-01
1.164436e+00 5.340000e-01
1.176127e+00 5.350000e-01
1.187757e+00 5.360000e-01
1.199325e+00 5.370000e-01
1.210830e+00 5.380000e-01
1.222273e+00 5.390000e-01
1.233654e+00 5.400000e-01
1.244973e+00 5.410000e-01
1.256229e+00 5.420000e-01
1.267422e+00 5.430000e-01
1.278553e+00 5.440000e-01
1.289620e+00 5.450000e-01
1.300625e+00 5.460000e-01
1.311567e+00 5.470000e-01
1.322445e+00 5.480000e-01
1.333261e+00 5.490000e-01
1.344012e+00 5.500000e-01
1.354701e+00 5.510000e-01
1.365325e+00 5.520000e-01
1.375886e+00 5.530000e-01
1.386383e+00 5.540000e-01
1.396816e+00 5.550000e-01
1.407185e+00 5.560000e-01
1.417489e+00 5.570000e-01
1.427730e+00 5.580000e-01
1.437905e+00 5.590000e-01
1.448016e+00 5.600000e-01
1.458063e+00 5.610000e-01
1.468044e+00 5.620000e-01
1.477961e+00 5.630000e-01
1.487812e+00 5.640000e-01
1.497598e+00 5.650000e-01
1.507319e+00 5.660000e-01
1.516975e+00 5.670000e-01
1.526564e+00 5.680000e-01
1.536088e+00 5.690000e-01
1.545546e+00 5.700000e-01
1.554938e+00 5.710000e-01
1.564264e+00 5.720000e-01
1.573524e+00 5.730000e-01
1.582717e+00 5.740000e-01
1.591844e+00 5.750000e-01
1.600904e+00 5.760000e-01
1.609897e+00 5.770000e-01
1.618823e+00 5.780000e-01
1.627682e+00 5.790000e-01
1.636474e+00 5.800000e-01
1.645199e+00 5.810000e-01
1.653856e+00 5.820000e-01
1.662446e+00 5.830000e-01
1.670967e+00 5.840000e-01
1.679421e+00 5.850000e-01
1.687807e+00 5.860000e-01
1.696124e+00 5.870000e-01
1.704374e+00 5.880000e-01
1.712554e+00 5.890000e-01
1.720667e+00 5.900000e-01
1.728710e+00 5.910000e-01
1.736685e+00 5.920000e-01
1.744590e+00 5.930000e-01
1.752426e+00 5.940000e-01
1.760193e+00 5.950000e-01
1.767891e+00 5.960000e-01
1.775519e+00 5.970000e-01
1.783077e+00 5.980000e-01
1.790566e+00 5.990000e-01
1.797984e+00 6.000000e-01
1.805332e+00 6.010000e-01
1.812610e+00 6.020000e-01
1.819817e+00 6.030000e-01
1.826954e+00 6.040000e-01
1.834020e+00 6.050000e-01
1.841015e+00 6.060000e-01
1.847939e+00 6.070000e-01
1.854792e+00 6.080000e-01
1.861573e+00 6.090000e-01
1.868283e+00 6.100000e-01
1.874922e+00 6.110000e-01
1.881488e+00 6.120000e-01
1.887983e+00 6.130000e-01
1.894406e+00 6.140000e-01
1.900756e+00 6.150000e-01
1.907034e+00 6.160000e-01
1.913240e+00 6.170000e-01
1.919373e+00 6.180000e-01
1.925433e+00 6.190000e-01
1.931420e+00 6.200000e-01
1.937335e+00 6.210000e-01
1.943176e+00 6.220000e-01
1.948943e+00 6.230000e-01
1.954637e+00 6.240000e-01
1.960258e+00 6.250000e-01
1.965804e+00 6.260000e-01
1.971277e+00 6.270000e-01
1.976675e+00 6.280000e-01
1.982000e+00 6.290000e-01
1.987250e+00 6.300000e-01
1.992425e+00 6.310000e-01
1.997526e+00 6.320000e-01
2.002552e+00 6.330000e-01
2.007502e+00 6.340000e-01
2.012378e+00 6.350000e-01
2.017179e+00 6.360000e-01
2.021904e+00 6.370000e-01
2.026554e+00 6.380000e-01
2.031128e+00 6.390000e-01
2.035626e+00 6.400000e-01
2.040048e+00 6.410000e-01
2.044394e+00 6.420000e-01
2.048664e+00 6.430000e-01
2.052858e+00 6.440000e-01
2.056975e+00 6.450000e-01
2.061015e+00 6.460000e-01
2.064979e+00 6.470000e-01
2.068866e+00 6.480000e-01
2.072675e+00 6.490000e-01
2.076408e+00 6.500000e-01
2.080063e+00 6.510000e-01
2.083640e+00 6.520000e-01
2.087140e+00 6.530000e-01
2.090563e+00 6.540000e-01
2.093907e+00 6.550000e-01
2.097173e+00 6.560000e-01
2.100362e+00 6.570000e-01
2.103472e+00 6.580000e-01
2.106503e+00 6.590000e-01
2.109456e+00 6.600000e-01
2.112331e+00 6.610000e-01
2.115126e+00 6.620000e-01
2.117843e+00 6.630000e-01
2.120481e+00 6.640000e-01
2.123039e+00 6.650000e-01
2.125518e+00 6.660000e-01
2.127918e+00 6.670000e-01
2.130239e+00 6.680000e-01
2.132479e+00 6.690000e-01
2.134640e+00 6.700000e-01
2.136721e+00 6.710000e-01
2.138722e+00 6.720000e-01
2.140642e+00 6.730000e-01
2.142483e+00 6.740000e-01
2.144243e+00 6.750000e-01
2.145923e+00 6.760000e-01
2.147521e+00 6.770000e-01
2.149040e+00 6.780000e-01
2.150477e+00 6.790000e-01
2.151834e+00 6.800000e-01
2.153109e+00 6.810000e-01
2.154303e+00 6.820000e-01
2.155416e+00 6.830000e-01
2.156448e+00 6.840000e-01
2.157398e+00 6.850000e-01
2.158266e+00 6.860000e-01
2.159053e+00 6.870000e-01
2.159758e+00 6.880000e-01
2.160381e+00 6.890000e-01
2.160922e+00 6.900000e-01
2.161381e+00 6.910000e-01
2.161758e+00 6.920000e-01
2.162052e+00 6.930000e-01
2.162264e+00 6.940000e-01
2.162394e+00 6.950000e-01
2.162441e+00 6.960000e-01
2.162405e+00 6.970000e-01
2.162287e+00 6.980000e-01
2.162085e+00 6.990000e-01
2.161801e+00 7.000000e-01
2.161434e+00 7.010000e-01
2.160983e+00 7.020000e-01
2.160450e+00 7.030000e-01
2.159833e+00 7.040000e-01
2.159133e+00 7.050000e-01
2.158349e+00 7.060000e-01
2.157482e+00 7.070000e-01
2.156532e+00 7.080000e-01
2.155498e+00 7.090000e-01
2.154380e+00 7.100000e-01
2.153178e+00 7.110000e-01
2.151892e+00 7.120000e-01
2.150523e+00 7.130000e-01
2.149069e+00 7.140000e-01
2.147532e+00 7.150000e-01
2.145910e+00 7.160000e-01
2.144205e+00 7.170000e-01
2.142415e+00 7.180000e-01
2.140540e+00 7.190000e-01
2.138582e+00 7.200000e-01
2.136539e+00 7.210000e-01
2.134412e+00 7.220000e-01
2.132200e+00 7.230000e-01
2.129903e+00 7.240000e-01
2.127523e+00 7.250000e-01
2.125057e+00 7.260000e-01
2.122507e+00 7.270000e-01
2.119872e+00 7.280000e-01
2.117153e+00 7.290000e-01
2.114348e+00 7.300000e-01
2.111459e+00 7.310000e-01
2.108486e+00 7.320000e-01
2.105427e+00 7.330000e-01
2.102283e+00 7.340000e-01
2.099055e+00 7.350000e-01
2.095742e+00 7.360000e-01
2.092344e+00 7.370000e-01
2.088860e+00 7.380000e-01
2.085292e+00 7.390000e-01
2.081639e+00 7.400000e-01
2.077901e+00 7.410000e-01
2.074078e+00 7.420000e-01
2.070170e+00 7.430000e-01
2.066177e+00 7.440000e-01
2.062099e+00 7.450000e-01
2.057936e+00 7.460000e-01
2.053688e+00 7.470000e-01
2.049356e+00 7.480000e-01
2.044938e+00 7.490000e-01
2.040435e+00 7.500000e-01
2.035847e+00 7.510000e-01
2.031174e+00 7.520000e-01
2.026417e+00 7.530000e-01
2.021574e+00 7.540000e-01
2.016647e+00 7.550000e-01
2.011635e+00 7.560000e-01
2.006538e+00 7.570000e-01
2.001356e+00 7.580000e-01
1.996090e+00 7.590000e-01
1.990738e+00 7.600000e-01
1.985302e+00 7.610000e-01
1.979782e+00 7.620000e-01
1.974177e+00 7.630000e-01
1.968487e+00 7.640000e-01
1.962713e+00 7.650000e-01
1.956855e+00 7.660000e-01
1.950912e+00 7.670000e-01
1.944884e+00 7.680000e-01
1.938773e+00 7.690000e-01
1.932577e+00 7.700000e-01
1.926297e+00 7.710000e-01
1.919934e+00 7.720000e-01
1.913486e+00 7.730000e-01
1.906954e+00 7.740000e-01
1.900338e+00 7.750000e-01
1.893639e+00 7.760000e-01
1.886856e+00 7.770000e-01
1.879989e+00 7.780000e-01
1.873039e+00 7.790000e-01
1.866005e+00 7.800000e-01
1.858889e+00 7.810000e-01
1.851688e+00 7.820000e-01
1.844405e+00 7.830000e-01
1.837039e+00 7.840000e-01
1.829590e+00 7.850000e-01
1.822058e+00 7.860000e-01
1.814443e+00 7.870000e-01
1.806746e+00 7.880000e-01
1.798966e+00 7.890000e-01
1.791104e+00 7.900000e-01
1.783160e+00 7.910000e-01
1.775134e+00 7.920000e-01
1.767025e+00 7.930000e-01
1.758835e+00 7.940000e-01
1.750563e+00 7.950000e-01
1.742210e+00 7.960000e-01
1.733775e+00 7.970000e-01
1.725259e+00 7.980000e-01
1.716662e+00 7.990000e-01
1.707984e+00 8.000000e-01
1.699226e+00 8.010000e-01
1.690386e+00 8.020000e-01
1.681466e+00 8.030000e-01
1.672466e+00 8.040000e-01
1.663385e+00 8.050000e-01
1.654225e+00 8.060000e-01
1.644985e+00 8.070000e-01
1.635665e+00 8.080000e-01
1.626266e+00 8.090000e-01
1.616787e+00 8.100000e-01
1.607230e+00 8.110000e-01
1.597593e+00 8.120000e-01
1.587878e+00 8.130000e-01
1.578085e+00 8.140000e-01
1.568213e+00 8.150000e-01
1.558263e+00 8.160000e-01
1.548235e+00 8.170000e-01
1.538129e+00 8.180000e-01
1.527947e+00 8.190000e-01
1.517686e+00 8.200000e-01
1.507349e+00 8.210000e-01
1.496935e+00 8.220000e-01
1.486445e+00 8.230000e-01
1.475878e+00 8.240000e-01
1.465235e+00 8.250000e-01
1.454516e+00 8.260000e-01
1.443722e+00 8.270000e-01
1.432852e+00 8.280000e-01
1.421907e+00 8.290000e-01
1.410887e+00 8.300000e-01
1.399793e+00 8.310000e-01
1.388624e+00 8.320000e-01
1.377381e+00 8.330000e-01
1.366065e+00 8.340000e-01
1.354675e+00 8.350000e-01
1.343211e+00 8.360000e-01
1.331675e+00 8.370000e-01
1.320065e+00 8.380000e-01
1.308384e+00 8.390000e-01
1.296630e+00 8.400000e-01
1.284804e+00 8.410000e-01
1.272907e+00 8.420000e-01
1.260938e+00 8.430000e-01
1.248898e+00 8.440000e-01
1.236788e+00 8.450000e-01
1.224607e+00 8.460000e-01
1.212357e+00 8.470000e-01
1.200036e+00 8.480000e-01
1.187646e+00 8.490000e-01
1.175187e+00 8.500000e-01
1.162659e+00 8.510000e-01
1.150062e+00 8.520000e-01
1.137398e+00 8.530000e-01
1.124666e+00 8.540000e-01
1.111866e+00 8.550000e-01
1.098999e+00 8.560000e-01
1.086065e+00 8.570000e-01
1.073065e+00 8.580000e-01
1.059998e+00 8.590000e-01
1.046866e+00 8.600000e-01
1.033669e+00 8.610000e-01
1.020406e+00 8.620000e-01
1.007079e+00 8.630000e-01
9.936873e-01 8.640000e-01
9.802319e-01 8.650000e-01
9.667129e-01 8.660000e-01
9.531307e-01 8.670000e-01
9.394857e-01 8.680000e-01
9.257783e-01 8.690000e-01
9.120088e-01 8.700000e-01
8.981777e-01 8.710000e-01
8.842854e-01 8.720000e-01
8.703322e-01 8.730000e-01
8.563185e-01 8.740000e-01
8.422448e-01 8.750000e-01
8.281115e-01 8.760000e-01
8.139189e-01 8.770000e-01
7.996675e-01 8.780000e-01
7.853577e-01 8.790000e-01
7.709898e-01 8.800000e-01
7.565644e-01 8.810000e-01
7.420819e-01 8.820000e-01
7.275426e-01 8.830000e-01
7.129471e-01 8.840000e-01
6.982957e-01 8.850000e-01
6.835889e-01 8.860000e-01
6.688271e-01 8.870000e-01
6.540108e-01 8.880000e-01
6.391404e-01 8.890000e-01
6.242163e-01 8.900000e-01
6.092391e-01 8.910000e-01
5.942091e-01 8.920000e-01
5.791269e-01 8.930000e-01
5.639928e-01 8.940000e-01
5.488074e-01 8.950000e-01
5.335711e-01 8.960000e-01
5.182845e-01 8.970000e-01
5.029478e-01 8.980000e-01
4.875617e-01 8.990000e-01
4.721267e-01 9.000000e-01
4.566431e-01 9.010000e-01
4.411115e-01 9.020000e-01
4.255323e-01 9.030000e-01
4.099061e-01 9.040000e-01
3.942334e-01 9.050000e-01
3.785146e-01 9.060000e-01
3.627502e-01 9.070000e-01
3.469407e-01 9.080000e-01
3.310867e-01 9.090000e-01
3.151887e-01 9.100000e-01
2.992470e-01 9.110000e-01
2.832624e-01 9.120000e-01
2.672352e-01 9.130000e-01
2.511660e-01 9.140000e-01
2.350552e-01 9.150000e-01
2.189035e-01 9.160000e-01
2.027114e-01 9.170000e-01
1.864793e-01 9.180000e-01
1.702077e-01 9.190000e-01
1.538973e-01 9.200000e-01
1.375486e-01 9.210000e-01
1.211620e-01 9.220000e-01
1.047381e-01 9.230000e-01
8.827748e-02 9.240000e-01
7.178064e-02 9.250000e-01
5.524812e-02 9.260000e-01
3.868046e-02 9.270000e-01
2.207822e-02 9.280000e-01
5.441938e-03 9.290000e-01
-1.122784e-02 9.300000e-01
-2.793056e-02 9.310000e-01
-4.466568e-02 9.320000e-01
-6.143264e-02 9.330000e-01
-7.823088e-02 9.340000e-01
-9.505985e-02 9.350000e-01
-1.119190e-01 9.360000e-01
-1.288078e-01 9.370000e-01
-1.457256e-01 9.380000e-01
-1.626718e-01 9.390000e-01
-1.796461e-01 9.400000e-01
-1.966476e-01 9.410000e-01
-2.136760e-01 9.420000e-01
-2.307306e-01 9.430000e-01
-2.478108e-01 9.440000e-01
-2.649161e-01 9.450000e-01
-2.820460e-01 9.460000e-01
-2.991997e-01 9.470000e-01
-3.163769e-01 9.480000e-01
-3.335768e-01 9.490000e-01
-3.507989e-01 9.500000e-01
-3.680427e-01 9.510000e-01
-3.853075e-01 9.520000e-01
-4.025928e-01 9.530000e-01
-4.198980e-01 9.540000e-01
-4.372225e-01 9.550000e-01
-4.545658e-01 9.560000e-01
-4.719272e-01 9.570000e-01
-4.893062e-01 9.580000e-01
-5.067022e-01 9.590000e-01
-5.241146e-01 9.600000e-01
-5.415428e-01 9.610000e-01
-5.589863e-01 9.620000e-01
-5.764444e-01 9.630000e-01
-5.939166e-01 9.640000e-01
-6.114023e-01 9.650000e-01
-6.289008e-01 9.660000e-01
-6.464118e-01 9.670000e-01
-6.639344e-01 9.680000e-01
-6.814682e-01 9.690000e-01
-6.990126e-01 9.700000e-01
-7.165669e-01 9.710000e-01
-7.341307e-01 9.720000e-01
-7.517032e-01 9.730000e-01
-7.692840e-01 9.740000e-01
-7.868725e-01 9.750000e-01
-8.044680e-01 9.760000e-01
-8.220700e-01 9.770000e-01
-8.396778e-01 9.780000e-01
-8.572911e-01 9.790000e-01
-8.749090e-01 9.800000e-01
-8.925311e-01 9.810000e-01
-9.101568e-01 9.820000e-01
-9.277855e-01 9.830000e-01
-9.454167e-01 9.840000e-01
-9.630497e-01 9.850000e-01
-9.806839e-01 9.860000e-01
-9.983189e-01 9.870000e-01
-1.015954e+00 9.880000e-01
-1.033589e+00 9.890000e-01
-1.051222e+00 9.900000e-01
-1.068854e+00 9.910000e-01
-1.086484e+00 9.920000e-01
-1.104112e+00 9.930000e-01
-1.121736e+00 9.940000e-01
-1.139356e+00 9.950000e-01
-1.156972e+00 9.960000e-01
-1.174582e+00 9.970000e-01
-1.192188e+00 9.980000e-01
-1.209787e+00 9.990000e-01
