9 2 0 0 
2 4 1 0 
0 1 3 1 
0 0 1 2 


9.61176 0.783568 -5.55112e-17 -1.38778e-17 
0.783568 3.87787 0.77444 -5.55112e-17 
0 0.77444 3.08677 -0.544922 
0 0 -0.544922 1.4236 


9.70082 0.315215 7.97487e-17 -1.06147e-18 
0.315215 4.0628 0.58327 1.38778e-17 
0 0.58327 2.96013 0.242272 
0 0 0.242272 1.27625 


9.71534 0.1329 1.80359e-16 1.60037e-17 
0.1329 4.19066 0.407229 1.38778e-17 
0 0.407229 2.84719 -0.106107 
0 0 -0.106107 1.24681 


9.71794 0.0575605 2.37043e-16 -2.52605e-17 
0.0575605 4.25394 0.270611 -3.81639e-17 
0 0.270611 2.78711 0.0471225 
0 0 0.0471225 1.24101 


9.71843 0.0252446 2.73001e-16 3.01208e-17 
0.0252446 4.28184 0.175537 5.81132e-17 
0 0.175537 2.75988 -0.0211355 
0 0 -0.0211355 1.23985 


9.71853 0.0111316 2.957e-16 -3.25459e-17 
0.0111316 4.29356 0.112664 -7.16658e-17 
0 0.112664 2.74831 0.00952589 
0 0 0.00952589 1.23961 


9.71854 0.00491952 3.1024e-16 3.37051e-17 
0.00491952 4.29838 0.07199 8.07731e-17 
0 0.07199 2.74351 -0.00430256 
0 0 -0.00430256 1.23957 


9.71855 0.00217614 3.19502e-16 -3.42474e-17 
0.00217614 4.30035 0.0459157 -8.6682e-17 
0 0.0459157 2.74154 0.00194508 
0 0 0.00194508 1.23956 


9.71855 0.000962974 3.2539e-16 3.44977e-17 
0.000962974 4.30116 0.0292634 9.05038e-17 
0 0.0292634 2.74074 -0.000879652 
0 0 -0.000879652 1.23955 


9.71855 0.000426195 3.29137e-16 -3.46124e-17 
0.000426195 4.30148 0.0186448 -9.29712e-17 
0 0.0186448 2.74042 0.000397877 
0 0 0.000397877 1.23955 


9.71855 0.000188638 3.31525e-16 3.46646e-17 
0.000188638 4.30161 0.0118777 9.45589e-17 
0 0.0118777 2.74028 -0.000179976 
0 0 -0.000179976 1.23955 


9.71855 8.34951e-05 3.33045e-16 -3.46883e-17 
8.34951e-05 4.30167 0.00756641 -9.5577e-17 
0 0.00756641 2.74023 8.14125e-05 
0 0 8.14125e-05 1.23955 


9.71855 3.6957e-05 3.34014e-16 3.4699e-17 
3.6957e-05 4.30169 0.00481988 9.62288e-17 
0 0.00481988 2.74021 -3.68274e-05 
0 0 -3.68274e-05 1.23955 


9.71855 1.63582e-05 3.34632e-16 -3.47039e-17 
1.63582e-05 4.3017 0.00307029 -9.66456e-17 
0 0.00307029 2.7402 1.66592e-05 
0 0 1.66592e-05 1.23955 


9.71855 7.24059e-06 3.35025e-16 3.47061e-17 
7.24059e-06 4.3017 0.00195579 9.69117e-17 
0 0.00195579 2.7402 -7.53594e-06 
0 0 -7.53594e-06 1.23955 


9.71855 3.20489e-06 3.35275e-16 -3.47071e-17 
3.20489e-06 4.3017 0.00124584 -9.70816e-17 
0 0.00124584 2.7402 3.40895e-06 
0 0 3.40895e-06 1.23955 


9.71855 1.41857e-06 3.35435e-16 3.47075e-17 
1.41857e-06 4.3017 0.000793603 9.71899e-17 
0 0.000793603 2.74019 -1.54207e-06 
0 0 -1.54207e-06 1.23955 


9.71855 6.27901e-07 3.35537e-16 -3.47077e-17 
6.27901e-07 4.3017 0.000505527 -9.7259e-17 
0 0.000505527 2.74019 6.9757e-07 
0 0 6.9757e-07 1.23955 


9.71855 2.77927e-07 3.35602e-16 3.47078e-17 
2.77927e-07 4.3017 0.000322022 9.7303e-17 
0 0.000322022 2.74019 -3.15552e-07 
0 0 -3.15552e-07 1.23955 


9.71855 1.23018e-07 3.35643e-16 -3.47079e-17 
1.23018e-07 4.3017 0.000205128 -9.73311e-17 
0 0.000205128 2.74019 1.42743e-07 
0 0 1.42743e-07 1.23955 


9.71855 5.44514e-08 3.35669e-16 3.47079e-17 
5.44514e-08 4.3017 0.000130667 9.7349e-17 
0 0.000130667 2.74019 -6.45712e-08 
0 0 -6.45712e-08 1.23955 


9.71855 2.41017e-08 3.35686e-16 -3.47079e-17 
2.41017e-08 4.3017 8.32352e-05 -9.73603e-17 
0 8.32352e-05 2.74019 2.92094e-08 
0 0 2.92094e-08 1.23955 


9.71855 1.06681e-08 3.35697e-16 3.47079e-17 
1.06681e-08 4.3017 5.3021e-05 9.73676e-17 
0 5.3021e-05 2.74019 -1.32131e-08 
0 0 -1.32131e-08 1.23955 


9.71855 4.72201e-09 3.35703e-16 -3.47079e-17 
4.72201e-09 4.3017 3.37745e-05 -9.73722e-17 
0 3.37745e-05 2.74019 5.97709e-09 
0 0 5.97709e-09 1.23955 


9.71855 2.09009e-09 3.35708e-16 3.47079e-17 
2.09009e-09 4.3017 2.15144e-05 9.73752e-17 
0 2.15144e-05 2.74019 -2.70379e-09 
0 0 -2.70379e-09 1.23955 


9.71855 9.25134e-10 3.35711e-16 -3.47079e-17 
9.25135e-10 4.3017 1.37047e-05 -9.7377e-17 
0 1.37047e-05 2.74019 1.22309e-09 
0 0 1.22309e-09 1.23955 


9.71855 4.0949e-10 3.35712e-16 3.47079e-17 
4.09491e-10 4.3017 8.72993e-06 9.73782e-17 
0 8.72993e-06 2.74019 -5.53274e-10 
0 0 -5.53275e-10 1.23955 


9.71855 1.81252e-10 3.35713e-16 -3.47079e-17 
1.81252e-10 4.3017 5.56098e-06 -9.7379e-17 
0 5.56098e-06 2.74019 2.50279e-10 
0 0 2.50279e-10 1.23955 


9.71855 8.02268e-11 3.35714e-16 3.47079e-17 
8.02274e-11 4.3017 3.54236e-06 9.73795e-17 
0 3.54236e-06 2.74019 -1.13216e-10 
0 0 -1.13216e-10 1.23955 


9.71855 3.55104e-11 3.35715e-16 -3.47079e-17 
3.55109e-11 4.3017 2.25649e-06 -9.73798e-17 
0 2.25649e-06 2.74019 5.1214e-11 
0 0 5.12144e-11 1.23955 


9.71855 1.57176e-11 3.35715e-16 3.47079e-17 
1.57181e-11 4.3017 1.43739e-06 9.738e-17 
0 1.43739e-06 2.74019 -2.31669e-11 
0 0 -2.31673e-11 1.23955 


9.71855 6.95674e-12 3.35715e-16 -3.47079e-17 
6.95729e-12 4.3017 9.15618e-07 -9.73801e-17 
0 9.15618e-07 2.74019 1.04796e-11 
0 0 1.048e-11 1.23955 


