2.598059e-01 1
3.465757e-01 2
2.199337e-01 3
1.069929e-01 4
4.691096e-02 5
1.969068e-02 6
8.111102e-03 7
3.313689e-03 8
1.348786e-03 9
5.480875e-04 10
2.225484e-04 11
9.033264e-05 12
3.666000e-05 13
1.487668e-05 14
6.036746e-06 15
2.449582e-06 16
9.939787e-07 17
4.033298e-07 18
1.636601e-07 19
6.640864e-08 20
2.694674e-08 21
1.093422e-08 22
4.436794e-09 23
1.800324e-09 24
7.305196e-10 25
2.964238e-10 26
1.202798e-10 27
4.880585e-11 28
1.980371e-11 29
8.035350e-12 30
3.260059e-12 31
1.322498e-12 32
