3.017049e-01 1
4.238393e-01 2
2.389025e-01 3
1.110409e-01 4
4.776123e-02 5
1.986916e-02 6
8.148564e-03 7
3.321546e-03 8
1.350432e-03 9
5.484319e-04 10
2.226203e-04 11
9.034766e-05 12
3.666313e-05 13
1.487733e-05 14
6.036882e-06 15
2.449610e-06 16
9.939846e-07 17
4.033311e-07 18
1.636603e-07 19
6.640869e-08 20
2.694675e-08 21
1.093422e-08 22
4.436793e-09 23
1.800323e-09 24
7.305196e-10 25
2.964233e-10 26
1.202798e-10 27
4.880452e-11 28
1.980283e-11 29
8.035350e-12 30
3.260503e-12 31
1.322498e-12 32
