1.199962e-01 1.199962e-01 1.199962e-01 1.199962e-01 1.000000e-17
1.054251e-02 4.418432e-02 1.199962e-01 1.199962e-01 1.584893e-17
5.093557e-02 1.640528e-02 1.199962e-01 1.199962e-01 2.511886e-17
7.642188e-02 5.463473e-02 1.199962e-01 1.199962e-01 3.981072e-17
1.002210e-02 1.002210e-02 1.199962e-01 1.199962e-01 6.309573e-17
1.434483e-03 1.010810e-02 1.199962e-01 1.199962e-01 1.000000e-16
4.028569e-04 5.875540e-03 1.199962e-01 1.199962e-01 1.584893e-16
2.593165e-03 8.598646e-04 1.199962e-01 1.199962e-01 2.511886e-16
2.345594e-03 2.345594e-03 1.199962e-01 1.199962e-01 3.981072e-16
9.753028e-04 9.753028e-04 1.199962e-01 1.199962e-01 6.309573e-16
3.002402e-04 3.002402e-04 1.199962e-01 1.199962e-01 1.000000e-15
6.916796e-04 1.444113e-04 1.199962e-01 1.199962e-01 1.584893e-15
1.692587e-04 5.145616e-04 1.199962e-01 1.199962e-01 2.511886e-15
6.026229e-04 3.847515e-04 1.199962e-01 1.199962e-01 3.981072e-15
1.244378e-04 1.244378e-04 1.199962e-01 1.199962e-01 6.309573e-15
1.267678e-04 1.267678e-04 1.199962e-01 1.199962e-01 1.000000e-14
3.495767e-05 1.976916e-05 1.199962e-01 1.199962e-01 1.584893e-14
3.113753e-05 3.113753e-05 1.199962e-01 1.199962e-01 2.511886e-14
3.615722e-05 1.437008e-05 1.199962e-01 1.199962e-01 3.981072e-14
1.446371e-05 1.446371e-05 1.199962e-01 1.199962e-01 6.309573e-14
5.337187e-06 3.336430e-06 1.199962e-01 1.199962e-01 1.000000e-13
2.121573e-06 2.121573e-06 1.199962e-01 1.199962e-01 1.584893e-13
3.513295e-06 6.026533e-08 1.199962e-01 1.199962e-01 2.511886e-13
5.655224e-06 3.476509e-06 1.199962e-01 1.199962e-01 3.981072e-13
2.032401e-06 2.032401e-06 1.199962e-01 1.199962e-01 6.309573e-13
1.330167e-07 7.343450e-07 1.199962e-01 1.199962e-01 1.000000e-12
1.162037e-06 6.147683e-07 1.199962e-01 1.199962e-01 1.584893e-12
6.026533e-08 2.850376e-07 1.199962e-01 1.199962e-01 2.511886e-12
4.263096e-07 4.263096e-07 1.199962e-01 1.199962e-01 3.981072e-12
4.420156e-07 3.045480e-07 1.199962e-01 1.199962e-01 6.309573e-12
1.330167e-07 4.628056e-08 1.199962e-01 1.199962e-01 1.000000e-11
4.195361e-08 1.277322e-08 1.199962e-01 1.199962e-01 1.584893e-11
7.785585e-08 7.785585e-08 1.199962e-01 1.199962e-01 2.511886e-11
3.414101e-08 1.235387e-08 1.199962e-01 1.199962e-01 3.981072e-11
5.710640e-08 4.335964e-08 1.199962e-01 1.199962e-01 6.309573e-11
2.310838e-08 2.310838e-08 1.199962e-01 1.199962e-01 1.000000e-10
1.277322e-08 1.277322e-08 1.199962e-01 1.199962e-01 1.584893e-10
5.016857e-09 5.016857e-09 1.199962e-01 1.199962e-01 2.511886e-10
3.639011e-09 1.460297e-09 1.199962e-01 1.199962e-01 3.981072e-10
2.119369e-09 7.446928e-10 1.199962e-01 1.199962e-01 6.309573e-10
1.177753e-09 3.103908e-10 1.199962e-01 1.199962e-01 1.000000e-09
7.333134e-10 1.860452e-10 1.199962e-01 1.199962e-01 1.584893e-09
8.732218e-10 5.079899e-10 1.199962e-01 1.199962e-01 2.511886e-09
2.025646e-09 3.709400e-10 1.199962e-01 1.199962e-01 3.981072e-09
3.654269e-09 5.735500e-11 1.199962e-01 1.199962e-01 6.309573e-09
5.934614e-09 5.018233e-11 6.626835e-02 6.626835e-02 1.000000e-08
9.380152e-09 8.758901e-11 2.471194e-03 2.471194e-03 1.584893e-08
1.509970e-08 4.449477e-11 2.831033e-02 2.831033e-02 2.511886e-08
2.385636e-08 2.234575e-11 3.027335e-03 8.669540e-03 3.981072e-08
3.782871e-08 2.368022e-12 1.912415e-03 1.912415e-03 6.309573e-08
5.998860e-08 1.053295e-11 1.038900e-02 1.038900e-02 1.000000e-07
9.507142e-08 5.498810e-12 3.405057e-03 3.405057e-03 1.584893e-07
1.507002e-07 6.511416e-12 2.356678e-03 2.356678e-03 2.511886e-07
2.388344e-07 3.798781e-12 1.651421e-03 1.651421e-03 3.981072e-07
3.785256e-07 3.813061e-13 4.363656e-04 4.363656e-04 6.309573e-07
5.999230e-07 9.919426e-13 1.444519e-04 1.444519e-04 1.000000e-06
9.508162e-07 2.710179e-12 7.083192e-04 4.145131e-04 1.584893e-06
1.506945e-06 6.856682e-12 1.320913e-04 3.174767e-04 2.511886e-06
2.388353e-06 1.621742e-11 1.385808e-05 1.385808e-05 3.981072e-06
3.785299e-06 3.983444e-11 1.411587e-04 1.411587e-04 6.309573e-06
5.999332e-06 1.001313e-10 4.181266e-05 4.181266e-05 1.000000e-05
9.508393e-06 2.508963e-10 5.559623e-05 5.559623e-05 1.584893e-05
1.507002e-05 6.303356e-10 2.085418e-05 2.085418e-05 2.511886e-05
2.388496e-05 1.583497e-09 3.724545e-05 2.153218e-06 3.981072e-05
3.785657e-05 3.977483e-09 3.596395e-05 8.322299e-06 6.309573e-05
6.000231e-05 9.991021e-09 6.994605e-05 9.685755e-08 1.000000e-04
9.510652e-05 2.509637e-08 9.672344e-05 2.309680e-07 1.584893e-04
1.507569e-04 6.303920e-08 1.506284e-04 4.693866e-07 2.511886e-04
2.389921e-04 1.583473e-07 2.431199e-04 3.330410e-06 3.981072e-04
3.789237e-04 3.977505e-07 3.798828e-04 5.364418e-07 6.309573e-04
6.009223e-04 9.991040e-07 6.007925e-04 1.020730e-06 1.000000e-03
9.533238e-04 2.509636e-06 9.534806e-04 2.264977e-06 1.584893e-03
1.513243e-03 6.303919e-06 1.513191e-03 6.303191e-06 2.511886e-03
2.404172e-03 1.583472e-05 2.404235e-03 1.579523e-05 3.981072e-03
3.825033e-03 3.977499e-05 3.824979e-03 3.968924e-05 6.309573e-03
6.099135e-03 9.991007e-05 6.099328e-03 1.000091e-04 1.000000e-02
9.759077e-03 2.509615e-04 9.759143e-03 2.509952e-04 1.584893e-02
1.569966e-02 6.303786e-04 1.569970e-02 6.304085e-04 2.511886e-02
2.546633e-02 1.583388e-03 2.546634e-02 1.583390e-03 3.981072e-02
4.182775e-02 3.976957e-03 4.182777e-02 3.976971e-03 6.309573e-02
6.997189e-02 9.987439e-03 6.997192e-02 9.987444e-03 1.000000e-01
1.201140e-01 2.507129e-02 1.201140e-01 2.507131e-02 1.584893e-01
2.132992e-01 6.284262e-02 2.132992e-01 6.284259e-02 2.511886e-01
3.932663e-01 1.564474e-01 3.932664e-01 1.564474e-01 3.981072e-01
7.276054e-01 3.735032e-01 7.276055e-01 3.735032e-01 6.309573e-01
8.596729e-01 6.187992e-01 8.596729e-01 6.187992e-01 1.000000e+00
